med: 7.679434068581806/desvio: 0.3204639882459414


Funcoes: 

1 : Expressao: (((0.19326875150871192+X1)*(Power[Abs[0.7907283855794648],X1])))
2 : Expressao: (((X1*0.7378954765557553)/(Power[Abs[X1],0.38331556927881827])))
3 : Expressao: (((0.6954545295997603*X1)/(Power[Abs[X1],0.16845071572832993])))
4 : Expressao: (((Power[Abs[0.9369561443639883],X1])*(0.6181260128201456*X1)))
5 : Expressao: (((0.6953519608277993*X1)*(Power[Abs[0.9246007021302997],X1])))
6 : Expressao: (((X1+0.22218512784892652)*(Power[Abs[0.7947549214046029],X1])))
7 : Expressao: (((X1*0.8229957919750304)/(Sqrt[Abs[X1]])))
8 : Expressao: (((0.7220320622777094*X1)*(Power[Abs[0.9216451646864777],X1])))
9 : Expressao: (((X1+0.18893090411644542)*(Power[Abs[0.8022762311915648],X1])))
10 : Expressao: (((Power[Abs[0.819254567205019],X1])*(X1*0.7269597172186456)))
11 : Expressao: (((X1*0.8007730764370776)/(Sqrt[Abs[X1]])))
12 : Expressao: (((X1*0.7602640845774873)/(Power[Abs[X1],0.3361147488977858])))
13 : Expressao: (((X1*0.6808491133016678)/(Sqrt[Abs[X1]])))
14 : Expressao: (((X1*0.6107936873369725)/(Power[Abs[X1],0.3656259308007582])))
15 : Expressao: (((X1*0.684329926187422)*(Power[Abs[0.8972960927432555],X1])))
16 : Expressao: (((0.8756803018231089*X1)/(Power[Abs[X1],0.3328422472122442])))
17 : Expressao: (((X1*0.7024207444019869)/(Sqrt[Abs[X1]])))
18 : Expressao: (((Power[Abs[0.8198840170673614],X1])*(X1+0.1994421078708687)))
19 : Expressao: (((0.7126785156774713*X1)/(Power[Abs[X1],0.3638228629783896])))
20 : Expressao: (((X1*0.722934788428945)/(Sqrt[Abs[X1]])))
21 : Expressao: (((X1*0.6455313066489246)/(Power[Abs[X1],0.23649275165970518])))
22 : Expressao: (((X1*0.7274971313589681)/(Sqrt[Abs[X1]])))
23 : Expressao: (((Power[Abs[0.9187163533049287],X1])*(0.629963361795081*X1)))
24 : Expressao: (((X1*0.6873287560887076)/(Power[Abs[X1],0.417258720611444])))
25 : Expressao: (((0.6210426627844711*X1)*(Power[Abs[0.8978239629791943],X1])))
26 : Expressao: (((0.7940307688028068*X1)/(Sqrt[Abs[X1]])))
27 : Expressao: (((0.8120847839041987*X1)/(Sqrt[Abs[X1]])))
28 : Expressao: (((X1*0.7736393069502451)/(Sqrt[Abs[X1]])))
29 : Expressao: (((0.7339979642517963*X1)/(Sqrt[Abs[X1]])))
30 : Expressao: (((0.8160362151378484*X1)*(Power[Abs[0.9001817415863939],X1])))
Erros: 

1 : 

x <- c(81.00380729069614, 3.2571187504609553, 7.958860742637943, 0.37074657177046777, 33.842470965858865, 38.25973155488549, 27.94202284924386, 74.57805847418759, 2.691646988828491, 4.33694576619127, 3.609918843279384, 6.474727092532727, 7.314065928838994, 124.95557821683407, 0.6452533603881481, 26.26804748404857, 26.780512322776172, 16.334443574602385, 0.5916072547026685, 9.731139053006775, 21.432628623749945, 39.2117600434182, 422.6259681691337, 169.7845021978406, 111.81662440810761, 16.891712719812073, 55.61087688414569, 2.1340649005928296, 13.648860114753058, 49.46999352810032, 3.7112960800312376, 90.00457125180067, 5.725152031320872, 0.3440212833827533, 343.385903236478, 991.1531900758441, 242.1717828240165, 50.038370735566026, 160.87256982537326, 77.48779857435694, 20.811053202865587, 11.002184752057438, 7.799826342966548, 47.169207208703085, 1.4446836719108267, 24.288475469325554, 1130.8154685146314, 42.63376787004097, 116.43044295786869, 72.21399846007614, 101.47145018408331, 601.476194296035, 417.76958717694106, 2.7985511945444745, 24.99228915489739, 94.97750716014626, 85.0321934355689, 90.42327601080694, 4.031857104945548, 26.34844389616054, 20.50645838590373, 10.563964914841916, 0.405515773233549, 20.053086019897496, 84.28981515491566, 2.6431667436867805, 38.40565486548651, 37.583149931469464, 0.19488148475996486, 4.313830061460146, 2.1309177976509437, 31.637678997754314, 13.97751273797681, 139.08701418920924, 233.46316809759503, 123.66679926338178, 4.8194408465122285, 73.24575404016934, 30.62224521019467, 191.80281250820292, 1.4861996372779158, 1.756247597208832, 31.02408135926209, 329.68316512266966, 15.871377771055313, 11.841145975117264, 54.727123693924376, 2.4346061120122, 19.691669165329685, 25.844128907020025, 104.37086867103037, 2.7412133628875153, 2.746080482123497, 3.996798155415352, 1.4442803889075468, 90.87287794714192, 9.18376202321377, 32.56512366244723, 91.69733420345109, 16.657803251149698, 0.0010266896533853204, 30.287441057765616, 95.79173367085052, 60.316882891378015, 0.053011559387638366, 7.217089004683703, 14.053349715195765, 348.4615605621022, 4.679678647290003, 55.350600039066705, 0.3321369489727389, 29.68625651773719, 17.49135079549655, 24.346508387903164, 0.5086151701746755, 28.339212725712873, 2.3155683451218403, 0.17893474247728164, 35.51740805397257, 6.387963001383461, 114.90020997361941, 5.599679551011348, 135.96410956120096, 81.76889856519063, 29.67869008528267, 81.83772716575956, 49.895178748702286, 17.463981591173653, 1.0335130364984422, 20.43913642321726, 36.665291303354124, 229.86866444785005, 1.963357749833255, 10.619260062144573, 46.50145730166631, 9.163095746943222, 8.959943309592036, 21.463245644362065, 1.8173556526131567, 8.758885682581708, 9.377994388605678, 9.971136779175334, 51.89481287974157, 171.2010365453869, 9.85597277326601, 18.808041403621335, 42.98628132069407, 30.891328387932422, 21.74497078077991) 

2 : 

