med: 708.9849715878925/desvio: 36.23258733915886


Funcoes: 

1 : Expressao: (((Power[Abs[0.8640581400138531],X0])*(0.6686603692934805*X1)))
2 : Expressao: ((1.0204303372581247-(Power[Abs[0.5816348249930026],X1])))
3 : Expressao: ((0.9786641547897764-(Power[Abs[0.5865656705456826],X1])))
4 : Expressao: ((1.0-(Power[Abs[0.562496839097355],X1])))
5 : Expressao: ((0.9916501813861829-(Power[Abs[0.5670479585684298],X1])))
6 : Expressao: ((1.0418026281884316-(Power[Abs[0.5289723892046363],X1])))
7 : Expressao: (((Power[Abs[0.8146723390916987],X1])*(X1*0.7112711551707334)))
8 : Expressao: (((0.5756543190803675*X1)*(Power[Abs[0.8261922934144946],X0])))
9 : Expressao: (((Power[Abs[0.6923481633288092],X0])*(X1*0.56684164928865)))
10 : Expressao: ((0.9787011089628301-(Power[Abs[0.5712791126456236],X1])))
11 : Expressao: (((Power[Abs[0.8114491831392959],X1])*(0.6333625518574626*X1)))
12 : Expressao: ((1.0-(Power[Abs[0.5454069573732226],X1])))
13 : Expressao: (((X1-0.05407579737130075)*0.7042530447587908))
14 : Expressao: ((1.0-(Power[Abs[0.5720329635172807],X1])))
15 : Expressao: (((X1*0.6999004241129902)*(Power[Abs[0.914985000212027],X0])))
16 : Expressao: (((X1*0.7216294637540551)*(Power[Abs[0.8770154191028868],X1])))
17 : Expressao: (((Power[Abs[0.779424288496303],X0])*(X1*0.5481892720812284)))
18 : Expressao: ((1.0-(Power[Abs[0.5667798108010137],X1])))
19 : Expressao: (((Power[Abs[0.8955347321582388],X1])*(0.6777374133130023*X1)))
20 : Expressao: (((X1-0.07828301466218512)*0.7262341479084117))
21 : Expressao: ((1.0-(Power[Abs[0.5686707385947476],X1])))
22 : Expressao: ((0.733965217310876*(X1-0.07460671356819604)))
23 : Expressao: (((Power[Abs[0.786027173118788],X0])*(X1*0.6585498491376925)))
24 : Expressao: ((1.0-(Power[Abs[0.5740131673443407],X1])))
25 : Expressao: (((0.7007359338121262*X1)*(Power[Abs[0.9720429210033275],X1])))
26 : Expressao: (((X0*0.16824556919779798)+(0.6242763610889732*X1)))
27 : Expressao: (((0.6642547565042516*X1)+(X0*0.15598272201179242)))
28 : Expressao: (((X1-0.14399506498043046)*0.6953341871516587))
29 : Expressao: ((0.9907185925353768-(Power[Abs[0.5727969144378643],X1])))
30 : Expressao: (((Power[Abs[0.8871385091818631],X1])*(X1*0.7708209292027511)))
Erros: 

1 : 

x <- c(91466.136278029, 748726.8072813455, 20040.77297985234, 53035.9229968443, 512.2414821993066, 280681.45835805184, 371734.5593828757, 1890819.2257414514, 97.7991260404915, 468990.8988906495, 111360.9813686446, 50511.88621671678, 60113.502731026216, 1096260.9848761673, 723460.8369971982, 338882.926419462, 105855.93591518214, 189932.42475256723, 193794.26871864425, 1253053.2918845576, 165137.4873521378, 237896.4256197091, 191003.32173294187, 5082.1637804447955, 481350.68581326515, 2005681.4304782494, 5031.024827621682, 301263.32984275825, 1727.901680224812, 384702.77011707035, 227276.33724008666, 1067543.347425457, 115289.29870918888, 535347.3705296436, 187023.23802260956, 150238.14246743362, 1320571.5026192951, 1861745.2280215176) 

2 : 

x <- c(112312.36919061237, 884536.4421191642, 20111.037391667873, 68802.55660505843, 7536.920828422005, 309380.024244249, 565457.203248514, 1363005.697672956, 25057.208682930228, 372149.12930977123, 171415.57909631712, 105138.75959441824, 105567.95022711478, 1269931.1499267118, 1455659.559974324, 72272.01608810268, 92665.51037786163, 250169.078349876, 321981.52651813405, 944186.4700394636, 243637.5046845462, 240039.21646252234, 295052.0569093883, 45357.378731960314, 558233.0028372245, 2644604.239816074, 211835.9321052922, 352891.60002893367, 35052.02082863807, 443055.21947509394, 433269.84154851583, 747155.7340052465, 152794.60997905352, 543527.9480089215, 391694.151402712, 303940.7223897527, 1649897.6553069015, 3100714.8603358963) 

3 : 

x <- c(132613.0172946127, 941584.4205284499, 29813.36484921578, 85486.15822712508, 13634.670487218411, 342733.59822176694, 612197.9831874241, 1291984.0228047438, 29934.984859417083, 399640.98197755136, 196561.9435100742, 125612.90339571905, 126078.24343712171, 1338822.5159086317, 1530962.7631882052, 56735.38530130086, 110976.37041099074, 280713.30613425, 357445.84260817885, 885507.5126717138, 262029.45079065542, 267863.4493525791, 328555.29697691876, 59314.344406239274, 603992.2568229518, 2745692.946027533, 240664.1749785733, 390424.1868191011, 47522.6064620591, 484008.725901539, 474670.8391899322, 694852.0601632795, 169727.76016831413, 585251.2739171537, 430904.79274787614, 338802.1335274161, 1729787.143204224, 3209627.2134541664) 

4 : 

x <- c(116165.93952625219, 889306.3885048224, 19816.73060311655, 69691.62307887293, 7917.195622904587, 314950.8031159822, 565852.8136524996, 1365302.7294543805, 49227.720627209645, 413809.3498567641, 175199.04560950282, 106016.39287977839, 106460.2379327398, 1273021.2895878789, 1453743.1291170493, 72288.15254823797, 96916.03893468587, 253475.68592420666, 322397.6382163482, 945179.3391520852, 294303.9892633013, 251173.64593481953, 297166.35369077517, 45298.94651209697, 561089.0257746158, 2641739.2585048373, 213049.2425168285, 351833.7082070395, 34739.91479321626, 445278.4436180399, 432360.4194435677, 748757.1450914051, 183490.6269062656, 559296.045560095, 391495.5238082205, 303077.66846488614, 1648130.588599808, 3100368.4433822786) 

5 : 

x <- c(121145.88941779999, 904416.5826681493, 22367.171921419285, 74074.71870061624, 9417.328403548892, 323310.0403790455, 578720.199811682, 1344865.4177640104, 46219.987392244766, 414539.1246932709, 181536.67952073208, 111459.46203557723, 111911.4800149123, 1291704.3788621086, 1474827.3733885556, 67781.3707225329, 101286.94745090426, 261389.08283249117, 332100.65723295964, 928379.0585526276, 290765.8901473144, 257128.2535600043, 306080.6015675359, 49031.73911770088, 573325.3762091115, 2670287.0247289813, 220670.71151763134, 362303.1379376386, 38077.873660086894, 456262.22353101196, 443901.8976386638, 733660.9295941, 183090.80304792998, 568387.7880193818, 402332.04746988806, 312775.1387629072, 1670590.238541896, 3130491.4613452395) 

6 : 

x <- c(90067.02685126565, 804411.6834284996, 8014.657315959702, 46856.73056338827, 1783.0900243416168, 269610.00255745865, 493454.4575377402, 1487924.503712483, 85587.62499227292, 427699.3682979686, 141255.91255461227, 77021.29468229758, 77417.28196763717, 1166917.6204276881, 1334626.031921162, 100880.7125743475, 74369.40605878041, 210315.73340839442, 268518.5987208516, 1046665.6440480334, 340927.575245365, 221221.71711815955, 248019.4205758468, 26400.15682070056, 492648.3318926778, 2477668.9327748544, 172624.78596827408, 293618.6889341739, 18264.525045624054, 384064.8294834557, 367788.532439189, 840198.271347915, 200060.8349820953, 512528.1022703052, 330983.11091666605, 249337.64424966607, 1519582.6899730829, 2930570.7055032095) 

7 : 

x <- c(89854.93685137396, 762909.9939669665, 238.6283442621666, 33938.91228903904, 229.0508508660461, 264848.2388649828, 422274.9934501616, 1722621.3944238175, 81142.99171052512, 477960.48841886397, 135705.22939673637, 58187.94444644179, 58651.70896862619, 1090314.2720893598, 1056397.9261718185, 219216.89330192565, 77628.58125375978, 195267.27982603092, 218467.85999621355, 1195882.9839562715, 364193.082785554, 242427.43112771714, 219585.67283063947, 10346.960337186774, 451726.0613936122, 2216331.1776525932, 59408.64477361457, 207898.0606642916, 2732.271865138103, 344856.3222769041, 280732.90504101606, 1009480.453799365, 231689.3526426817, 541876.2999537592, 264257.56160208135, 175502.95158404997, 1336843.040223089, 2442394.022695535) 

8 : 

