med: 7.009072525359846/desvio: 0.005499639903126283


Funcoes: 

1 : Expressao: ((0.7431672948933762-(0.7478360812567355-X1)))
2 : Expressao: ((0.36121516727125863+(X1-0.3658975646079339)))
3 : Expressao: ((0.6411260690961379-(0.6439612222113917-X1)))
4 : Expressao: (((0.5443499393331671+X1)-0.5467079848689249))
5 : Expressao: ((0.358477039716952-(0.3608241128936607-X1)))
6 : Expressao: (((0.8085576143188055+X1)-0.8133623628498221))
7 : Expressao: (((X1-0.3036243229981582)+0.30031854472423386))
8 : Expressao: ((0.7927334256244074+(X1-0.80148511094453)))
9 : Expressao: (((X1-0.06219560053215767)+0.05974093940004511))
10 : Expressao: (((X1+0.8214847053722918)-0.8254094406366852))
11 : Expressao: (((X1+0.8082722799167411)-0.8111975322398746))
12 : Expressao: ((0.6017879276521195+(X1-0.6044416632663352)))
13 : Expressao: ((0.7176755072567951+(X1-0.7238940970397351)))
14 : Expressao: (((X0-0.0013313505432165362)*(X1/X0)))
15 : Expressao: (((X1-0.048613253750574126)+0.04316211277138432))
16 : Expressao: (((0.8695416351634867+X1)-0.8723270326735525))
17 : Expressao: ((-0.3967602954563748+(X1+0.3940861613507527)))
18 : Expressao: (((X1-0.7235496978709451)+0.7205574901582888))
19 : Expressao: (((X1-0.6103378916401055)--0.6063479333210134))
20 : Expressao: (((0.016355592773573457+X1)-0.021951887471658216))
21 : Expressao: (((0.9939762013524128*X1)/0.9967445817453003))
22 : Expressao: ((0.5408351293901758*(X1/0.5434034660199485)))
23 : Expressao: (((0.8393893999098083+X1)-0.8436825731762285))
24 : Expressao: (((X0*0.9971217977554414)+(X1-X0)))
25 : Expressao: (((0.739448070401169+X1)-0.7439007921420268))
26 : Expressao: (((X1-0.5789837681046957)+0.5782891907402409))
27 : Expressao: (((X1+X1)-(0.0038796896879188525+X1)))
28 : Expressao: (((X1-X0)-(0.0033326664996979893-X0)))
29 : Expressao: ((0.9768919544473825-(0.9799207852954547-X1)))
30 : Expressao: (((X1+0.814388352194126)-0.8172227274122034))
Erros: 

1 : 

x <- c(1.9410107885969632, 92.2905748752053, 70.44583364257349, 2.5818009940355973, 54.659430377719694, 129.80504343713486, 0.15460752374317452, 112.5041716103515, 88.23223690742728, 0.15460752374317452, 21.22259119947423, 43.64978466976665, 88.23223690742728, 21.222591199474756, 0.36820425888938585, 11.51381731830454, 54.659430377718856, 1.9410107885968049, 0.36820425888938585, 11.513817318304154, 29.086623848012117, 0.36820425888945485, 268.73705976140377, 5.727414053450752, 2.58180099403578, 0.36820425888938585, 213.35855855093635, 2.5818009940355973, 6.795397729181809, 70.44583364257349, 74.07697814006005, 13.008994464328019, 29.086623848012117, 31.436187934620442, 5.72741405345048, 2.5818009940355973, 1.9410107885968049, 0.15460752374317452, 29.086623848012117, 54.659430377719694, 6.795397729181809, 31.436187934620442, 6.795397729182105, 31.436187934620442, 158.93136508064393, 29.086623848012117, 185.14496181579014, 21.22259119947423, 11.51381731830454, 158.93136508064393, 108.01864017228107, 0.36820425888938585, 88.23223690742728, 5.727414053450752, 0.1546075237431298, 40.87302711286518, 43.64978466976665, 6.795397729181809, 0.36820425888938585, 153.59144670198864, 92.29057487520637, 19.30022058315833, 31.436187934620442, 43.64978466976665, 21.22259119947423, 158.93136508064393, 108.01864017228107, 0.36820425888938585, 57.863381404912865, 207.16425323169622, 54.659430377719694, 31.43618793462108, 40.873027112865906, 29.086623848011506) 

2 : 

x <- c(1.9442061728611482, 92.26855153168363, 70.46507730815593, 2.578118543449098, 54.67638143168525, 129.831164937568, 0.15551029639046482, 112.47985565521294, 88.25377318462661, 0.15551029639046482, 21.212030914037047, 43.634639161095684, 88.25377318462661, 21.212030914037047, 0.36681441991978153, 11.521597925802515, 54.67638143168525, 1.9442061728611482, 0.36681441991978153, 11.521597925802515, 29.09898967874388, 0.36681441991978153, 268.7746443199214, 5.732902049331831, 2.578118543449098, 0.36681441991978153, 213.32507214933023, 2.578118543449098, 6.789422666978415, 70.46507730815593, 74.05724740815431, 13.000726790507732, 29.09898967874388, 31.423335037566364, 5.732902049331831, 2.578118543449098, 1.9442061728611482, 0.15551029639046482, 29.09898967874388, 54.67638143168525, 6.789422666978415, 31.423335037566364, 6.789422666978415, 31.423335037566364, 158.9024639022716, 29.09898967874388, 185.1137680258009, 21.212030914037047, 11.521597925802515, 158.9024639022716, 108.0424690610973, 0.36681441991978153, 88.25377318462661, 5.732902049331831, 0.15551029639046482, 40.88768555521457, 43.63463916109643, 6.789422666978415, 0.36681441991978153, 153.61986081403867, 92.26855153168363, 19.310293802273197, 31.423335037566364, 43.634639161095684, 21.212030914037047, 158.9024639022716, 108.0424690610973, 0.36681441991978153, 57.845943284625, 207.19725256698004, 54.67638143168525, 31.423335037566364, 40.88768555521457, 29.09898967874388) 

3 : 

x <- c(1.5345621045514404, 95.28152450132569, 67.87740421569487, 3.10191548548977, 52.39985534267436, 126.31005083475767, 0.05701323153081688, 115.80397562830396, 85.35495308871643, 0.057013231530789736, 22.66926886642824, 45.71417112038722, 85.35495308871538, 22.66926886642824, 0.57946435851028, 10.489659850592687, 52.39985534267436, 1.5345621045512994, 0.5794643585101934, 10.48965985059232, 27.444757596633337, 0.57946435851028, 263.69779519985894, 5.012110977571809, 3.10191548548977, 0.57946435851028, 217.89378013622314, 3.10191548548977, 7.624366612468947, 67.87740421569487, 76.7590733743462, 14.146817739448323, 27.444757596633934, 33.19171999340773, 5.012110977571809, 3.10191548548977, 1.5345621045512994, 0.05701323153081688, 27.444757596633934, 52.39985534267436, 7.62436661246926, 33.19171999340773, 7.62436661246926, 33.19171999340708, 162.84887788226416, 27.444757596633337, 189.37132900924365, 22.66926886642824, 10.489659850592687, 162.84887788226416, 104.83250196173589, 0.5794643585101934, 85.35495308871538, 5.012110977571809, 0.057013231530789736, 38.92230646965385, 45.71417112038722, 7.62436661246926, 0.57946435851028, 149.7875997077769, 95.28152450132569, 17.96720872361331, 33.19171999340773, 45.71417112038722, 22.66926886642824, 162.8488778822627, 104.83250196173589, 0.57946435851028, 60.23662224736759, 202.7426974538163, 52.39985534267436, 33.19171999340773, 38.92230646965314, 27.444757596633337) 

4 : 

x <- c(1.436624698925983, 96.06758311072795, 67.2169238914154, 3.2450679021446045, 51.81973829248833, 125.40848068819793, 0.039439099998788536, 116.67039751179965, 84.61410949034354, 0.03943909999876596, 23.053511105363363, 46.25913990750843, 84.61410949034249, 23.053511105363363, 0.6422535010716852, 10.230995896780371, 51.81973829248833, 1.4366246989258467, 0.6422535010715942, 10.230995896780009, 27.02536709463417, 0.6422535010716852, 262.3944086828321, 4.833810297852928, 3.2450679021446045, 0.6422535010716852, 219.08165511609255, 3.2450679021446045, 7.847882303217205, 67.2169238914154, 77.46476870965503, 14.45069670429001, 27.02536709463476, 33.65632550643628, 4.833810297852928, 3.2450679021446045, 1.4366246989258467, 0.039439099998788536, 27.02536709463476, 51.81973829248833, 7.847882303217524, 33.65632550643628, 7.847882303217524, 33.65632550643562, 163.8760263139467, 27.02536709463417, 190.47884071501963, 23.053511105363363, 10.230995896780009, 163.87602631394526, 104.01129508927073, 0.6422535010716852, 84.61410949034249, 4.833810297852928, 0.03943909999876596, 38.42255269356125, 46.2591399075092, 7.847882303217524, 0.6422535010716852, 148.80566628712373, 96.06758311072795, 17.628181495707565, 33.65632550643562, 46.2591399075092, 23.053511105363363, 163.8760263139467, 104.01129508926957, 0.6422535010715942, 60.86195430858212, 201.6000374849779, 51.81973829248833, 33.65632550643628, 38.42255269356125, 27.02536709463417) 

5 : 

