med: 1153.687734286725/desvio: 116.33423536575505


Funcoes: 

1 : Expressao: (((X0+X1)*0.4619988628578629))
2 : Expressao: (((X0*0.3961542484855638)+(X1*0.49417951489862133)))
3 : Expressao: (((0.449458609838262*X0)+(0.48815189120961666*X1)))
4 : Expressao: ((0.47130801094336633*(X0+X1)))
5 : Expressao: (((X0+X1)*0.4619671115401046))
6 : Expressao: (((X0+X1)*0.4732155340559919))
7 : Expressao: (((X1-0.03257742686282117)/(Power[Abs[X1],X1])))
8 : Expressao: ((0.45823370194400714*(X1+X0)))
9 : Expressao: (((0.4452605331474301*X0)+(X1*0.4826283358031316)))
10 : Expressao: (((X1+X0)*0.4560784159996958))
11 : Expressao: ((0.4684859775188324*(X0+X1)))
12 : Expressao: (((X1+X0)*0.4613685817956729))
13 : Expressao: (((0.3317913101262806*X0)+(X1*0.5850552609389281)))
14 : Expressao: (((X0+X1)*0.4675059764428179))
15 : Expressao: ((0.45970367779537435*(X1+X0)))
16 : Expressao: (((X1-0.1266457587501466)/(Power[Abs[X1],X1])))
17 : Expressao: (((X1+X0)*0.4750173773959899))
18 : Expressao: ((0.46354149555146407*(X0+X1)))
19 : Expressao: ((0.4630883474462607*(X0+X1)))
20 : Expressao: (((0.5027978730826332*X1)+(X0*0.4424449692010086)))
21 : Expressao: ((0.4613481932651471*(X1+X0)))
22 : Expressao: ((0.4509365152975173*(X1+X0)))
23 : Expressao: (((X0+X1)*0.4590379890149086))
24 : Expressao: ((0.47076024937157845*(X1+X0)))
25 : Expressao: ((0.46787805910007224*(X1+X0)))
26 : Expressao: (((X1+X0)*0.45628616215336687))
27 : Expressao: (((0.9598210774182713*X1)/(Power[Abs[X1],X1])))
28 : Expressao: ((0.46254318444240033*(X1+X0)))
29 : Expressao: (((X0*0.4098958712905947)+(X1*0.5250768210018126)))
30 : Expressao: (((X0+X1)*0.45185086298225124))
Erros: 

1 : 

x <- c(2701702.889808085, 546.9268641356651, 1449.7936381393533, 1129329.0419076819, 122115.54334311593, 382396.7331691911, 1459080.6527948559, 152089.9122540576, 1451.3626216662938, 2155610.554710595, 1525320.7054515053, 1314150.4404387006, 8055581.768187493, 65555.05321160915, 3753256.746497575, 389690.9176588193, 434773.3012556946, 290479.0094584447, 2646014.425085023, 162445.07515490637, 148336.42326756747, 221913.574298892, 1105353.7176526026, 1468952.683839678, 2667422.647649455, 4127.603286817488) 

2 : 

x <- c(2848729.0458303452, 3243.6931457123464, 5743.420781269825, 1208857.1001259915, 100209.55447339453, 535516.1247215654, 1519314.0725778642, 105199.8722592445, 9161.812642036548, 2358975.2538961647, 1420142.8815457292, 919005.2225008636, 8413214.39639298, 94457.5990504162, 3017589.2258988046, 545432.5585498502, 437886.15194484737, 426400.1558027723, 2616278.0606016964, 137979.54856576628, 64876.460511745914, 282798.7135562924, 1007147.678419993, 1203463.0314782558, 2816357.7519752635, 15057.621188732983) 

3 : 

x <- c(2685244.9208707307, 6103.189707546446, 1976.421648598465, 1071567.3528079565, 154754.92726687988, 369454.8188065473, 1350693.9622800134, 193447.6434027753, 3237.962287851656, 2052317.40704589, 1687541.3157716978, 1303429.8579754871, 7982425.079756845, 121413.4726469727, 3777984.15180268, 391967.49315324315, 492939.485117088, 297174.48813527793, 2519866.050589953, 206213.75270489085, 156759.81981438992, 200276.01642919256, 1175864.0879808525, 1451386.5299639069, 2689085.774717793, 13396.485115438441) 

4 : 

x <- c(2650901.3131311345, 2714.377023598845, 5416.759988178147, 1068317.147888508, 151201.50402959713, 336510.6444661545, 1367803.0399235466, 195730.57305873692, 7686.024271871814, 2030797.9563967257, 1667158.0978729113, 1426601.2556560654, 7908866.072128626, 93622.17341344572, 3985767.026357341, 353182.23848783644, 473755.05374418624, 262228.64465270116, 2566394.889451915, 199822.97188274903, 183392.05484343058, 192009.20233715346, 1182142.5837203227, 1533596.2466328773, 2642309.390142111, 7041.888868298049) 

5 : 

x <- c(2701876.987141532, 542.3557928983594, 1440.5817907377316, 1129540.0381976117, 122021.64968660561, 382558.25670937303, 1459397.0239840667, 151950.47112953963, 1438.5082135017838, 2156042.6301860334, 1524847.7201028569, 1313774.7955159054, 8056084.488295083, 65467.85839759655, 3752475.66483919, 389818.5123262996, 434643.2070717793, 290577.8373226811, 2646288.0698831347, 162324.20492174418, 148223.21372375346, 222019.27293503325, 1105096.2211047672, 1468734.5816627073, 2667508.5063254554, 4118.987437222105) 

6 : 

x <- c(2640551.163500975, 3362.0589194129243, 6541.169791552053, 1056024.4360551327, 157544.65732168301, 327470.1200184131, 1349463.4156053278, 205351.53973111324, 9570.306892088563, 2005682.2686967193, 1697000.0868618921, 1450213.1778540702, 7878969.239415605, 99989.12769220324, 4034272.889295929, 345922.9292632548, 481949.31469753676, 256618.2756238582, 2550230.3184580915, 207959.37666499263, 191033.85031737265, 186148.59946574728, 1198195.575553515, 1547014.0872564828, 2637178.1343505047, 7734.572344186294) 

7 : 

x <- c(2353158.152085893, 513860.74549353484, 265109.3195912553, 1987431.7472136877, 953356.2254163328, 1871398.1851920455, 6203380.999157685, 3540872.9615159133, 2597401.9834753154, 8579863.318997424, 1891405.2480841733, 4501.003126268294, 8455888.640587732, 4570799.534895842, 36918.57062030733, 922610.20060895, 9567.759525203981, 777730.0229724378, 3356937.8359732153, 1780284.3479884237, 467851.97928416904, 1041187.6077081807, 21996.828641621472, 720394.0320063136, 3791822.937780158, 459.02205195680045) 

8 : 

x <- c(2722386.948739944, 138.60760280834538, 562.1070380017046, 1154486.9801234754, 111233.12119849949, 401788.4285263099, 1496835.9381932928, 136000.437319244, 325.6747172918985, 2207149.148449507, 1469744.1042895517, 1269979.7547090268, 8115305.095331027, 55619.793709798556, 3661200.5548196426, 404967.05963738105, 419482.07924753043, 302315.48269274074, 2678562.6407222035, 148425.55852154773, 135213.00937874665, 234623.06856074554, 1075028.1710161413, 1443202.4004619068, 2677613.645186246, 3168.667848716067) 

9 : 

x <- c(2711166.4367744946, 3840.811114560481, 706.4887037250938, 1103711.4786281155, 138607.11321460674, 393407.7923989789, 1399123.7721376182, 169791.30895551946, 999.546054129165, 2117769.3369121873, 1610235.215064607, 1249829.813299932, 8058038.944250316, 102690.23050733203, 3663791.3230520035, 410758.60721525503, 470944.5289964144, 311684.41400197416, 2563239.235067749, 185330.37037270158, 139977.07023920017, 215925.764879219, 1135061.5145514663, 1420553.726249911, 2700919.4173166384, 10857.893813478891) 

10 : 

x <- c(2734262.5948612383, 26.269628915215662, 239.77001209988708, 1169012.8326450267, 105232.24173070585, 413104.6351729776, 1518665.1866852506, 127195.0826517188, 43.15304501283102, 2236925.335001066, 1438394.6364210206, 1245035.008321337, 8149591.708292042, 50299.7981732666, 3609019.359734503, 413843.73589958344, 410852.1410101781, 309197.3955718428, 2697283.7153791017, 140685.07400504753, 127974.293043703, 242057.61466314897, 1057858.7909598788, 1428564.6763125397, 2683456.0087650884, 2676.713319805488) 

11 : 

x <- c(2666250.692360683, 1883.1589613403262, 3947.6255636534934, 1086633.7306828657, 142056.33601052855, 350111.172873689, 1395162.1218631533, 181920.4249089437, 5276.8655858592665, 2068241.2992553718, 1623494.6879451384, 1392024.6805709703, 7953199.966225074, 84586.8719803666, 3914544.3984129964, 364060.0794031773, 461761.13588046946, 270640.0209577095, 2590402.7873709095, 188083.56628746437, 172372.68454449874, 200846.10321202385, 1158591.9793194856, 1513852.7729424334, 2649909.8343872074, 6076.703977516123) 

12 : 

x <- c(2705159.866777458, 459.77751454763126, 1272.4263823856222, 1133521.1213626575, 120258.45903292636, 385609.4451806014, 1465367.2109068735, 149333.89461510142, 1206.893371046518, 2164195.5908040507, 1515945.4096628476, 1306703.7291643934, 8065563.972692654, 63835.04512625959, 3737767.055220288, 392227.6493507735, 432194.5025140445, 292443.94163558405, 2651449.071585428, 160054.15124675087, 146097.23752075585, 224016.45872433833, 1100247.8821714441, 1464626.265642302, 2669127.247959129, 3958.2581290561484) 

13 : 

