med: 0.6896473393189565/desvio: 0.1666937987922913


Funcoes: 

1 : Expressao: (((Power[Abs[0.6549562687175667],X0])*(X1+0.3061859403286489)))
2 : Expressao: (((0.4298313713187085+X1)/(0.9845823258842434+X0)))
3 : Expressao: (((0.28401646884363785+X1)*(Power[Abs[0.6265711055470702],X0])))
4 : Expressao: (((Power[Abs[0.6506232724710361],X0])*(0.28877572583892397+X1)))
5 : Expressao: (((0.3619068026810516+X1)*(Power[Abs[0.7698923146280752],X0])))
6 : Expressao: (((X1+0.28672203501536775)*(Power[Abs[0.4988447219586899],X0])))
7 : Expressao: (((Power[Abs[0.4816362192335929],X0])*(X1+0.3998575476924451)))
8 : Expressao: (((Power[Abs[0.26905594609184236],X0])*(X1+0.28461519160531157)))
9 : Expressao: (((X1+0.3668797507116567)*(Power[Abs[0.44161294636614257],X0])))
10 : Expressao: (((0.4268217037136802+X1)*(Power[Abs[0.5990731606195031],X0])))
11 : Expressao: (((Power[Abs[0.5188788481074291],X0])*(0.4986413218440886+X1)))
12 : Expressao: (((Power[Abs[0.38583152891181305],X0])*(X1+0.28253731578408925)))
13 : Expressao: (((Power[Abs[0.3516699652785006],X0])*(0.325202016097481+X1)))
14 : Expressao: (((Power[Abs[0.6661426507180309],X0])*(X1+0.23656927772034142)))
15 : Expressao: (((Sin[X0])/(X0/X1)))
16 : Expressao: (((0.42345622149093376+X1)*(Power[Abs[0.3351361153730431],X0])))
17 : Expressao: (((X1+0.3769768646529428)*(Power[Abs[0.4973592124970141],X0])))
18 : Expressao: (((X1/X0)*(Sin[X0])))
19 : Expressao: (((0.284270789892867+X1)*(Power[Abs[0.5754643791656062],X0])))
20 : Expressao: (((Power[Abs[0.37719814498736803],X0])*(X1+0.5275774414950397)))
21 : Expressao: (((Power[Abs[0.7361601497841853],X0])*(X1+0.26991669975997046)))
22 : Expressao: (((0.538927701443923+X1)*(Power[Abs[0.452141384939478],X0])))
23 : Expressao: (((Power[Abs[0.5544244174470653],X0])*(X1+0.29121747371515605)))
24 : Expressao: (((Power[Abs[0.5130569071387613],X0])*(0.4403313311532371+X1)))
25 : Expressao: (((0.026000510349711403+X1)*(Power[Abs[0.6932097986257562],X0])))
26 : Expressao: (((X1+0.10181438512529062)*(Power[Abs[0.6581930176759796],X0])))
27 : Expressao: (((X1+0.5356906082351917)/(X0+0.9805564992744235)))
28 : Expressao: (((0.27271528621136654+X1)*(Power[Abs[0.2480287158870934],X0])))
29 : Expressao: (((Power[Abs[0.5712654569748512],X0])*(X1+0.37239018131021084)))
30 : Expressao: (((Power[Abs[0.4911329020402051],X0])*(X1+0.23131366648560392)))
Erros: 

1 : 

x <- c(0.955462908623987, 0.12245643747992543, 0.0013746634599361902, 0.07799739620332685, 0.1507455323220793, 0.0872601028597677, 0.03496042903528378, 0.06799156212525596, 6.438977755872956, 8.873928976341078, 0.16090586597020548, 3.493397948663225, 0.27496832694755147, 0.021627959655419783, 0.18465302342775303, 0.44895558080510645, 0.339565140931743, 0.1543935129173615, 0.04897791289241598, 0.4827809733243059, 3.222277418102055, 0.5712703961520438, 0.021974584047385552, 0.015993608687151772, 1.6848355026929946, 0.4456340306540612, 0.0031343485169173626, 0.2550087886313489, 0.2360607917216574, 0.27328396207398675, 0.0021021094644578706, 0.20301980478198206, 0.16945020765456678, 0.01974966882951616, 1.8420231240966764E-4, 0.04213893933185701, 0.03137793202965826, 0.015990742499358238, 0.00856237861593468, 0.012898625362780877, 0.00856237861593468, 0.008755740752706631, 0.006228044423312025, 2.866611181012777E-5, 0.02676548174051322, 1.033414549781458, 0.49289827173269646, 0.0397411639149591, 0.0016602607441294176, 0.03229621550496874, 0.0023856337525435963, 0.018698782967422223, 0.05625850161178698, 0.016783331123962627, 0.20148359455524895, 0.10714667069996656, 0.18015354129262556, 0.5796123684604735, 0.048598699845564794, 2.541110020290296, 0.047746088520641536, 0.34718096036604723, 0.29973053295066626, 0.2508501089800766, 0.2297842704670299, 0.24511504458984137, 0.11001839244402793, 0.040563627162952726, 0.02607262264331902, 0.06915629959257888, 0.531009119106527, 0.2942247281194737, 0.1527632437254751, 0.24483836207656742, 0.2554901878150365, 0.12989765554319654, 0.2148170520490524, 0.0867473734829596, 0.2606637493229611, 0.04275227941358285, 0.09488887699405744, 0.10951417021711296, 0.44100399646507116, 0.2436744614945629, 0.12833698434160057, 0.28778360518974494, 0.4119380293097797, 0.09663201790968785, 0.06238039479378658, 0.09026821725812371, 0.37556440329489155, 0.009330091669567643, 0.11884545424502865, 0.2237824191378041, 0.237575816792644, 0.25900901519600855, 0.3726547565404489, 0.23276957560680042, 0.18088002744081877, 0.16223242347645817, 0.16334763999477786, 0.2559072748219197, 0.28345626594300727, 0.005550016658281589, 0.053647836291418186, 0.3381130152726261, 0.0828551668888223, 0.12015568734902547, 0.23055817421993674, 0.34579591777044316, 0.3926649305085409, 0.10725748950915753, 0.08894738074167569, 0.3281672157594575, 0.5549153367316462, 0.11388593389170293, 0.03710611071006028, 0.2970343271853199, 0.31270705539121735, 0.20985899076199088, 0.1866911442304376, 0.2738680901156668, 0.44182878908365814, 0.20736473626802646, 0.008991545817190022, 0.41264023021204754, 0.23218120266435424, 0.007253609357757978, 0.0014135270054002026, 0.23423093096814682, 0.3163157393512392, 0.13111166844374555, 0.2672398254603037, 0.3007244959064194, 0.4469375293442641, 0.0367285323492813, 0.053597043227182686, 0.37647677361206483, 0.7507287589501037, 0.22915553783328807, 0.02363135249855368, 0.02178941205247848, 0.45223889367577824, 0.1294905660627278, 0.10169795029840417, 0.2787952194481328, 0.6275965455113717, 0.13693801821292284, 0.0010276275238467196) 

2 : 

