med: 50.7191003905832/desvio: 1.507359870202086


Funcoes: 

1 : Expressao: (((X1/0.8636529246115591)-(0.26445953710419523*X0)))
2 : Expressao: ((0.939551278223303+(X1-0.9108140125240687)))
3 : Expressao: (((X1-X0)+(X0*0.9286931486308859)))
4 : Expressao: (((0.04056198761941221+X1)/(Power[Abs[X0],0.1056054775392653])))
5 : Expressao: (((X1-X0)+(X0*0.9377946003991289)))
6 : Expressao: (((X1/0.6653103942633564)-(0.4957990266583545*X0)))
7 : Expressao: ((0.8107871497254169+(X1-0.7818993484084243)))
8 : Expressao: ((0.24942199486309732-(0.22507922268546776-X1)))
9 : Expressao: (((X1*0.9398730128415209)/(Power[Abs[X0],0.06333432890170299])))
10 : Expressao: (((X1-X0)+(X0*0.9790494777513394)))
11 : Expressao: (((0.8467861786872662+X1)-0.8178974765414706))
12 : Expressao: (((0.9406430907054868*X0)-(X0-X1)))
13 : Expressao: (((X1/0.8875693977624403)-(X0*0.1601877908088235)))
14 : Expressao: (((0.96280223913843*X0)+(X1-X0)))
15 : Expressao: (((0.9944952370076893+X1)-0.9620316372159383))
16 : Expressao: (((X1-X0)+(0.945132883536159*X0)))
17 : Expressao: (((X1-X0)+(X0*0.9092324449568584)))
18 : Expressao: ((0.9988020849355955*(0.02230963655012741+X1)))
19 : Expressao: (((X1/0.8225829099525018)-(0.3366446175851201*X0)))
20 : Expressao: (((0.003437561880685447+X1)/(Power[Abs[X0],0.14648590536716433])))
21 : Expressao: (((X1/0.9877565398713609)-(X0*0.0629596464260449)))
22 : Expressao: (((X0+X1)-(X0/0.9427619825007413)))
23 : Expressao: (((X1+0.01809332167578681)-(0.01582733667793923*X0)))
24 : Expressao: (((X0+X1)-(X0/0.9631548880968495)))
25 : Expressao: (((0.04813172345546923+X1)/(Power[Abs[X0],0.04420835550270408])))
26 : Expressao: ((0.7497062313021563+(X1-0.7239891429947318)))
27 : Expressao: (((X1-X0)+(X0*0.9299621893669406)))
28 : Expressao: (((0.9510878142439227*X0)+(X1-X0)))
29 : Expressao: (((X1*0.949412377523342)/(Power[Abs[X0],0.178783850496551])))
30 : Expressao: (((X0*0.9353928257864002)-(X0-X1)))
Erros: 

1 : 

x <- c(468.64870199260616, 6520.91551181639, 26.057210537084853, 824.3086366827837, 1859.7051951778221, 479.7512054943373, 242.9681965710103, 5675.6391326446565, 182.98719600457667, 1519.1955928609696, 3665.494024282879, 6836.144565117113, 377.70227968454924, 4789.0702957321455, 124.06152342460022, 278.407396760773, 4046.103022440189, 193.76047777611765, 213.24536111667422, 2178.581509763802, 2438.2756052191676, 366.84196766859384, 6484.085860317242, 9503.697033290937, 6.692841179155234, 3487.27007685578, 10.157245403919905, 1545.2746998921154, 5251.809508862353) 

2 : 

x <- c(111.35517341398977, 10909.281076152009, 2347.160636557843, 2750.7406679574265, 554.7200713653441, 382.3001027649274, 459.99542461065596, 3666.6047809191987, 180.83536181148943, 422.40509491503155, 2357.3448751179485, 5263.864686720449, 57.04019696367723, 9889.80603690253, 3534.005722906697, 2347.160636557843, 1564.399945767011, 73.14518911378141, 867.1554874098225, 602.8250635154483, 1486.294953616907, 57.04019696367723, 3546.4997887690947, 6981.019600371595, 378.2054089108643, 10291.596052602321, 2544.950652257635, 5542.4308406551345, 1486.294953616907) 

3 : 

x <- c(626.5644249516384, 7391.7947471589205, 839.6811021799259, 1614.371604081535, 1063.5391680112348, 630.9095295108829, 194.79233574703687, 4855.756040134794, 31.363004284148587, 1086.5837785280848, 3630.0988598454073, 7389.408051334362, 608.5902715666513, 5915.310665967677, 1305.1371152006, 1022.2176861476324, 2707.6076215007406, 317.76159826625826, 292.68149460621504, 1424.8922993508204, 2489.388033732937, 436.4071126101997, 5758.570724345976, 10134.372883169077, 4.674045448382437, 5422.017477814554, 565.2629629507472, 2999.022411915581, 3012.3903469988913) 

4 : 

x <- c(220.39579747326758, 8576.519213112566, 1732.3589795650996, 2872.524163358602, 422.7253312100084, 69.78953199474576, 889.8816281649259, 3158.0199953581446, 593.5923779491092, 389.15658817540407, 2169.7173918087155, 5516.047170477525, 372.3969935714895, 6055.939283380614, 2015.1822524584618, 1949.1766054977218, 1492.4194353071596, 3.13168142217963, 917.3940135453519, 610.9180167702713, 1289.5381996972608, 80.21005211355597, 4416.409242298612, 8962.362425013636, 31.60652939101086, 4661.113975766905, 817.1161466748135, 4060.6704900706472, 1762.6905671827537) 

5 : 

x <- c(558.0584940385248, 7725.220918328032, 962.3868394079603, 1706.111754656369, 1017.3325747203265, 617.4025680210573, 209.4638921164994, 4755.186006805711, 37.96827770954077, 1012.468178715353, 3504.314541373044, 7172.426710492979, 525.549274788465, 6296.030220413885, 1494.8483492631433, 1131.3123569839106, 2588.9281133890017, 291.8038644372623, 332.8034103845991, 1332.5102227992202, 2389.8629099041577, 385.2574152029301, 5511.667000803907, 9786.128222769512, 0.02439791681708089, 5889.691966124322, 715.0070078672134, 3230.301809048161, 2834.5617124247465) 

6 : 

x <- c(233.91213266292712, 12006.0780615684, 17.45382206989612, 743.1251557277467, 2609.018847570919, 84.67389314046933, 898.9152044774486, 5252.843631786661, 1818.474901942542, 790.6295833437649, 1527.7746448621617, 2384.0688202622914, 819.328726156522, 10707.45412390557, 94.66292867789429, 329.60240748199595, 4188.406784300712, 104.54124842317198, 1085.1672824586449, 1606.9847793473425, 734.9965948316527, 123.99347298470272, 3153.348905512235, 2906.917054791769, 3796.3909479417944, 8543.567243899503, 0.004164876350999466, 2401.894066417935, 5837.78968284867) 

7 : 

x <- c(110.97436019795204, 10913.053879771147, 2348.9108093702866, 2752.6353143989195, 553.8697188548953, 381.5942238835281, 460.7704004270148, 3664.4180473400415, 181.3213903697491, 421.6630976263699, 2355.59156242594, 5261.2445322541425, 56.76773896942667, 9893.398248485355, 3536.153198199027, 2348.9108093702866, 1562.971698740364, 72.83661271226846, 868.2194104842805, 601.938592597737, 1484.9028249975222, 56.76773896942667, 3544.3491735971998, 6978.002143425402, 378.9081479126984, 10295.260500999671, 2546.773061884603, 5545.1200920564, 1484.9028249975222) 

8 : 

x <- c(122.75947017093138, 10799.431396307142, 2296.3563714060315, 2695.7188731846823, 579.8313393903177, 403.1938411689684, 437.65948440013875, 3730.728197937798, 166.93448084283725, 444.3532157243057, 2408.8157032737504, 5340.640692601837, 65.2813465049207, 9785.22826908383, 3471.603251297321, 2296.3563714060315, 1606.3813322757146, 82.44072106025801, 836.3844879574403, 628.990713945655, 1527.2219577203773, 65.2813465049207, 3609.568823382454, 7069.393812710556, 357.97823351081337, 10184.909519973155, 2492.037622295357, 5464.212632967261, 1527.2219577203773) 

9 : 

x <- c(889.9847584534665, 6414.184051878843, 1091.1000886945094, 1946.9651868082422, 785.7095425565458, 461.51241563486906, 283.88805041509767, 4380.902142859659, 56.60099979383881, 978.3084942936081, 3611.824457744212, 7966.627090482513, 1187.1880780850986, 4390.275056740604, 1302.330669538924, 1173.1452609343658, 2321.0856577443933, 275.9411415797628, 305.0590475386284, 1261.181612065098, 2467.546220567207, 548.4390652832313, 6263.260092584323, 11950.109233443281, 380.24406045799145, 3455.1960051849355, 407.6663860807666, 2849.4212967361436, 2625.1864422454687) 

10 : 

x <- c(297.2546633562219, 9328.796645583267, 1623.4765752880671, 2153.738783043992, 820.7557582547137, 558.0111490223693, 282.64590919938655, 4312.520756663831, 75.81748565627426, 709.3438413159282, 2961.9722682234737, 6229.44245060478, 225.48759026492866, 8170.626182148971, 2516.13197557185, 1695.1591508562228, 2084.3297422576484, 188.01035395966068, 546.9723861278254, 952.5843657271382, 1964.1960899395353, 193.37312405688348, 4460.341541329914, 8283.956710643342, 113.71818491423318, 8252.11952044518, 1614.1419764055356, 4386.351569384237, 2096.3384256621316) 

11 : 

