med: 20.537854056985903/desvio: 0.07186586133195047


Funcoes: 

1 : Expressao: (((0.9253525013972946+X1)-0.9240936464438331))
2 : Expressao: ((0.3826823489590882-(0.37997491030466546-X1)))
3 : Expressao: ((0.26341097160205684+(X1-0.2609168503829078)))
4 : Expressao: (((0.565545745673115+X1)-0.5633767214241528))
5 : Expressao: ((0.09862886753804768*(X1/0.09870305919625622)))
6 : Expressao: ((0.7815239462662951+(X1-0.7802728341981718)))
7 : Expressao: ((X1*0.9997588311415011))
8 : Expressao: (((X1+0.003149863776308437)-0.0))
9 : Expressao: ((0.9974085264679616*X1))
10 : Expressao: ((0.8833097421699387+(X1-0.8810139345511948)))
11 : Expressao: ((0.0018960852667226913+X1))
12 : Expressao: (((X1-0.9766790055370307)+0.9796534295308243))
13 : Expressao: ((X1+0.0019953960524937697))
14 : Expressao: ((0.8527717229677255+(X1-0.8505273399171248)))
15 : Expressao: ((0.002267031914039319+X1))
16 : Expressao: ((0.7341432546311414+(X1-0.733725740955004)))
17 : Expressao: (((X1+0.4960618360863024)-0.4929551424730786))
18 : Expressao: ((0.7647845558461344+(X1-0.7622313083390968)))
19 : Expressao: ((0.45726469752156895+(X1-0.45430162604199165)))
20 : Expressao: (((X1/0.9980934436809898)*0.9964775474633959))
21 : Expressao: ((0.42627989273633027+(X1-0.42345846569265866)))
22 : Expressao: ((0.002493906780350663+X1))
23 : Expressao: (((X1+0.0381850218831955)-0.03749807742971072))
24 : Expressao: ((0.9021773694755987/(0.9028333254889239/X1)))
25 : Expressao: (((X1+0.7580969596676763)-0.7562160357645135))
26 : Expressao: ((0.8222435598437592-(0.8191285167067383-X1)))
27 : Expressao: ((0.7031925188816889+(X1-0.7009525883194344)))
28 : Expressao: ((0.179830048113128+(X1-0.17771654904973244)))
29 : Expressao: (((X0+0.002481298807832988)+(X1-X0)))
30 : Expressao: (((X1*X1)/(X1-0.001093726711977605)))
Erros: 

1 : 

x <- c(189.69974870156182, 3.0514737894843362, 358.4642895872793, 443.6564221621971, 26.799742929405074, 354.6876589499562, 580.1761894121772, 558.0533664775888, 59.18460595250073, 102.75566331832819, 0.21451087425808618, 720.5548729992969, 65.01443931058422, 260.7206620153939, 103.56821106340057, 581.926519664192, 2.6346262671714173, 288.55296466190254, 132.6377605233108, 22.722828542417744, 152.84755671534938, 41.17592302663607, 375.0747554936864, 31.732414823706833, 152.10666752415543, 228.1052361779185, 17.082955263905475, 82.14074568378709, 727.750263993626, 271.816117848503, 824.657290904257, 48.39771758510709, 0.009379305265661306, 71.11807266866956, 3.3373692796280063, 32.184667078634455, 12.580122317722976, 164.68982071075305, 135.09768999918046, 255.78094885006684, 359.980541842206, 194.9696469124731, 314.1101588757029, 287.0704399046111, 81.4172934288556, 652.9636377778726, 3.522553960967575, 327.3621922337914, 57.20128612398382, 182.33514598079807, 0.1625324918660846, 960.5755444480826, 6.435591754654654, 646.0161019358222, 2.443447884779348, 77.14377989928728, 605.807309787061, 39.27336898261578, 1666.0149837885285, 109.97395608770834, 24.73225261739455, 21.593185307201274, 808.4442001326913, 355.5806717440127, 2.7783782993400745, 711.6541559055827, 254.6209602263003, 337.9403210820184, 65.49912850177981, 499.66345738363225, 306.36037147360173, 409.7852509361726, 196.92938835859698, 61.20172578101589, 3.5980278335034828, 1.1812359957968102, 765.8034072890528, 62.8349004031017, 69.16994091755308, 458.95149245655244, 11.513488547737515, 556.3393425987776, 42.0312752409279, 3.8148073703276975, 587.424743456196, 2197.438767166916, 5094.654261023504, 78.02459521794853, 417.1051860833514, 33.60343297801991, 278.11721963759663, 2290.8814329639827, 370.68390762669895, 548.1757421392176, 53.921898721879245, 29.45066633610423, 1035.7553490321952, 179.91267840720914, 4.02743413245232, 349.57208076373036, 171.43066036778654, 579.0353412817971, 75.57091232570264, 21.03916368959279, 268.735471399352, 268.08014527188857, 259.3115425511175, 355.06442201369646, 71.45579879613423, 3.5087028604718897, 33.60343297801991, 691.8558675577674, 85.50417599047728, 780.8198100098223, 130.03190259707824, 20.009099430794066, 185.41851713958633, 522.2666105702328, 17.750659773761893, 2.9692569044914037, 120.19072779286856, 379.5932580925402, 2474.7487678758403, 24.372456458971516, 194.96964691247152, 1167.804398714866, 496.53891593750086, 67.78481139402956, 2.4748109485116876, 926.1768128790934, 82.57078501018795, 2603.73909571814, 287.74856603207445, 2841.619917187239, 5.184031411687529, 173.36585500752562, 3437.107167281829, 686.7988199009798, 192.0122036100183, 792.0370712844523, 35.96217170337753, 863.9574542509531, 410.19021399991345, 44.66453651556869, 104.92218720416328, 218.2460550747627, 129.66028035182444, 241.5896109821268, 558.9986926050601, 114.12976200837286, 262.98612056926777, 1799.1888935913898, 460.6669447114789, 7.490330480015283, 1434.6555245257262, 162.48210368427408, 3399.25767150022, 133.24438548932343, 1.6722451640154103, 3.2646954070918857, 479.9099373057573, 1503.3574080315839, 1047.3736841793755, 69.60820509508379, 0.9276640608586849) 

2 : 

