med: 25444.125587138406/desvio: 858.1977676925642


Funcoes: 

1 : Expressao: (((0.9444982414618899*X0)+(X1-X0)))
2 : Expressao: (((0.8941686301375859*X1)/(Power[Abs[X0],0.09292103149855468])))
3 : Expressao: (((X1/0.8311024585198027)-(X0*0.30160485936370796)))
4 : Expressao: (((0.954579723910109*X0)+(X1-X0)))
5 : Expressao: (((X0*0.9515265456232523)-(X0-X1)))
6 : Expressao: (((5.484390646526283E-4+X1)*0.9521470874854774))
7 : Expressao: (((0.8958756277785374*X0)+(X1-X0)))
8 : Expressao: (((X1/0.6411596889059852)-(X0*0.5635730511056997)))
9 : Expressao: (((X1/0.6517399127774179)-(X0*0.5717588234171141)))
10 : Expressao: (((0.0225425326665033+X1)-(0.08063850818849227*X0)))
11 : Expressao: (((X1-X0)+(0.9374531432384632*X0)))
12 : Expressao: ((X1*0.9517915315123878))
13 : Expressao: (((X1-X0)+(0.9124765618759452*X0)))
14 : Expressao: (((X1/0.7536736431128791)-(0.3712175154041705*X0)))
15 : Expressao: (((X1+0.008717205045824405)/(Power[Abs[X0],0.20246372956472425])))
16 : Expressao: (((0.9380221639295252*X0)+(X1-X0)))
17 : Expressao: (((0.9482525206566061*X1)/0.9938610455548926))
18 : Expressao: (((X1/0.660437310903479)-(X0*0.6178810094855012)))
19 : Expressao: (((X1-X0)+(X0*0.9284556800960122)))
20 : Expressao: (((X0*0.9032982117492665)-(X0-X1)))
21 : Expressao: (((X1/0.9454879914684889)-(X0*0.13954089946594794)))
22 : Expressao: ((0.4760965124453196*(X1+X1)))
23 : Expressao: (((0.9010340988283433*X0)-(X0-X1)))
24 : Expressao: ((0.9422244530709333*(X1/0.9901562555882852)))
25 : Expressao: (((X1/0.631142295756768)-(0.6855157752080762*X0)))
26 : Expressao: ((0.9565131543649071*(X1-0.015249760401106482)))
27 : Expressao: (((0.9493337285076946*X1)-0.013630200739539152))
28 : Expressao: (((X1+X0)-(X0/0.9480894651350741)))
29 : Expressao: (((0.918509066810661*X0)+(X1-X0)))
30 : Expressao: (((X1+X0)-(X0/0.9165435971273347)))
Erros: 

1 : 

x <- c(1.4734564385500225E8, 2.2499038724193954E9, 1.459315104091198E9, 1.356620131120439E8, 6.248658950491817E8, 6.904881073160564E8, 3.162032937791336E8, 1.3075629900323844E9, 114595.82966761035, 3.948501815952573E8, 1.6210568772914037E8, 3.7133207901531535E8, 4.829048876459454E8, 1.3262254730200262E9, 1.8819421453271434E9, 1.2086667347183348E8, 1.966520324456155E9, 3.511551687453841E8, 9.042393345637727E7, 6.75626126662706E8, 2.977429449808426E8, 1.0448029215603685E8, 2.7985621632265106E7, 1.614018564678378E8, 4.2184620618804204E8, 1.0486655711050409E9, 1.0740149275805275E9, 6.522341408838856E8, 8.629850860758766E8, 4.895869305946525E8, 2.5140621583929658E8, 6.438187298819727E8, 4.55455590187233E8, 2.9828249573914975E8, 2.8844893200981375E7, 1.622974475428011E8, 1.772851031866339E8, 1.792314550865042E9, 1.2232253595656183E9, 1.0593305359064093E7, 5.086686801969946E8, 5.898913563277428E8, 7.95958543671428E7, 1.1051562302118995E9, 2.4034180004525563E8, 9.310496349315362E8, 2651710.087172811, 2.3064370736147404E8, 1.4546738535175154E8, 9.867108812188789E8, 1.2400808006753998E9, 1.1787593313058947E8, 8.030761667302152E8, 3.1215349434391844E8, 2.345299568013506E8, 1.984674200243285E9, 5.764351129666413E8, 8.600118424812727E8, 385696.1240314354, 4.850919523366684E8, 3.922804664807237E8, 2.390416579947388E9, 1.6611865209733193E9, 6.3620228226073615E7, 1.3430791302595549E9, 1.048275259699261E9, 6.178379172192497E7, 2.2029142371790004E9, 2.9884107549907565E8, 1.0632175619967904E9, 351980.6332681481, 1.8174776471118253E8, 2.5408314183650073E8, 1.8382468455513382E9, 2.009497904529652E9, 5.179537201145745E7, 1.5229350979666553E9, 9.327201514474734E8, 6.273818859208905E7, 8.698682393181674E8, 1.2424325954288684E8, 4.40439568692631E8, 326902.22056667344, 8.997005627886653E7, 7.643347152473657E8, 9.570455306246356E8, 2.4046844064648685E9, 1770622.3958857218, 1.4954804191343656E9, 4.3003220466755235E8, 4.002338691921115E7, 3.794307440968192E8, 5.854576920528289E8, 6.501756945116781E8, 1.0674919835930043E8, 2.7411770152816373E8, 1.992761356256494E8, 1.1333928710032616E9) 

2 : 

x <- c(1.4124503923704678E8, 2.243687991362466E9, 1.726738119336914E9, 5.206692981265335E8, 1.2742480225538087E8, 3.10625232929252E8, 2.0364699256550744E8, 1.3601097349017854E9, 5507381.531951686, 2.4349145580191126E8, 2.0040984425187683E8, 3.0275603276214296E8, 4.87429352665761E8, 1.3900732118818314E9, 2.34524360247014E9, 5.398472751120638E8, 8.679469709313046E8, 1.5338092393029514E8, 4.68643515828257E7, 7.273716801323813E8, 3.868460556499929E8, 2.5247551220292225E7, 1765362.2419674995, 1.0173702885526825E8, 4.5526128859860116E8, 1.1653527990925682E9, 1.4726150443177326E9, 1.3343414880377429E9, 1.9678156604592174E8, 1.5227343993635216E8, 1.1835148063779794E8, 7.518430314898165E8, 6.264881532147012E8, 1.0875186494541854E8, 677321.4107867203, 9.45851290507933E7, 2.074426066427986E8, 1.9289232362588112E9, 1.6560394737909236E9, 8.202479880121464E7, 1.0959594476401813E8, 2.901749966091652E8, 3.838495966533842E7, 1.177167569971972E9, 3.4557111289731336E8, 5.873664606949718E8, 1.3713212526272202E7, 1.8631446039873028E8, 1.431987267065652E8, 9.933805243742179E8, 1.428686037235175E9, 3.585749530092311E8, 3.178637868807736E8, 1.4883602941396168E8, 1.725839392639922E8, 1.992085126705874E9, 6.753230537795944E8, 4.715356421114282E8, 9018119.764728036, 3.748953151520235E8, 3.909821802822056E8, 2.448799841801726E9, 2.1401660975936973E9, 4.6975322308163697E8, 4.444667023282205E8, 5.889671382894797E8, 3.2650124288381346E7, 2.272103552985814E9, 4.323949496402944E8, 5.899637256330734E8, 1.5847270979273979E7, 1.1882761784703945E8, 2.7970172373609376E8, 1.9615297742439444E9, 2.5591719252125516E9, 4.4130280906950253E8, 5.404388089835601E8, 5.1457642402731025E8, 3.265197609682435E7, 9.156727499946331E8, 1.8268880715514544E8, 2.6236135790245628E8, 6783133.024236343, 6.5117079488886155E7, 7.80594771416809E8, 1.0527590684192777E9, 3.0221087469409614E9, 1.474256927019961E8, 5.951255328097875E8, 2.0308514467476717E8, 1.454660564267067E7, 4.260197855833906E8, 6.977797345363722E8, 4.111625711552183E8, 1.6047232937131196E8, 1.9505644236317596E8, 2.2165696198510876E8, 1.2197637949659324E9) 

3 : 

