med: 0.5036173559341082/desvio: 0.02210335072139776


Funcoes: 

1 : Expressao: (((0.8196692499205105*X0)-(X0-X1)))
2 : Expressao: (((0.9243096884287164*X1)+(X1-X0)))
3 : Expressao: (((X1/0.9869375644017168)-(X0*0.11641018497851452)))
4 : Expressao: (((0.8407268218931876*X1)+(X1-X0)))
5 : Expressao: (((X1*0.9205476286562626)+(X1-X0)))
6 : Expressao: (((X1/0.7474674459892696)-(0.5731783068325731*X0)))
7 : Expressao: (((X1/0.6893943943564286)-(0.542657656185481*X0)))
8 : Expressao: (((X1/0.7531897906223084)-(X0*0.3552505345821404)))
9 : Expressao: (((X1-X0)+(0.9531594677806551*X1)))
10 : Expressao: (((0.93806211904929*X1)-(X0-X1)))
11 : Expressao: (((X1*0.9563521051843309)+(X1-X0)))
12 : Expressao: (((X1-X0)+(0.8510569329413263*X1)))
13 : Expressao: (((X1-X0)+(X1*0.9303908401941883)))
14 : Expressao: (((X1-X0)+(X0*0.8459694903671102)))
15 : Expressao: (((0.9180322665207185*X1)+(X1-X0)))
16 : Expressao: (((X1*0.9715008832706018)+(X1-X0)))
17 : Expressao: (((0.9544853475086569*X1)+(X1-X0)))
18 : Expressao: (((X1/0.5344100538366291)+(0.08126781730809118-X0)))
19 : Expressao: (((X1*0.8180516966927325)+(X1-X0)))
20 : Expressao: (((X1+X0)-(X0/0.9273607323266398)))
21 : Expressao: (((X1-X0)+(0.9203196851206422*X1)))
22 : Expressao: (((0.030188172920267986+X1)/(Power[Abs[X0],0.14341182142779318])))
23 : Expressao: (((X1-X0)+(X1*0.8532568866348405)))
24 : Expressao: (((X1-X0)+(0.9062547023161959*X0)))
25 : Expressao: (((0.8944441022784396*X1)-(X0-X1)))
26 : Expressao: (((X1*0.8394675952238909)-(X0-X1)))
27 : Expressao: (((0.9880423975205355*X1)-(X0-X1)))
28 : Expressao: (((0.8800541974087012*X1)-(X0-X1)))
29 : Expressao: (((X1-X0)+(0.9279507359283607*X1)))
30 : Expressao: (((X1/0.7881877043068517)-(X0*0.22101849342048474)))
Erros: 

1 : 

x <- c(0.08977964737280382, 0.009884544804919623, 1.2629068929925598, 0.7493393124972936, 2.081374124502179, 0.012760442039424644, 0.01841997687664, 0.09044227743050248, 0.026303275004107722, 0.4462499222791462, 0.23583416531551699, 0.16637661990986327, 0.36332436954671044, 0.01570836048805847, 0.12108364640952386, 0.22272616924212602, 0.0072204473820787155, 0.06849360733760489, 0.004685485736808332, 0.01997563790846298, 0.15391434429335424, 0.0929401573867011, 0.04013517703614971, 0.31923717483325265, 0.582811696679162, 0.43095488202151866, 0.05647344025343827, 0.6144002439153416, 0.005130198043566717, 0.028520235811753558, 0.2493540855435488, 0.10372187375195922, 0.38157294681626197, 0.6114142811170943, 0.602196540357974, 0.7182121805948581, 0.38168097184871547, 0.11784124046487633, 0.002333818076070195, 0.25182170906150664, 0.019848803787782962, 0.13840575905588148, 0.16274854204854908, 0.334343811910789, 0.4944799545295108, 1.5187866141689967, 0.7858361525911236, 0.3392218521958726, 0.03997489426790274, 0.11613768391354144, 0.24801868470697153, 0.05274140099136073, 0.06267339413158608, 0.04170119187699217, 0.13513012765458918, 0.12321980331384602, 0.1335325423930952, 0.4860999669899619, 0.20641039500755928, 0.0344672042127681, 0.04377766871287372, 0.04918852997391398, 0.11277730468027507, 0.2037448334483288, 0.28728445029589583, 0.025833761282900294, 3.3379407822983046E-5, 0.06029359843678312, 0.17669513742001444, 1.3393506423649224, 1.2145845726761173E-5, 0.44811383097160323, 0.14956348214306958, 7.825007951765557E-4, 0.018766048016518933, 0.9458475338204255, 0.45709583114322766, 0.02742332134139494, 0.200362190913257, 1.5644885893473052E-5, 0.124692889314976, 0.054911831359509146, 1.4574174258987535E-4, 0.21981493543235894, 0.09451565265680112, 0.42225594011375606, 0.01716785657724002, 0.6390218313572112, 0.12957273256545926, 0.552263062871621, 0.23011376379502146, 0.02974706789704826, 0.042836130259443696, 0.13524488750148844, 0.007863523232381174, 0.11561779460420857, 0.01923236796326694, 1.3875512561537289, 0.014346647465686755, 2.346208327155248, 1.5410054369292085, 0.8617296226646964, 1.2184938680298485, 0.14782356647056275, 0.02647687348291479, 0.060425780532514656, 9.118582635633799E-4, 0.3260005597665842, 0.5797263907983212, 0.08610638927069918, 0.16396639810975644, 1.3411378840175643, 0.5067485403723333, 0.42341276045632603, 0.23083928718925872, 0.05191636834165671, 5.418616032921999E-4, 0.0021980773093921977, 0.022195218395174368, 0.2039446769663007) 

2 : 

x <- c(0.0611672803719508, 0.050743088258514035, 1.430747304819804, 0.05797639761875966, 0.1973472233643393, 1.7159195339207616, 8.408799121032513E-4, 0.12942262277372044, 0.057690988651460356, 0.12978530215390183, 0.10286262857492182, 0.05966934546042968, 0.013698883027800987, 0.5130175159525198, 0.058267217246590966, 0.0015913666268346737, 0.22929703160039144, 0.0070716910141933285, 0.10026675508385753, 0.006354652354134913, 0.044694856298429106, 0.01247939488278174, 0.02068566670378723, 0.13008991952235457, 0.06923155222077039, 0.0024501481556543046, 0.6962605832515611, 0.24558544498061283, 0.7292891760635891, 0.21736293144402039, 0.172203786066709, 0.01934120524526181, 0.08032881615101503, 0.05009288594097661, 0.0038141024136865292, 0.024809985821467418, 0.008210341181125515, 0.013713816559806488, 0.03680626535928545, 0.055841194768783124, 0.33033479131070537, 0.5755950418609382, 0.040671161207996395, 0.0570276111607819, 0.03856015808555761, 0.3730258473318044, 0.042636949248087246, 0.043121859506144576, 0.041935586911579316, 0.1377460357868892, 0.2978895990423227, 0.20861925168623174, 0.06187046056383665, 0.38771786316501394, 0.09126928181123048, 0.0014197674737023982, 0.0016595630121343417, 0.14363730518121376, 0.022575493700916095, 0.044097498473354306, 0.08706090835319934, 0.3056667378081581, 0.13377843040463042, 0.0023838928728588354, 1.9366918630620738E-4, 0.19538218113443856, 0.047782169275050974, 0.04519129825880985, 0.01607389988144791, 0.46568689682798936, 1.3078752021140454, 0.6170101668997984, 1.208038534448552, 0.04033073100234449, 0.009111431933012327, 0.633853752320671, 0.07810211776761547, 0.3432727712316965, 0.07265357405437964, 0.10530913328832081, 0.07344627692707488, 0.05231828082586868, 0.13201659751175776, 0.33620973585731817, 0.008560966998218105, 0.10888056697676811, 0.2165265027898103, 0.45190366037759166, 0.08475814895757364, 0.1914028964467987, 0.010075961436928134, 0.03487570933216261, 0.05189663325409503, 7.845738094149476E-5, 0.21341679342066505, 0.36395149612554023, 0.007112377748945485, 1.1193204818873947, 1.3797731519268903, 2.4798146588424017, 0.0015499365799180901, 0.06355492041527516, 0.09853318709792476, 0.2043251273183835, 0.09446253050634251, 0.05105163544107929, 0.3867314092763953, 0.7193956819977971, 1.196584375389332, 1.1723083613523295, 0.1287773886069226, 0.6987515433052888, 0.11594286004866937, 0.002736574346337542, 0.0025746022378165694, 0.0076217129720979136, 1.6574402878738082E-4, 0.054200735946039816, 0.1005980553018758, 0.2371595173740339) 

3 : 

