med: 30.743911921336675/desvio: 5.7218106728080524


Funcoes: 

1 : Expressao: (((X1/0.8133053322418605)-(X0*0.5901493404279362)))
2 : Expressao: (((Sin[X1])-(X0-X1)))
3 : Expressao: (((X1/0.7787081488531586)-(0.6588094753023029*X0)))
4 : Expressao: (((Sin[X1])-(X0-X1)))
5 : Expressao: (((X1-X0)+(Sin[X1])))
6 : Expressao: (((Sin[X1])-(X0-X1)))
7 : Expressao: (((X1/0.7202138723236796)-(Sin[X0])))
8 : Expressao: (((X1/0.8422005200578124)-(0.48281445703532244*X0)))
9 : Expressao: (((X1/0.7295227803518319)-(Sin[X0])))
10 : Expressao: (((X1/0.7084510413272009)-(Sin[X0])))
11 : Expressao: (((Sin[X1])-(X0-X1)))
12 : Expressao: (((Sin[X1])+(X1-X0)))
13 : Expressao: (((X1-X0)+(Sin[X1])))
14 : Expressao: (((Sin[X1])+(X1-X0)))
15 : Expressao: (((X1/0.8157347734943987)-(0.6423973786127876*X0)))
16 : Expressao: (((X1-X0)+(Sin[X1])))
17 : Expressao: (((X1/0.6888016746161205)-(Sin[X0])))
18 : Expressao: (((X1-X0)+(Sin[X1])))
19 : Expressao: (((X1/0.6237387958752298)-(X0*0.8718881531377709)))
20 : Expressao: (((Sin[X1])-(X0-X1)))
21 : Expressao: (((X1/0.8564369436940373)-(X0*0.5799434023951423)))
22 : Expressao: (((X1/0.6526291174022782)-(X0*0.8392636054503767)))
23 : Expressao: (((X1-X0)+(Sin[X1])))
24 : Expressao: (((X1/0.7347423455310969)-(Sin[X0])))
25 : Expressao: (((Sin[X1])-(X0-X1)))
26 : Expressao: (((Sin[X1])-(X0-X1)))
27 : Expressao: (((X1/0.8708325608472236)-(X0*0.5291069299739742)))
28 : Expressao: (((X1-X0)+(Sin[X1])))
29 : Expressao: (((Sin[X1])-(X0-X1)))
30 : Expressao: (((X1/0.7133648403326598)-(Sin[X0])))
Erros: 

1 : 

x <- c(244.9096256580145, 3.4582600823980068, 129.12953835657078, 166.46735784573664, 85.06665220768805, 127.72126918974405, 528.1790846307168, 409.81289714567845, 2.223248058864368, 16.719664390450298, 33.99942691168389, 0.8531153898896503, 27.635028157435308, 115.72446476363197, 96.9925961677262, 183.6125553721939, 1598.318683525373, 1589.7126804115906, 166.8594588953473, 1529.8678387544337, 351.5054668568934, 799.1051964583306, 474.48406187131934, 1.795212831131037, 133.78221620638155, 544.1804379847075, 6417.349168763974, 438.18994856526507, 292.3509439061908, 705.4383268302608, 70.48754586668615, 60.99855577610821, 401.4260435298686, 14.934155167939426, 377.8839580062522, 2.428526639427425, 288.589839272336, 753.8869652841115, 0.7052664017410167, 173.74480215587326, 392.5889050263279, 292.15878040610323, 974.5112544985218, 618.8881849793761, 120.40653976038297, 482.2063064078564, 12.696815218403101, 13.613148071759484, 2367.5877335304363, 1634.609558600263, 0.5644275322795759, 601.8368247705118, 288.2822217967473, 109.29242851098022, 223.3489988461447, 278.81656726970266, 1.0272271345608537, 33.89938669913673) 

2 : 

x <- c(250.44590778725947, 209.66232506328896, 5.221678074116346, 0.4032982755026419, 0.25986406905632603, 324.24294166154414, 255.9926063726766, 32.76754672015877, 162.63525635522197, 33.039758140157204, 42.14481779216173, 2.1591739485599586, 11.5594052144403, 3.991792112315798, 17.291141716923697, 591.3547999734802, 1254.8383722337808, 68.47526928858352, 83.00906914785233, 4951.806575119891, 24.174150095864672, 1672.274845302381, 502.9126731232855, 391.40871311624676, 14.822872195965854, 1190.1755155254898, 4897.005822761119, 109.2594347882803, 11059.567233407952, 16451.963524476287, 5871.293699469685, 163.53839936700896, 1765.4695267860207, 44.36036432631637, 81.2868093099212, 285.0116468112445, 536.7478889998526, 222.00057076004458, 641.6624393480096, 33.55862003062116, 300.6818385295653, 392.99939920899953, 1667.5774965118324, 1042.848622506801, 744.1225499779018, 249.2706368106177, 153.7839953372443, 170.71463926973468, 2413.7592384446475, 42.49265258430353, 728.2483998969749, 5738.360265009644, 2831.212004072886, 13.904096697673953, 854.7426940548372, 53.31548198845862, 421.7945434709117, 251.78509110637208) 

3 : 

x <- c(211.20282996737058, 0.0011195007012826243, 115.56491355648672, 162.12038123858915, 89.34151056943837, 111.04587204405111, 437.97186197911446, 312.90033201309035, 8.690115136964064, 27.845081032332917, 61.237889280422955, 0.6240502172832407, 15.025033298686775, 96.97197962807768, 86.8170656800326, 181.3183601432931, 1455.0274822145338, 1325.8733041514415, 240.89167995354407, 1713.7115580198815, 303.73868798940816, 1040.3240630153261, 419.9582535794553, 1.0500756356567376, 117.56222338596771, 545.7846474117737, 6030.292506501192, 228.6652335576651, 248.3014094113681, 831.9996555053789, 137.3262812797965, 13.745812734703904, 581.8741464911038, 8.36299227132799, 363.598115863971, 5.004766861788315, 261.9132110768395, 637.3916168800943, 3.016820952506683, 173.10211941104416, 426.09603558479085, 263.64834758082685, 1161.0573104922184, 612.4732963048335, 167.65508527181726, 480.2418052830771, 7.403123217074561, 11.464105781351805, 2241.176571357456, 1338.5168859332466, 4.270188808037387, 679.7281802326057, 370.39929620987044, 61.12974394934604, 345.39178281604035, 234.46040927973104, 6.287718374326764, 31.805863633281337) 

4 : 

x <- c(250.44590778725947, 209.66232506328896, 5.221678074116346, 0.4032982755026419, 0.25986406905632603, 324.24294166154414, 255.9926063726766, 32.76754672015877, 162.63525635522197, 33.039758140157204, 42.14481779216173, 2.1591739485599586, 11.5594052144403, 3.991792112315798, 17.291141716923697, 591.3547999734802, 1254.8383722337808, 68.47526928858352, 83.00906914785233, 4951.806575119891, 24.174150095864672, 1672.274845302381, 502.9126731232855, 391.40871311624676, 14.822872195965854, 1190.1755155254898, 4897.005822761119, 109.2594347882803, 11059.567233407952, 16451.963524476287, 5871.293699469685, 163.53839936700896, 1765.4695267860207, 44.36036432631637, 81.2868093099212, 285.0116468112445, 536.7478889998526, 222.00057076004458, 641.6624393480096, 33.55862003062116, 300.6818385295653, 392.99939920899953, 1667.5774965118324, 1042.848622506801, 744.1225499779018, 249.2706368106177, 153.7839953372443, 170.71463926973468, 2413.7592384446475, 42.49265258430353, 728.2483998969749, 5738.360265009644, 2831.212004072886, 13.904096697673953, 854.7426940548372, 53.31548198845862, 421.7945434709117, 251.78509110637208) 

5 : 

x <- c(250.44590778725947, 209.66232506328896, 5.221678074116346, 0.4032982755026419, 0.25986406905632603, 324.24294166154414, 255.9926063726766, 32.76754672015877, 162.63525635522197, 33.039758140157204, 42.14481779216173, 2.1591739485599586, 11.5594052144403, 3.991792112315798, 17.291141716923697, 591.3547999734802, 1254.8383722337808, 68.47526928858352, 83.00906914785233, 4951.806575119891, 24.174150095864672, 1672.274845302381, 502.9126731232855, 391.40871311624676, 14.822872195965854, 1190.1755155254898, 4897.005822761119, 109.2594347882803, 11059.567233407952, 16451.963524476287, 5871.293699469685, 163.53839936700896, 1765.4695267860207, 44.36036432631637, 81.2868093099212, 285.0116468112445, 536.7478889998526, 222.00057076004458, 641.6624393480096, 33.55862003062116, 300.6818385295653, 392.99939920899953, 1667.5774965118324, 1042.848622506801, 744.1225499779018, 249.2706368106177, 153.7839953372443, 170.71463926973468, 2413.7592384446475, 42.49265258430353, 728.2483998969749, 5738.360265009644, 2831.212004072886, 13.904096697673953, 854.7426940548372, 53.31548198845862, 421.7945434709117, 251.78509110637208) 

6 : 

