med: 1068.4361927856844/desvio: 75.61906634652257


Funcoes: 

1 : Expressao: (((X1+0.18346965289630357)-(Sin[X0])))
2 : Expressao: (((X1/0.3704379053095803)/(Sqrt[Abs[X0]])))
3 : Expressao: ((Power[Abs[(Power[Abs[X0],0.9817251375277264])],(X1/X0)]))
4 : Expressao: (((X1+X1)/(Power[Abs[X0],0.3460171783724594])))
5 : Expressao: (((X1+0.13880503217599105)-(Sin[X0])))
6 : Expressao: (((X1+0.10200729635234518)-(Sin[X0])))
7 : Expressao: (((X1/0.975186771732423)-(Sin[X0])))
8 : Expressao: (((X1/0.97630960337354)-(Sin[X0])))
9 : Expressao: (((0.17459921386749833+X1)-(Sin[X0])))
10 : Expressao: (((0.17048180057512496+X1)-(Sin[X0])))
11 : Expressao: (((X1+X1)/(Power[Abs[X0],0.3634245822639338])))
12 : Expressao: (((X1+0.19764098345152337)-(Sin[X0])))
13 : Expressao: (((0.21998362782076364+X1)-(Sin[X0])))
14 : Expressao: (((X1/0.975987698882465)-(Sin[X0])))
15 : Expressao: (((Power[Abs[0.9041879910836902],X0])*(X1+X1)))
16 : Expressao: (((X1/0.38300296339241824)/(Sqrt[Abs[X0]])))
17 : Expressao: (((0.21384218282970624+X1)-(Sin[X0])))
18 : Expressao: (((X1/0.3985974356477028)/(Sqrt[Abs[X0]])))
19 : Expressao: (((X1+0.19038209784325977)-(Sin[X0])))
20 : Expressao: (((X1+0.18287424393510865)-(Sin[X0])))
21 : Expressao: (((X1/0.950212812953133)-(Sin[X0])))
22 : Expressao: (((X1+X1)/(Power[Abs[X0],0.3490395297836202])))
23 : Expressao: (((X1+0.09326063027101161)-(Sin[X0])))
24 : Expressao: (((X1/0.3931549656000741)/(Sqrt[Abs[X0]])))
25 : Expressao: (((X1+X1)/(Power[Abs[X0],0.3695416082715467])))
26 : Expressao: (((X1+0.15651005693394193)-(Sin[X0])))
27 : Expressao: (((X1+0.1986963859635631)-(Sin[X0])))
28 : Expressao: (((0.16288699392397166+X1)-(Sin[X0])))
29 : Expressao: (((X1+0.22458756050600515)-(Sin[X0])))
30 : Expressao: (((X1/0.9870434139081343)-(Sin[X0])))
Erros: 

1 : 

x <- c(1976831.2113675259, 2358008.6992183384, 931752.5024654983, 1257104.9787935095, 2713486.344105278, 2134171.710032762, 4760828.023489699, 2596.059261470861, 1746095.136381359, 358966.06199381733, 991118.2341943111, 29542.827033093814, 213346.73761464396, 1956771.1448923845, 960187.1003952184, 34143.4242494129, 168141.78243048876, 903241.4222897247, 33520.62121338695, 42596.997561272474, 605698.2092118657, 2104352.9109971225, 2259065.475882478) 

2 : 

x <- c(319876.44043212716, 239720.48493135805, 37722.119749969235, 498424.9640036998, 968944.0856292081, 4587763.919217432, 7532636.172054162, 178262.4377506679, 2321761.3188589723, 918217.175401531, 1569366.261448729, 23219.724026762775, 3996.471579921396, 150386.94562070663, 14020.198722609333, 98564.0061701926, 1373304.4665613805, 10734.18973202469, 73721.94450459827, 51495.918716652275, 7513.137407827743, 247386.79088570378, 212282.79525295916) 

3 : 

x <- c(376698.2851653227, 31419.87514889463, 175697.65130120466, 558528.774213667, 824530.7926756047, 7044254.323425771, 1388446.83764083, 2139668.5975108654, 448940.96923733974, 1314483.3561887606, 84564.4223330287, 1563825.1608167507, 13916.915369078515, 77007.34436546813, 243036.37172995508, 59619.93574081427, 151249.69952091007, 1861780.094787924, 847962.3110765802, 331199.19727240107, 254195.19904667328, 243447.61388487264, 742.5119488724594) 

4 : 

x <- c(423714.5728146221, 183971.61300609092, 1560.61814739308, 163320.4488159645, 530366.6682686757, 5748864.441863895, 8932733.888689287, 114766.81250122312, 814093.8031371664, 83746.88139493331, 365223.3219374137, 331910.17478474055, 128587.83172051985, 146399.4619280582, 7714.1433078690025, 361094.13241699623, 1949341.153366377, 29892.84721135089, 8285.897674973789, 155.1373955116052, 49683.25677847444, 275941.80981617316, 133173.84210387577) 

5 : 

x <- c(2181025.118110013, 2580559.5669089523, 1073512.3185646178, 1420954.7042142537, 2951858.818592303, 1932237.1681509686, 4456747.6842682315, 14831.015134170048, 1563919.858996315, 279107.9148571441, 855103.5559503728, 58908.817096521714, 283796.82340693224, 2159951.8925568485, 1104017.7482163857, 65336.73303328945, 115070.09582687181, 1042892.8600251962, 64474.09341394143, 76851.76992736547, 720966.1785299693, 2314870.6902732383, 2477003.5220469404) 

6 : 

x <- c(2356792.6140268855, 2771450.7689851937, 1197842.387344904, 1563483.93453395, 3155784.930577352, 1773408.5761143314, 4213764.474877109, 32449.74253640262, 1421370.2856392309, 220854.1144942978, 750584.2066333004, 90641.24926933151, 349377.1127159507, 2334884.679491545, 1230053.9082477386, 98574.63397436013, 78884.79358288505, 1165485.904091274, 97514.4007542689, 112611.91165578285, 823470.4719290495, 2495848.2201526016, 2664094.3697222527) 

7 : 

x <- c(1973988.4172936261, 2272636.448731135, 853079.1118301064, 1183502.9998680542, 2609377.2219420224, 2257279.6472797003, 4638829.73558017, 27088.12243091677, 1457487.597472876, 247121.24454022953, 853502.3475083476, 48917.50723430776, 220064.30155924236, 1891186.3167875498, 884944.8411648719, 23578.025689763974, 172371.7895486832, 976742.3929447546, 50401.63901368417, 55344.06953051975, 624865.7819453024, 2085554.6693949017, 2178003.6636961275) 

8 : 

x <- c(2012197.287132091, 2317435.17510486, 881793.9356628236, 1216430.4066405485, 2657947.2863938287, 2211209.1512560705, 4586505.790849472, 29861.02072831801, 1437766.5237853173, 238491.73137892218, 834828.4802773403, 53997.62108052326, 232575.89633109898, 1931503.59296091, 913967.377154407, 28386.966547433003, 161165.0667864521, 1000062.2043142912, 55728.572529485835, 61207.24242891227, 645457.5927682203, 2125564.232415695, 2221748.0715847295) 

9 : 

x <- c(2016585.8221325935, 2401409.021067899, 959107.6394313994, 1288847.1941814192, 2760028.8531303154, 2093268.7985064413, 4699638.8528899085, 4227.4274631101525, 1709116.4348482238, 342307.6464237868, 963307.0745234098, 34576.436020361, 226539.68973164432, 1996324.5412357654, 987953.5066439044, 39539.940590072365, 156803.18512207348, 930177.8331716997, 38869.505765062175, 48601.523678060345, 627792.0385064735, 2145363.449268807, 2301549.6866929377) 

10 : 

x <- c(2035173.3043899375, 2421688.741920269, 971939.6277302973, 1303715.5433583762, 2781767.090658299, 2074417.282160222, 4671371.0142522715, 5119.1513516431105, 1692086.4286139049, 334709.75682514405, 950532.3885274, 37047.386302210776, 232797.98219016707, 2014818.6253048372, 1000976.3948076384, 42179.34246218922, 151674.6085249916, 942815.4603642038, 41486.798273654946, 51523.14692907197, 638181.8728070451, 2164533.898456342, 2321404.1740526627) 

11 : 

x <- c(1077228.017283327, 734519.611170651, 170090.31505473773, 717444.8639036265, 1363909.7727725059, 3783825.409378047, 6915985.068173371, 11000.638119596168, 476686.1904213554, 3999.4513018228995, 113223.20565861382, 779968.941948701, 528363.1694921042, 644752.3573891543, 129540.62580964365, 26007.42554115876, 986806.8423712588, 28024.259949434967, 55612.426974288544, 108846.84724769497, 348538.1346164156, 849345.8387314985, 629010.6962902474) 

12 : 

x <- c(1914140.8134289552, 2289493.947296913, 888871.3880751277, 1207215.1088851674, 2639951.663295822, 2200339.016481144, 4859404.467989226, 810.9976257274784, 1805993.1615911296, 386400.58811130037, 1036370.2801366893, 22322.37729028938, 193090.99748435686, 1894402.2052348407, 916648.9460393462, 26343.19710786116, 187077.41657270162, 861029.2607807382, 25796.490173104892, 33825.419679321756, 571222.5108240867, 2039656.055002532, 2192014.2944019223) 

13 : 

x <- c(1817354.2841103913, 2183524.690272405, 823316.349391997, 1130610.0046207702, 2526067.9422435937, 2306710.677011869, 5016872.660561806, 48.35709450705109, 1902480.618192005, 431705.80657484406, 1109766.7570348822, 12990.256073281305, 163207.32281635673, 1798122.4898689068, 850058.0123689023, 16096.993745704869, 218983.20721286422, 796528.8990928516, 15670.260593363437, 22047.776198259, 518919.524923832, 1939706.1262690309, 2088352.5154044349) 

14 : 

