med: 541.5535609512149/desvio: 1144.0768180552288


Funcoes: 

1 : Expressao: (((X1-0.1818124447367735)*(Sqrt[Abs[X1]])))
2 : Expressao: (((Sqrt[Abs[X1]])*(X1-0.17316845474556386)))
3 : Expressao: (((X1-0.1551668552036125)/(Power[Abs[X1],X0])))
4 : Expressao: (((Sqrt[Abs[X1]])*(X1-0.19562638345534078)))
5 : Expressao: (((X1-X0)-(Power[Abs[X0],0.9936059847357643])))
6 : Expressao: (((X1-0.19904296212670303)*(Sqrt[Abs[X1]])))
7 : Expressao: (((Tan[X1])-(0.14685229848769887*X0)))
8 : Expressao: (((X1-0.17568867828627044)/(Power[Abs[X1],X0])))
9 : Expressao: (((Tan[X1])-(X0*0.18078133506788963)))
10 : Expressao: (((X1-0.17062096378313385)*(Sqrt[Abs[X1]])))
11 : Expressao: (((X1-0.14256402068564356)*(Power[Abs[X1],0.39430711139522523])))
12 : Expressao: (((Sqrt[Abs[X1]])*(X1-0.17053658736659083)))
13 : Expressao: (((X1-0.1547173861943817)/(Power[Abs[X1],X0])))
14 : Expressao: (((X1-0.1847129994137059)*(Sqrt[Abs[X1]])))
15 : Expressao: (((X1-0.20638003264351124)*(Sqrt[Abs[X1]])))
16 : Expressao: (((X1-0.1145286198707911)*(Power[Abs[X1],0.3975252828941308])))
17 : Expressao: (((X1-X0)-(Power[Abs[X0],0.9686617698003114])))
18 : Expressao: (((0.8681900642504508*X1)*(Power[Abs[0.7906814779858731],X1])))
19 : Expressao: (((X1*X1)/(X1-0.017385967596882268)))
20 : Expressao: (((Tan[X1])-(X0*0.15846081954946312)))
21 : Expressao: (((Tan[X1])-(X0*0.11458430888926985)))
22 : Expressao: ((0.9615005393829965-(Power[Abs[0.48501858917513263],X1])))
23 : Expressao: (((Power[Abs[X1],0.278793337526704])*(X1-0.08277897000826662)))
24 : Expressao: (((X1-0.1828485584086209)*(Sqrt[Abs[X1]])))
25 : Expressao: (((0.9789474718439738*X1)-(0.0027932879378477216/X0)))
26 : Expressao: (((Tan[X1])-(0.15493783205915834*X0)))
27 : Expressao: (((X1-0.060415552868917866)-(0.122627935057122*X0)))
28 : Expressao: (((Power[Abs[X1],0.2616590843249864])*(X1-0.08912598700656937)))
29 : Expressao: (((X1-0.16580461200474927)*(Sqrt[Abs[X1]])))
30 : Expressao: ((Tan[(0.8956365500381901*X1)]))
Erros: 

1 : 

x <- c(16.224857670312733, 31.129911621598517, 24.845389776328275, 96.62483801844435, 296.8591956518227, 134.90843047951034, 0.5572086053940474, 34.83838788286868, 204.96796786149207, 32.120043531674945, 56.08903130621466, 262.2285739861879, 1.0094312131011394, 21.519891726952746, 550.5544341796053, 1830.1613406442975, 839.8514266138669, 1504.560056677226, 3284.2336161677836, 4766.489884420895) 

2 : 

x <- c(15.878766071313915, 30.327544488681205, 23.901853954369393, 94.71347998012507, 292.1920702616844, 130.42035626996108, 0.2757044697657642, 32.37989945610116, 198.72165266331416, 35.15318430804591, 52.31673976459899, 271.72420518852397, 1.64598971332399, 24.408549133010258, 566.3475852658726, 1860.4051008126326, 859.9372343375265, 1532.737196737174, 3327.7053182531686, 4818.545908908676) 

3 : 

x <- c(32.10076649148995, 34.00403998966843, 13.696738608730813, 65.97646814136195, 174.2177159421097, 78.1772561737361, 14.596364548049962, 40.750415664717416, 297.90089488793126, 247.48120292001556, 883.9639366210876, 734.7800669827302, 1416.131805129724, 2436.8234408131866, 3675.122868486735, 3769.994262676595, 4752.112292661648, 5752.599458739508, 5819.558513746738, 3947.5905762625066) 

4 : 

x <- c(16.785691641946272, 32.43392050278048, 26.391169194135685, 99.71901341341791, 304.394485232328, 142.2384248617155, 1.2105815218975138, 38.95402586491291, 215.15084578926502, 27.556837344620202, 62.39011624320235, 247.40422633430933, 0.31362587307929657, 17.2810810044653, 525.7790705476517, 1782.343397957409, 808.245098726678, 1460.072920801303, 3215.354957583128, 4683.886204001102) 

5 : 

x <- c(15.898064940890272, 4.756967827361845, 36.96757546880264, 229.2594427682297, 459.76384762702486, 712.7172774886559, 1591.121201603966, 3159.5400628393472, 3724.075315173911, 2710.5025245068987, 7430.58242282147, 4739.607171935786, 10193.389955541159, 9454.158271741455, 11541.916380897368, 14541.543430123003, 20644.507456098974, 19043.85297282794, 20627.38359984825, 20710.086102596106) 

6 : 

x <- c(16.925871629087666, 32.76056574391449, 26.780679397057895, 100.4918125508597, 306.27274343378224, 144.08124900982872, 1.410795489628489, 40.00737424594297, 217.7074367231052, 26.482127859426804, 64.00028061001257, 243.80427379813113, 0.20253669798505955, 16.304345608183624, 519.7393990148163, 1770.6143026830673, 800.5214617730805, 1449.172969514463, 3198.431907931904, 4663.567345724993) 

7 : 

x <- c(11.043378583721752, 3.9757333578895317, 0.3374511107064617, 31.552589534287062, 119.07188672373539, 0.0037271621978416346, 513.8880284943534, 94.7300250947907, 50.48857211921396, 1.864279519800057E8, 114638.62300658356, 12202.965513158808, 29270.402079099407, 12197.850070905817, 8422.111736491419, 6756.806335493707, 8682.468092360134, 8512.36363614084, 7321.7363621358145, 5389.78273104657) 

8 : 

x <- c(35.42386778237221, 39.48245524759797, 18.476952863363984, 77.49995592312347, 190.3467408515772, 87.73131865660368, 18.205296343872217, 47.06755043279222, 313.43069608871434, 256.9930908749594, 899.4459095530362, 744.6804461848927, 1428.3305540488595, 2450.003856428302, 3683.4976305451946, 3774.135591269711, 4756.027713251641, 5756.3359250496405, 5821.678758663132, 3948.8869861724543) 

9 : 

x <- c(10.115547761209664, 3.836960613290421, 0.4616901383218203, 33.512848804754995, 123.02512911146503, 0.08231181033925392, 482.0094713961657, 77.62606695932766, 39.177117804771974, 1.8645278853778782E8, 113768.46529366018, 12477.463706399136, 29816.66404719069, 12521.82675464457, 8739.124304927418, 7106.692098268002, 9122.519821717706, 8929.467337988177, 7748.724457875893, 5791.899990448532) 

10 : 

x <- c(15.777480428484209, 30.093075579740805, 23.627266825134534, 94.15382187622686, 290.8236655334344, 129.11214985163508, 0.21144342533758537, 31.67251318843428, 196.8992264701213, 36.073192383466576, 51.230050064371895, 274.5549050230621, 1.8631349744738497, 25.29456848888536, 571.0446300788245, 1869.365597151305, 865.9020543248407, 1541.0912211605573, 3340.5714969544474, 4833.941402169674) 

11 : 

x <- c(17.622083385904343, 28.061701979165232, 19.510179341839923, 85.28600989947577, 262.1698388429557, 110.07394991995163, 0.003236520057982836, 25.16218562608152, 184.70824484705338, 23.361846615980728, 64.80498491921868, 180.10041679873981, 0.7178475933594329, 0.8369043131327631, 259.0197059081465, 1078.1961200059272, 407.01607512297574, 744.834558519286, 1831.0255152582872, 3016.3819074711114) 

12 : 

x <- c(15.774131252768425, 30.085325213303474, 23.6181992619566, 94.13531360135885, 290.77839703171867, 129.0689330714446, 0.2094606795577367, 31.64921724491102, 196.83900883193746, 36.10386764543941, 51.19425252820311, 274.64891266902714, 1.8705572418570355, 25.324184923626046, 571.2005345576935, 1869.6627494657503, 866.0999701112437, 1541.3683064356362, 3340.99806728275, 4834.451742278772) 

13 : 

x <- c(32.02981518547606, 33.88862861414195, 13.600034682298372, 65.73445483869692, 173.87244747097532, 77.97416520902932, 14.52177873980858, 40.617149702166046, 297.5651767352232, 247.274880756569, 883.6263545057993, 734.563970284791, 1415.8652135646894, 2436.5351611523993, 3674.9395510942763, 3769.9035847306113, 4752.02655515589, 5752.517636222407, 5819.512080459954, 3947.562184671977) 

14 : 

x <- c(16.341827327209252, 31.401499251713346, 25.166092859665543, 97.27048683135484, 298.4335701782194, 136.43144934543574, 0.6736347927176676, 35.68350732974795, 207.08562341467982, 31.132910106192707, 57.38427472899605, 259.08008719885805, 0.8305286159776429, 20.591332550915457, 545.304968728245, 1820.0683609263901, 833.1646716055438, 1495.1635846386846, 3269.710410980323, 4749.08545158569) 

15 : 

