med: 1033.6941887256255/desvio: 238.563479358859


Funcoes: 

1 : Expressao: (((0.6412912368135907*X1)/(Sqrt[Abs[X0]])))
2 : Expressao: (((X1*0.5460847030322784)/(Sqrt[Abs[X0]])))
3 : Expressao: (((X1*0.9593326708064662)-(0.255873694797053*X0)))
4 : Expressao: (((0.5673317485852013*X1)/(Sqrt[Abs[X0]])))
5 : Expressao: (((X1*0.5573956039748933)/(Sqrt[Abs[X0]])))
6 : Expressao: (((X1*0.634871548529019)/(Sqrt[Abs[X0]])))
7 : Expressao: (((X0*0.678078304414163)+(X1-X0)))
8 : Expressao: (((0.5468272214243823*X1)/(Sqrt[Abs[X0]])))
9 : Expressao: (((X1*0.5404970198812687)/(Sqrt[Abs[X0]])))
10 : Expressao: (((0.6895849378184217*X1)/(Power[Abs[X0],0.44576860906967664])))
11 : Expressao: (((X1*0.5115050315523648)/(Power[Abs[X0],0.5303777560812942])))
12 : Expressao: (((0.5137455048253793*X1)/(Sqrt[Abs[X0]])))
13 : Expressao: (((X1*0.5745935189811019)/(Sqrt[Abs[X0]])))
14 : Expressao: (((0.7211814267534715*X0)+(X1-X0)))
15 : Expressao: (((X1-X0)+(0.6568476041821656*X0)))
16 : Expressao: (((X1*0.553165173345711)/(Sqrt[Abs[X0]])))
17 : Expressao: (((X1*0.7805651833323575)/(Power[Abs[X0],0.22816827042756616])))
18 : Expressao: (((X1*0.5835989243565882)/(Sqrt[Abs[X0]])))
19 : Expressao: (((0.8450047030242208*X1)/(Power[Abs[X0],0.29494097284756304])))
20 : Expressao: (((0.8720700058767425*X1)-(0.2893901515048153*X0)))
21 : Expressao: (((0.5630065662211476*X1)/(Sqrt[Abs[X0]])))
22 : Expressao: (((X1*0.5291323261149002)/(Sqrt[Abs[X0]])))
23 : Expressao: (((0.5329472842224241*X1)/(Sqrt[Abs[X0]])))
24 : Expressao: (((X1*0.5535245484593244)/(Sqrt[Abs[X0]])))
25 : Expressao: (((X1*0.5678234659024911)/(Sqrt[Abs[X0]])))
26 : Expressao: (((X1*0.5788517646043586)/(Sqrt[Abs[X0]])))
27 : Expressao: (((X1*0.6295135924331953)/(Sqrt[Abs[X0]])))
28 : Expressao: (((0.549961630232134*X1)/(Sqrt[Abs[X0]])))
29 : Expressao: (((X1*0.5365926978316506)/(Sqrt[Abs[X0]])))
30 : Expressao: (((0.5505625129456811*X1)/(Power[Abs[X0],0.39925658279641196])))
Erros: 

1 : 

x <- c(227516.50776297538, 335852.14902041416, 1751454.417745278, 919511.6589185782, 2.1873306880055748E7, 49814.709942118694, 41724.34754830926, 549805.3923728293, 154548.11606915746, 974273.2570670281, 81448.69825275421, 31928.483381178292, 7023.827028973738, 217983.19272337804, 403360.9431174992) 

2 : 

x <- c(172571.1540883432, 326150.904668564, 1272779.9741144201, 917469.7487097253, 1.3698245365842657E7, 1770.7870067164442, 73840.68119691037, 462389.86137652234, 185508.5998851089, 1193212.733636386, 7873.51699849032, 10881.442744882539, 12830.349108544966, 176857.77142240392, 369617.8118405926) 

3 : 

x <- c(420320.1436373679, 495171.87982213334, 276332.53376080253, 1195563.6878192679, 961556.8539106401, 334524.8591119914, 35195.11023012024, 495858.7833293112, 26815.931135011844, 1345646.5088363276, 178637.713073052, 57939.66955139436, 57133.38219778021, 117691.69335166698, 452836.39964960003) 

4 : 

x <- c(184175.99436741948, 328303.5874672297, 1372995.6977990998, 917925.240852479, 1.5357590142333724E7, 6806.080219527435, 65884.13336284405, 481242.5823317625, 178354.36503525448, 1142430.5535898414, 17588.303118285854, 14619.575954204354, 11384.02923011558, 185663.33209580387, 377020.45315855916) 

5 : 

x <- c(178702.00812653548, 327296.0076349746, 1325657.3106200262, 917712.2166580354, 1.4569794940850547E7, 4044.6350024238895, 69548.55557558817, 472379.2499310959, 181682.5194540422, 1166041.300058749, 12565.675504831313, 12802.86518885958, 12049.635305549737, 181518.79901863504, 373549.48445219826) 

6 : 

x <- c(223573.214385711, 335193.53300968156, 1716780.6120217862, 919373.9034446129, 2.1262197216369726E7, 44512.526714179236, 43603.66008867379, 543673.2375107291, 156546.94194086804, 988339.030274654, 74055.62194070252, 30161.49297064712, 7360.769747323478, 215075.09815149882, 401039.34005071997) 

7 : 

x <- c(492176.195212433, 543914.9999551569, 303649.59649125545, 1273015.9732986179, 886120.3834970774, 351193.12771223683, 74135.62690871052, 442396.61465553945, 11435.85436743341, 1334841.3541483488, 201559.36466739632, 29219.0657478019, 86766.53223108126, 111059.73647067639, 487018.1678440872) 

8 : 

x <- c(172970.3398823173, 326226.0148586475, 1276218.169974464, 917485.6648422561, 1.3754635043753998E7, 1891.6595538300282, 73554.9780887125, 463042.35342827503, 185256.20930024047, 1191419.4330714818, 8148.057675105019, 11002.788525098826, 12778.346658881757, 177161.891240195, 369875.273545245) 

9 : 

x <- c(169581.94908472046, 325585.9543931153, 1247055.238479773, 917349.9792625357, 1.3277610896310257E7, 989.1824782716212, 76008.45084973588, 457494.41202720586, 187413.4292640186, 1206751.1416280346, 5958.431898470645, 9989.861512481515, 13225.071200103344, 174577.55511253825, 367683.20736765716) 

10 : 

x <- c(243458.92349281165, 338159.68067448976, 1507002.3803753895, 920069.5702348626, 1.2715370036733655E7, 98953.9741381467, 22989.504647164704, 598507.435911274, 144051.40532214826, 954159.3282608597, 126050.41033545363, 54452.92271349311, 4613.5236657687765, 221963.77609824445, 404833.8165661552) 

11 : 

x <- c(159495.2921570009, 323776.78412910353, 1318122.849906677, 916932.3547108624, 1.731447469999685E7, 552.0540171147311, 92219.63660043538, 431994.2349109635, 195403.18823654912, 1236137.1904225375, 901.5874851736705, 4960.555391081745, 15465.80269534862, 169821.1170099628, 364357.00471140794) 

12 : 

x <- c(155632.68456904363, 322887.9909455494, 1127534.3705877138, 916776.6810168453, 1.135466220598771E7, 377.8409264937381, 86821.32410832543, 434417.96939905005, 196667.76147315963, 1272625.5165176706, 481.0453473726207, 6249.243034065476, 15197.687505339612, 163865.79522702843, 358491.44895319286) 

13 : 

x <- c(188228.85414014844, 329040.95044193097, 1408117.9176319856, 918080.9439154147, 1.5946463981915312E7, 9276.200811881632, 63268.734792340314, 487772.3995440242, 175941.46282873125, 1125327.526315291, 21791.92077127834, 16023.51495702076, 10909.535199762273, 188721.92808677256, 379567.34168062377) 

14 : 

x <- c(461565.7769287192, 514212.9432073008, 300699.0500533469, 1222679.826379779, 886791.1196558106, 401497.4893882939, 36315.56719745732, 501393.5151537936, 18314.787400810845, 1302445.2869452485, 227347.41807233085, 59560.46236567184, 62383.09208435261, 120510.93011269718, 470185.0588281143) 

15 : 

x <- c(507614.7627632677, 558851.4579175721, 305108.2008781907, 1298182.566209649, 885790.1016744066, 327652.60510741157, 97672.74342519761, 414694.2897793597, 8640.283495694071, 1350944.5154701644, 189427.76271974746, 18204.21123057703, 100251.95634549987, 106546.34384249625, 495418.2375848126) 

16 : 

x <- c(176396.45826671345, 326867.4886575462, 1305754.4905027517, 917621.5266008781, 1.4240677157740511E7, 3085.7911144754103, 71138.82540759112, 468630.58582142513, 183108.8583864905, 1176167.1511520862, 10682.941092151847, 12065.949300340644, 12338.764322308176, 179768.41454023228, 372076.5505084235) 

17 : 

x <- c(238609.97363473364, 336183.2003744212, 592325.8157985723, 919955.9476997291, 91099.36013150039, 235560.05305593373, 50.95753756928112, 700337.9089036126, 135425.0094055024, 1106006.9687553032, 167544.35489042065, 151990.17962283277, 1247.9286734239627, 191198.00116461853, 374419.76421620505) 

18 : 

x <- c(193316.11859483534, 329956.5116548696, 1452289.5048648112, 918274.0514237586, 1.669212125554317E7, 12869.54488687229, 60098.921496425966, 495931.22041072993, 172972.02034553915, 1104297.0306692484, 27629.920305911568, 17853.946649049536, 10335.138827604344, 192549.63660005882, 382737.67620561254) 

19 : 

x <- c(295114.8660105962, 345157.8523089336, 995096.7506510984, 921765.2028378644, 1882083.5501065473, 370198.2588027902, 900.71355725379, 769982.6360779438, 113834.63072600025, 895960.1664801292, 325712.9234377504, 176240.31130571978, 268.4102167140504, 233939.21510861337, 409310.4830448788) 

20 : 

