med: 1.4296429432558154E11/desvio: 1.340989548610286E10


Funcoes: 

Erros: 

1 : 

x <- c(1.296329921073078E11, 1.296329921073078E11, 1.296329921073078E11, 1.296329921073078E11, 1.296329921073078E11, 1.296329921073078E11, 1.296329921073078E11, 1.296329921073078E11, 1.296329921073078E11, 1.296329921073078E11, 1.296329921073078E11, 1.296329921073078E11, 1.296329921073078E11, 1.296329921073078E11, 1.296329921073078E11, 1.296329921073078E11, 1.296329921073078E11, 1.296329921073078E11, 1.296329921073078E11, 1.296329921073078E11, 1.296329921073078E11, 1.296329921073078E11, 1.296329921073078E11, 1.296329921073078E11, 1.296329921073078E11, 1.296329921073078E11, 1.296329921073078E11, 1.296329921073078E11, 1.296329921073078E11, 1.296329921073078E11, 1.296329921073078E11, 1.296329921073078E11, 1.296329921073078E11, 1.296329921073078E11, 1.296329921073078E11, 1.296329921073078E11, 1.296329921073078E11, 1.296329921073078E11, 1.296329921073078E11, 1.296329921073078E11, 1.296329921073078E11, 1.296329921073078E11, 1.296329921073078E11, 1.296329921073078E11, 1.296329921073078E11, 1.296329921073078E11, 1.296329921073078E11, 1.296329921073078E11, 1.296329921073078E11, 1.296329921073078E11, 1.296329921073078E11, 1.296329921073078E11, 1.296329921073078E11, 1.296329921073078E11, 1.296329921073078E11, 1.296329921073078E11, 1.296329921073078E11, 1.296329921073078E11, 1.296329921073078E11, 1.296329921073078E11, 1.296329921073078E11, 1.296329921073078E11, 1.296329921073078E11, 1.296329921073078E11, 1.296329921073078E11, 1.296329921073078E11, 1.296329921073078E11, 1.296329921073078E11, 1.296329921073078E11, 1.296329921073078E11, 1.296329921073078E11, 1.296329921073078E11, 1.296329921073078E11, 1.296329921073078E11, 1.296329921073078E11, 1.296329921073078E11, 1.296329921073078E11, 1.296329921073078E11, 1.296329921073078E11, 1.296329921073078E11, 1.296329921073078E11, 1.296329921073078E11, 1.296329921073078E11, 1.296329921073078E11, 1.296329921073078E11, 1.296329921073078E11, 1.296329921073078E11, 1.296329921073078E11, 1.296329921073078E11, 1.296329921073078E11, 1.296329921073078E11, 1.296329921073078E11, 1.296329921073078E11, 1.296329921073078E11, 1.296329921073078E11, 1.296329921073078E11, 1.296329921073078E11, 1.296329921073078E11, 1.296329921073078E11, 1.296329921073078E11) 

2 : 

x <- c(1.5806825734409067E11, 1.5806825734409067E11, 1.5806825734409067E11, 1.5806825734409067E11, 1.5806825734409067E11, 1.5806825734409067E11, 1.5806825734409067E11, 1.5806825734409067E11, 1.5806825734409067E11, 1.5806825734409067E11, 1.5806825734409067E11, 1.5806825734409067E11, 1.5806825734409067E11, 1.5806825734409067E11, 1.5806825734409067E11, 1.5806825734409067E11, 1.5806825734409067E11, 1.5806825734409067E11, 1.5806825734409067E11, 1.5806825734409067E11, 1.5806825734409067E11, 1.5806825734409067E11, 1.5806825734409067E11, 1.5806825734409067E11, 1.5806825734409067E11, 1.5806825734409067E11, 1.5806825734409067E11, 1.5806825734409067E11, 1.5806825734409067E11, 1.5806825734409067E11, 1.5806825734409067E11, 1.5806825734409067E11, 1.5806825734409067E11, 1.5806825734409067E11, 1.5806825734409067E11, 1.5806825734409067E11, 1.5806825734409067E11, 1.5806825734409067E11, 1.5806825734409067E11, 1.5806825734409067E11, 1.5806825734409067E11, 1.5806825734409067E11, 1.5806825734409067E11, 1.5806825734409067E11, 1.5806825734409067E11, 1.5806825734409067E11, 1.5806825734409067E11, 1.5806825734409067E11, 1.5806825734409067E11, 1.5806825734409067E11, 1.5806825734409067E11, 1.5806825734409067E11, 1.5806825734409067E11, 1.5806825734409067E11, 1.5806825734409067E11, 1.5806825734409067E11, 1.5806825734409067E11, 1.5806825734409067E11, 1.5806825734409067E11, 1.5806825734409067E11, 1.5806825734409067E11, 1.5806825734409067E11, 1.5806825734409067E11, 1.5806825734409067E11, 1.5806825734409067E11, 1.5806825734409067E11, 1.5806825734409067E11, 1.5806825734409067E11, 1.5806825734409067E11, 1.5806825734409067E11, 1.5806825734409067E11, 1.5806825734409067E11, 1.5806825734409067E11, 1.5806825734409067E11, 1.5806825734409067E11, 1.5806825734409067E11, 1.5806825734409067E11, 1.5806825734409067E11, 1.5806825734409067E11, 1.5806825734409067E11, 1.5806825734409067E11, 1.5806825734409067E11, 1.5806825734409067E11, 1.5806825734409067E11, 1.5806825734409067E11, 1.5806825734409067E11, 1.5806825734409067E11, 1.5806825734409067E11, 1.5806825734409067E11, 1.5806825734409067E11, 1.5806825734409067E11, 1.5806825734409067E11, 1.5806825734409067E11, 1.5806825734409067E11, 1.5806825734409067E11, 1.5806825734409067E11, 1.5806825734409067E11, 1.5806825734409067E11, 1.5806825734409067E11, 1.5806825734409067E11) 

3 : 

x <- c(1.2904932131503976E11, 1.2904932131503976E11, 1.2904932131503976E11, 1.2904932131503976E11, 1.2904932131503976E11, 1.2904932131503976E11, 1.2904932131503976E11, 1.2904932131503976E11, 1.2904932131503976E11, 1.2904932131503976E11, 1.2904932131503976E11, 1.2904932131503976E11, 1.2904932131503976E11, 1.2904932131503976E11, 1.2904932131503976E11, 1.2904932131503976E11, 1.2904932131503976E11, 1.2904932131503976E11, 1.2904932131503976E11, 1.2904932131503976E11, 1.2904932131503976E11, 1.2904932131503976E11, 1.2904932131503976E11, 1.2904932131503976E11, 1.2904932131503976E11, 1.2904932131503976E11, 1.2904932131503976E11, 1.2904932131503976E11, 1.2904932131503976E11, 1.2904932131503976E11, 1.2904932131503976E11, 1.2904932131503976E11, 1.2904932131503976E11, 1.2904932131503976E11, 1.2904932131503976E11, 1.2904932131503976E11, 1.2904932131503976E11, 1.2904932131503976E11, 1.2904932131503976E11, 1.2904932131503976E11, 1.2904932131503976E11, 1.2904932131503976E11, 1.2904932131503976E11, 1.2904932131503976E11, 1.2904932131503976E11, 1.2904932131503976E11, 1.2904932131503976E11, 1.2904932131503976E11, 1.2904932131503976E11, 1.2904932131503976E11, 1.2904932131503976E11, 1.2904932131503976E11, 1.2904932131503976E11, 1.2904932131503976E11, 1.2904932131503976E11, 1.2904932131503976E11, 1.2904932131503976E11, 1.2904932131503976E11, 1.2904932131503976E11, 1.2904932131503976E11, 1.2904932131503976E11, 1.2904932131503976E11, 1.2904932131503976E11, 1.2904932131503976E11, 1.2904932131503976E11, 1.2904932131503976E11, 1.2904932131503976E11, 1.2904932131503976E11, 1.2904932131503976E11, 1.2904932131503976E11, 1.2904932131503976E11, 1.2904932131503976E11, 1.2904932131503976E11, 1.2904932131503976E11, 1.2904932131503976E11, 1.2904932131503976E11, 1.2904932131503976E11, 1.2904932131503976E11, 1.2904932131503976E11, 1.2904932131503976E11, 1.2904932131503976E11, 1.2904932131503976E11, 1.2904932131503976E11, 1.2904932131503976E11, 1.2904932131503976E11, 1.2904932131503976E11, 1.2904932131503976E11, 1.2904932131503976E11, 1.2904932131503976E11, 1.2904932131503976E11, 1.2904932131503976E11, 1.2904932131503976E11, 1.2904932131503976E11, 1.2904932131503976E11, 1.2904932131503976E11, 1.2904932131503976E11, 1.2904932131503976E11, 1.2904932131503976E11, 1.2904932131503976E11, 1.2904932131503976E11) 

4 : 

