med: 64.1228472747408/desvio: 3.431359681441276


Funcoes: 

Erros: 

1 : 

x <- c(64.32689845616841, 64.32689845616841, 64.32689845616841, 64.32689845616841, 64.32689845616841, 64.32689845616841, 64.32689845616841, 64.32689845616841, 64.32689845616841, 64.32689845616841, 64.32689845616841, 64.32689845616841, 64.32689845616841, 64.32689845616841, 64.32689845616841, 64.32689845616841, 64.32689845616841, 64.32689845616841, 64.32689845616841, 64.32689845616841, 64.32689845616841, 64.32689845616841, 64.32689845616841, 64.32689845616841, 64.32689845616841, 64.32689845616841, 64.32689845616841, 64.32689845616841, 64.32689845616841, 64.32689845616841, 64.32689845616841, 64.32689845616841, 64.32689845616841, 64.32689845616841, 64.32689845616841, 64.32689845616841, 64.32689845616841, 64.32689845616841, 64.32689845616841, 64.32689845616841, 64.32689845616841, 64.32689845616841, 64.32689845616841, 64.32689845616841, 64.32689845616841, 64.32689845616841, 64.32689845616841, 64.32689845616841, 64.32689845616841, 64.32689845616841, 64.32689845616841, 64.32689845616841, 64.32689845616841, 64.32689845616841, 64.32689845616841, 64.32689845616841, 64.32689845616841, 64.32689845616841, 64.32689845616841, 64.32689845616841, 64.32689845616841, 64.32689845616841, 64.32689845616841, 64.32689845616841, 64.32689845616841, 64.32689845616841, 64.32689845616841, 64.32689845616841, 64.32689845616841, 64.32689845616841, 64.32689845616841, 64.32689845616841, 64.32689845616841, 64.32689845616841, 64.32689845616841, 64.32689845616841, 64.32689845616841, 64.32689845616841, 64.32689845616841, 64.32689845616841, 64.32689845616841, 64.32689845616841, 64.32689845616841, 64.32689845616841, 64.32689845616841, 64.32689845616841, 64.32689845616841, 64.32689845616841, 64.32689845616841, 64.32689845616841, 64.32689845616841, 64.32689845616841, 64.32689845616841, 64.32689845616841, 64.32689845616841, 64.32689845616841, 64.32689845616841, 64.32689845616841, 64.32689845616841, 64.32689845616841) 

2 : 

x <- c(64.070742903548, 64.070742903548, 64.070742903548, 64.070742903548, 64.070742903548, 64.070742903548, 64.070742903548, 64.070742903548, 64.070742903548, 64.070742903548, 64.070742903548, 64.070742903548, 64.070742903548, 64.070742903548, 64.070742903548, 64.070742903548, 64.070742903548, 64.070742903548, 64.070742903548, 64.070742903548, 64.070742903548, 64.070742903548, 64.070742903548, 64.070742903548, 64.070742903548, 64.070742903548, 64.070742903548, 64.070742903548, 64.070742903548, 64.070742903548, 64.070742903548, 64.070742903548, 64.070742903548, 64.070742903548, 64.070742903548, 64.070742903548, 64.070742903548, 64.070742903548, 64.070742903548, 64.070742903548, 64.070742903548, 64.070742903548, 64.070742903548, 64.070742903548, 64.070742903548, 64.070742903548, 64.070742903548, 64.070742903548, 64.070742903548, 64.070742903548, 64.070742903548, 64.070742903548, 64.070742903548, 64.070742903548, 64.070742903548, 64.070742903548, 64.070742903548, 64.070742903548, 64.070742903548, 64.070742903548, 64.070742903548, 64.070742903548, 64.070742903548, 64.070742903548, 64.070742903548, 64.070742903548, 64.070742903548, 64.070742903548, 64.070742903548, 64.070742903548, 64.070742903548, 64.070742903548, 64.070742903548, 64.070742903548, 64.070742903548, 64.070742903548, 64.070742903548, 64.070742903548, 64.070742903548, 64.070742903548, 64.070742903548, 64.070742903548, 64.070742903548, 64.070742903548, 64.070742903548, 64.070742903548, 64.070742903548, 64.070742903548, 64.070742903548, 64.070742903548, 64.070742903548, 64.070742903548, 64.070742903548, 64.070742903548, 64.070742903548, 64.070742903548, 64.070742903548, 64.070742903548, 64.070742903548, 64.070742903548) 

3 : 

x <- c(72.24802803641582, 72.24802803641582, 72.24802803641582, 72.24802803641582, 72.24802803641582, 72.24802803641582, 72.24802803641582, 72.24802803641582, 72.24802803641582, 72.24802803641582, 72.24802803641582, 72.24802803641582, 72.24802803641582, 72.24802803641582, 72.24802803641582, 72.24802803641582, 72.24802803641582, 72.24802803641582, 72.24802803641582, 72.24802803641582, 72.24802803641582, 72.24802803641582, 72.24802803641582, 72.24802803641582, 72.24802803641582, 72.24802803641582, 72.24802803641582, 72.24802803641582, 72.24802803641582, 72.24802803641582, 72.24802803641582, 72.24802803641582, 72.24802803641582, 72.24802803641582, 72.24802803641582, 72.24802803641582, 72.24802803641582, 72.24802803641582, 72.24802803641582, 72.24802803641582, 72.24802803641582, 72.24802803641582, 72.24802803641582, 72.24802803641582, 72.24802803641582, 72.24802803641582, 72.24802803641582, 72.24802803641582, 72.24802803641582, 72.24802803641582, 72.24802803641582, 72.24802803641582, 72.24802803641582, 72.24802803641582, 72.24802803641582, 72.24802803641582, 72.24802803641582, 72.24802803641582, 72.24802803641582, 72.24802803641582, 72.24802803641582, 72.24802803641582, 72.24802803641582, 72.24802803641582, 72.24802803641582, 72.24802803641582, 72.24802803641582, 72.24802803641582, 72.24802803641582, 72.24802803641582, 72.24802803641582, 72.24802803641582, 72.24802803641582, 72.24802803641582, 72.24802803641582, 72.24802803641582, 72.24802803641582, 72.24802803641582, 72.24802803641582, 72.24802803641582, 72.24802803641582, 72.24802803641582, 72.24802803641582, 72.24802803641582, 72.24802803641582, 72.24802803641582, 72.24802803641582, 72.24802803641582, 72.24802803641582, 72.24802803641582, 72.24802803641582, 72.24802803641582, 72.24802803641582, 72.24802803641582, 72.24802803641582, 72.24802803641582, 72.24802803641582, 72.24802803641582, 72.24802803641582, 72.24802803641582) 

4 : 

x <- c(63.31702231885196, 63.31702231885196, 63.31702231885196, 63.31702231885196, 63.31702231885196, 63.31702231885196, 63.31702231885196, 63.31702231885196, 63.31702231885196, 63.31702231885196, 63.31702231885196, 63.31702231885196, 63.31702231885196, 63.31702231885196, 63.31702231885196, 63.31702231885196, 63.31702231885196, 63.31702231885196, 63.31702231885196, 63.31702231885196, 63.31702231885196, 63.31702231885196, 63.31702231885196, 63.31702231885196, 63.31702231885196, 63.31702231885196, 63.31702231885196, 63.31702231885196, 63.31702231885196, 63.31702231885196, 63.31702231885196, 63.31702231885196, 63.31702231885196, 63.31702231885196, 63.31702231885196, 63.31702231885196, 63.31702231885196, 63.31702231885196, 63.31702231885196, 63.31702231885196, 63.31702231885196, 63.31702231885196, 63.31702231885196, 63.31702231885196, 63.31702231885196, 63.31702231885196, 63.31702231885196, 63.31702231885196, 63.31702231885196, 63.31702231885196, 63.31702231885196, 63.31702231885196, 63.31702231885196, 63.31702231885196, 63.31702231885196, 63.31702231885196, 63.31702231885196, 63.31702231885196, 63.31702231885196, 63.31702231885196, 63.31702231885196, 63.31702231885196, 63.31702231885196, 63.31702231885196, 63.31702231885196, 63.31702231885196, 63.31702231885196, 63.31702231885196, 63.31702231885196, 63.31702231885196, 63.31702231885196, 63.31702231885196, 63.31702231885196, 63.31702231885196, 63.31702231885196, 63.31702231885196, 63.31702231885196, 63.31702231885196, 63.31702231885196, 63.31702231885196, 63.31702231885196, 63.31702231885196, 63.31702231885196, 63.31702231885196, 63.31702231885196, 63.31702231885196, 63.31702231885196, 63.31702231885196, 63.31702231885196, 63.31702231885196, 63.31702231885196, 63.31702231885196, 63.31702231885196, 63.31702231885196, 63.31702231885196, 63.31702231885196, 63.31702231885196, 63.31702231885196, 63.31702231885196, 63.31702231885196) 

5 : 

