med: 1443.802383306714/desvio: 5.5908383002174915


Funcoes: 

Erros: 

1 : 

x <- c(1441.513819054995, 1441.513819054995, 1441.513819054995, 1441.513819054995, 1441.513819054995, 1441.513819054995, 1441.513819054995, 1441.513819054995, 1441.513819054995, 1441.513819054995, 1441.513819054995, 1441.513819054995, 1441.513819054995, 1441.513819054995, 1441.513819054995, 1441.513819054995, 1441.513819054995, 1441.513819054995, 1441.513819054995, 1441.513819054995, 1441.513819054995, 1441.513819054995, 1441.513819054995, 1441.513819054995, 1441.513819054995, 1441.513819054995, 1441.513819054995, 1441.513819054995, 1441.513819054995, 1441.513819054995, 1441.513819054995, 1441.513819054995, 1441.513819054995, 1441.513819054995, 1441.513819054995, 1441.513819054995, 1441.513819054995, 1441.513819054995, 1441.513819054995, 1441.513819054995, 1441.513819054995, 1441.513819054995, 1441.513819054995, 1441.513819054995, 1441.513819054995, 1441.513819054995, 1441.513819054995, 1441.513819054995, 1441.513819054995, 1441.513819054995, 1441.513819054995, 1441.513819054995, 1441.513819054995, 1441.513819054995, 1441.513819054995, 1441.513819054995, 1441.513819054995, 1441.513819054995, 1441.513819054995, 1441.513819054995, 1441.513819054995, 1441.513819054995, 1441.513819054995, 1441.513819054995, 1441.513819054995, 1441.513819054995, 1441.513819054995, 1441.513819054995, 1441.513819054995, 1441.513819054995, 1441.513819054995, 1441.513819054995, 1441.513819054995, 1441.513819054995, 1441.513819054995, 1441.513819054995, 1441.513819054995, 1441.513819054995, 1441.513819054995, 1441.513819054995, 1441.513819054995, 1441.513819054995, 1441.513819054995, 1441.513819054995, 1441.513819054995, 1441.513819054995, 1441.513819054995, 1441.513819054995, 1441.513819054995, 1441.513819054995, 1441.513819054995, 1441.513819054995, 1441.513819054995, 1441.513819054995, 1441.513819054995, 1441.513819054995, 1441.513819054995, 1441.513819054995, 1441.513819054995, 1441.513819054995) 

2 : 

x <- c(1467.3443683577339, 1467.3443683577339, 1467.3443683577339, 1467.3443683577339, 1467.3443683577339, 1467.3443683577339, 1467.3443683577339, 1467.3443683577339, 1467.3443683577339, 1467.3443683577339, 1467.3443683577339, 1467.3443683577339, 1467.3443683577339, 1467.3443683577339, 1467.3443683577339, 1467.3443683577339, 1467.3443683577339, 1467.3443683577339, 1467.3443683577339, 1467.3443683577339, 1467.3443683577339, 1467.3443683577339, 1467.3443683577339, 1467.3443683577339, 1467.3443683577339, 1467.3443683577339, 1467.3443683577339, 1467.3443683577339, 1467.3443683577339, 1467.3443683577339, 1467.3443683577339, 1467.3443683577339, 1467.3443683577339, 1467.3443683577339, 1467.3443683577339, 1467.3443683577339, 1467.3443683577339, 1467.3443683577339, 1467.3443683577339, 1467.3443683577339, 1467.3443683577339, 1467.3443683577339, 1467.3443683577339, 1467.3443683577339, 1467.3443683577339, 1467.3443683577339, 1467.3443683577339, 1467.3443683577339, 1467.3443683577339, 1467.3443683577339, 1467.3443683577339, 1467.3443683577339, 1467.3443683577339, 1467.3443683577339, 1467.3443683577339, 1467.3443683577339, 1467.3443683577339, 1467.3443683577339, 1467.3443683577339, 1467.3443683577339, 1467.3443683577339, 1467.3443683577339, 1467.3443683577339, 1467.3443683577339, 1467.3443683577339, 1467.3443683577339, 1467.3443683577339, 1467.3443683577339, 1467.3443683577339, 1467.3443683577339, 1467.3443683577339, 1467.3443683577339, 1467.3443683577339, 1467.3443683577339, 1467.3443683577339, 1467.3443683577339, 1467.3443683577339, 1467.3443683577339, 1467.3443683577339, 1467.3443683577339, 1467.3443683577339, 1467.3443683577339, 1467.3443683577339, 1467.3443683577339, 1467.3443683577339, 1467.3443683577339, 1467.3443683577339, 1467.3443683577339, 1467.3443683577339, 1467.3443683577339, 1467.3443683577339, 1467.3443683577339, 1467.3443683577339, 1467.3443683577339, 1467.3443683577339, 1467.3443683577339, 1467.3443683577339, 1467.3443683577339, 1467.3443683577339, 1467.3443683577339) 

3 : 

x <- c(1439.6370189029103, 1439.6370189029103, 1439.6370189029103, 1439.6370189029103, 1439.6370189029103, 1439.6370189029103, 1439.6370189029103, 1439.6370189029103, 1439.6370189029103, 1439.6370189029103, 1439.6370189029103, 1439.6370189029103, 1439.6370189029103, 1439.6370189029103, 1439.6370189029103, 1439.6370189029103, 1439.6370189029103, 1439.6370189029103, 1439.6370189029103, 1439.6370189029103, 1439.6370189029103, 1439.6370189029103, 1439.6370189029103, 1439.6370189029103, 1439.6370189029103, 1439.6370189029103, 1439.6370189029103, 1439.6370189029103, 1439.6370189029103, 1439.6370189029103, 1439.6370189029103, 1439.6370189029103, 1439.6370189029103, 1439.6370189029103, 1439.6370189029103, 1439.6370189029103, 1439.6370189029103, 1439.6370189029103, 1439.6370189029103, 1439.6370189029103, 1439.6370189029103, 1439.6370189029103, 1439.6370189029103, 1439.6370189029103, 1439.6370189029103, 1439.6370189029103, 1439.6370189029103, 1439.6370189029103, 1439.6370189029103, 1439.6370189029103, 1439.6370189029103, 1439.6370189029103, 1439.6370189029103, 1439.6370189029103, 1439.6370189029103, 1439.6370189029103, 1439.6370189029103, 1439.6370189029103, 1439.6370189029103, 1439.6370189029103, 1439.6370189029103, 1439.6370189029103, 1439.6370189029103, 1439.6370189029103, 1439.6370189029103, 1439.6370189029103, 1439.6370189029103, 1439.6370189029103, 1439.6370189029103, 1439.6370189029103, 1439.6370189029103, 1439.6370189029103, 1439.6370189029103, 1439.6370189029103, 1439.6370189029103, 1439.6370189029103, 1439.6370189029103, 1439.6370189029103, 1439.6370189029103, 1439.6370189029103, 1439.6370189029103, 1439.6370189029103, 1439.6370189029103, 1439.6370189029103, 1439.6370189029103, 1439.6370189029103, 1439.6370189029103, 1439.6370189029103, 1439.6370189029103, 1439.6370189029103, 1439.6370189029103, 1439.6370189029103, 1439.6370189029103, 1439.6370189029103, 1439.6370189029103, 1439.6370189029103, 1439.6370189029103, 1439.6370189029103, 1439.6370189029103, 1439.6370189029103) 

4 : 

