med: 75.67643695358672/desvio: 3.5524096231072306


Funcoes: 

Erros: 

1 : 

x <- c(72.89163962202045, 72.89163962202045, 72.89163962202045, 72.89163962202045, 72.89163962202045, 72.89163962202045, 72.89163962202045, 72.89163962202045, 72.89163962202045, 72.89163962202045, 72.89163962202045, 72.89163962202045, 72.89163962202045, 72.89163962202045, 72.89163962202045, 72.89163962202045, 72.89163962202045, 72.89163962202045, 72.89163962202045, 72.89163962202045, 72.89163962202045, 72.89163962202045, 72.89163962202045, 72.89163962202045, 72.89163962202045, 72.89163962202045, 72.89163962202045, 72.89163962202045, 72.89163962202045, 72.89163962202045, 72.89163962202045, 72.89163962202045, 72.89163962202045, 72.89163962202045, 72.89163962202045, 72.89163962202045, 72.89163962202045, 72.89163962202045, 72.89163962202045, 72.89163962202045, 72.89163962202045, 72.89163962202045, 72.89163962202045, 72.89163962202045, 72.89163962202045, 72.89163962202045, 72.89163962202045, 72.89163962202045, 72.89163962202045, 72.89163962202045, 72.89163962202045, 72.89163962202045, 72.89163962202045, 72.89163962202045, 72.89163962202045, 72.89163962202045, 72.89163962202045, 72.89163962202045, 72.89163962202045, 72.89163962202045, 72.89163962202045, 72.89163962202045, 72.89163962202045, 72.89163962202045, 72.89163962202045, 72.89163962202045, 72.89163962202045, 72.89163962202045, 72.89163962202045, 72.89163962202045, 72.89163962202045, 72.89163962202045, 72.89163962202045, 72.89163962202045, 72.89163962202045, 72.89163962202045, 72.89163962202045, 72.89163962202045, 72.89163962202045, 72.89163962202045, 72.89163962202045, 72.89163962202045, 72.89163962202045, 72.89163962202045, 72.89163962202045, 72.89163962202045, 72.89163962202045, 72.89163962202045, 72.89163962202045, 72.89163962202045, 72.89163962202045, 72.89163962202045, 72.89163962202045, 72.89163962202045, 72.89163962202045, 72.89163962202045, 72.89163962202045, 72.89163962202045, 72.89163962202045, 72.89163962202045) 

2 : 

x <- c(75.2021682164177, 75.2021682164177, 75.2021682164177, 75.2021682164177, 75.2021682164177, 75.2021682164177, 75.2021682164177, 75.2021682164177, 75.2021682164177, 75.2021682164177, 75.2021682164177, 75.2021682164177, 75.2021682164177, 75.2021682164177, 75.2021682164177, 75.2021682164177, 75.2021682164177, 75.2021682164177, 75.2021682164177, 75.2021682164177, 75.2021682164177, 75.2021682164177, 75.2021682164177, 75.2021682164177, 75.2021682164177, 75.2021682164177, 75.2021682164177, 75.2021682164177, 75.2021682164177, 75.2021682164177, 75.2021682164177, 75.2021682164177, 75.2021682164177, 75.2021682164177, 75.2021682164177, 75.2021682164177, 75.2021682164177, 75.2021682164177, 75.2021682164177, 75.2021682164177, 75.2021682164177, 75.2021682164177, 75.2021682164177, 75.2021682164177, 75.2021682164177, 75.2021682164177, 75.2021682164177, 75.2021682164177, 75.2021682164177, 75.2021682164177, 75.2021682164177, 75.2021682164177, 75.2021682164177, 75.2021682164177, 75.2021682164177, 75.2021682164177, 75.2021682164177, 75.2021682164177, 75.2021682164177, 75.2021682164177, 75.2021682164177, 75.2021682164177, 75.2021682164177, 75.2021682164177, 75.2021682164177, 75.2021682164177, 75.2021682164177, 75.2021682164177, 75.2021682164177, 75.2021682164177, 75.2021682164177, 75.2021682164177, 75.2021682164177, 75.2021682164177, 75.2021682164177, 75.2021682164177, 75.2021682164177, 75.2021682164177, 75.2021682164177, 75.2021682164177, 75.2021682164177, 75.2021682164177, 75.2021682164177, 75.2021682164177, 75.2021682164177, 75.2021682164177, 75.2021682164177, 75.2021682164177, 75.2021682164177, 75.2021682164177, 75.2021682164177, 75.2021682164177, 75.2021682164177, 75.2021682164177, 75.2021682164177, 75.2021682164177, 75.2021682164177, 75.2021682164177, 75.2021682164177, 75.2021682164177) 

3 : 

x <- c(71.82458750437374, 71.82458750437374, 71.82458750437374, 71.82458750437374, 71.82458750437374, 71.82458750437374, 71.82458750437374, 71.82458750437374, 71.82458750437374, 71.82458750437374, 71.82458750437374, 71.82458750437374, 71.82458750437374, 71.82458750437374, 71.82458750437374, 71.82458750437374, 71.82458750437374, 71.82458750437374, 71.82458750437374, 71.82458750437374, 71.82458750437374, 71.82458750437374, 71.82458750437374, 71.82458750437374, 71.82458750437374, 71.82458750437374, 71.82458750437374, 71.82458750437374, 71.82458750437374, 71.82458750437374, 71.82458750437374, 71.82458750437374, 71.82458750437374, 71.82458750437374, 71.82458750437374, 71.82458750437374, 71.82458750437374, 71.82458750437374, 71.82458750437374, 71.82458750437374, 71.82458750437374, 71.82458750437374, 71.82458750437374, 71.82458750437374, 71.82458750437374, 71.82458750437374, 71.82458750437374, 71.82458750437374, 71.82458750437374, 71.82458750437374, 71.82458750437374, 71.82458750437374, 71.82458750437374, 71.82458750437374, 71.82458750437374, 71.82458750437374, 71.82458750437374, 71.82458750437374, 71.82458750437374, 71.82458750437374, 71.82458750437374, 71.82458750437374, 71.82458750437374, 71.82458750437374, 71.82458750437374, 71.82458750437374, 71.82458750437374, 71.82458750437374, 71.82458750437374, 71.82458750437374, 71.82458750437374, 71.82458750437374, 71.82458750437374, 71.82458750437374, 71.82458750437374, 71.82458750437374, 71.82458750437374, 71.82458750437374, 71.82458750437374, 71.82458750437374, 71.82458750437374, 71.82458750437374, 71.82458750437374, 71.82458750437374, 71.82458750437374, 71.82458750437374, 71.82458750437374, 71.82458750437374, 71.82458750437374, 71.82458750437374, 71.82458750437374, 71.82458750437374, 71.82458750437374, 71.82458750437374, 71.82458750437374, 71.82458750437374, 71.82458750437374, 71.82458750437374, 71.82458750437374, 71.82458750437374) 

4 : 

x <- c(77.40072322289943, 77.40072322289943, 77.40072322289943, 77.40072322289943, 77.40072322289943, 77.40072322289943, 77.40072322289943, 77.40072322289943, 77.40072322289943, 77.40072322289943, 77.40072322289943, 77.40072322289943, 77.40072322289943, 77.40072322289943, 77.40072322289943, 77.40072322289943, 77.40072322289943, 77.40072322289943, 77.40072322289943, 77.40072322289943, 77.40072322289943, 77.40072322289943, 77.40072322289943, 77.40072322289943, 77.40072322289943, 77.40072322289943, 77.40072322289943, 77.40072322289943, 77.40072322289943, 77.40072322289943, 77.40072322289943, 77.40072322289943, 77.40072322289943, 77.40072322289943, 77.40072322289943, 77.40072322289943, 77.40072322289943, 77.40072322289943, 77.40072322289943, 77.40072322289943, 77.40072322289943, 77.40072322289943, 77.40072322289943, 77.40072322289943, 77.40072322289943, 77.40072322289943, 77.40072322289943, 77.40072322289943, 77.40072322289943, 77.40072322289943, 77.40072322289943, 77.40072322289943, 77.40072322289943, 77.40072322289943, 77.40072322289943, 77.40072322289943, 77.40072322289943, 77.40072322289943, 77.40072322289943, 77.40072322289943, 77.40072322289943, 77.40072322289943, 77.40072322289943, 77.40072322289943, 77.40072322289943, 77.40072322289943, 77.40072322289943, 77.40072322289943, 77.40072322289943, 77.40072322289943, 77.40072322289943, 77.40072322289943, 77.40072322289943, 77.40072322289943, 77.40072322289943, 77.40072322289943, 77.40072322289943, 77.40072322289943, 77.40072322289943, 77.40072322289943, 77.40072322289943, 77.40072322289943, 77.40072322289943, 77.40072322289943, 77.40072322289943, 77.40072322289943, 77.40072322289943, 77.40072322289943, 77.40072322289943, 77.40072322289943, 77.40072322289943, 77.40072322289943, 77.40072322289943, 77.40072322289943, 77.40072322289943, 77.40072322289943, 77.40072322289943, 77.40072322289943, 77.40072322289943, 77.40072322289943) 

5 : 

