med: 246682.5078250899/desvio: 3397.849371015659


Funcoes: 

Erros: 

1 : 

x <- c(244867.34280797266, 244867.34280797266, 244867.34280797266, 244867.34280797266, 244867.34280797266, 244867.34280797266, 244867.34280797266, 244867.34280797266, 244867.34280797266, 244867.34280797266, 244867.34280797266, 244867.34280797266, 244867.34280797266, 244867.34280797266, 244867.34280797266, 244867.34280797266, 244867.34280797266, 244867.34280797266, 244867.34280797266, 244867.34280797266, 244867.34280797266, 244867.34280797266, 244867.34280797266, 244867.34280797266, 244867.34280797266, 244867.34280797266, 244867.34280797266, 244867.34280797266, 244867.34280797266, 244867.34280797266, 244867.34280797266, 244867.34280797266, 244867.34280797266, 244867.34280797266, 244867.34280797266, 244867.34280797266, 244867.34280797266, 244867.34280797266, 244867.34280797266, 244867.34280797266, 244867.34280797266, 244867.34280797266, 244867.34280797266, 244867.34280797266, 244867.34280797266, 244867.34280797266, 244867.34280797266, 244867.34280797266, 244867.34280797266, 244867.34280797266, 244867.34280797266, 244867.34280797266, 244867.34280797266, 244867.34280797266, 244867.34280797266, 244867.34280797266, 244867.34280797266, 244867.34280797266, 244867.34280797266, 244867.34280797266, 244867.34280797266, 244867.34280797266, 244867.34280797266, 244867.34280797266, 244867.34280797266, 244867.34280797266, 244867.34280797266, 244867.34280797266, 244867.34280797266, 244867.34280797266, 244867.34280797266, 244867.34280797266, 244867.34280797266, 244867.34280797266, 244867.34280797266, 244867.34280797266, 244867.34280797266, 244867.34280797266, 244867.34280797266, 244867.34280797266, 244867.34280797266, 244867.34280797266, 244867.34280797266, 244867.34280797266, 244867.34280797266, 244867.34280797266, 244867.34280797266, 244867.34280797266, 244867.34280797266, 244867.34280797266, 244867.34280797266, 244867.34280797266, 244867.34280797266, 244867.34280797266, 244867.34280797266, 244867.34280797266, 244867.34280797266, 244867.34280797266, 244867.34280797266, 244867.34280797266) 

2 : 

x <- c(243680.90301156385, 243680.90301156385, 243680.90301156385, 243680.90301156385, 243680.90301156385, 243680.90301156385, 243680.90301156385, 243680.90301156385, 243680.90301156385, 243680.90301156385, 243680.90301156385, 243680.90301156385, 243680.90301156385, 243680.90301156385, 243680.90301156385, 243680.90301156385, 243680.90301156385, 243680.90301156385, 243680.90301156385, 243680.90301156385, 243680.90301156385, 243680.90301156385, 243680.90301156385, 243680.90301156385, 243680.90301156385, 243680.90301156385, 243680.90301156385, 243680.90301156385, 243680.90301156385, 243680.90301156385, 243680.90301156385, 243680.90301156385, 243680.90301156385, 243680.90301156385, 243680.90301156385, 243680.90301156385, 243680.90301156385, 243680.90301156385, 243680.90301156385, 243680.90301156385, 243680.90301156385, 243680.90301156385, 243680.90301156385, 243680.90301156385, 243680.90301156385, 243680.90301156385, 243680.90301156385, 243680.90301156385, 243680.90301156385, 243680.90301156385, 243680.90301156385, 243680.90301156385, 243680.90301156385, 243680.90301156385, 243680.90301156385, 243680.90301156385, 243680.90301156385, 243680.90301156385, 243680.90301156385, 243680.90301156385, 243680.90301156385, 243680.90301156385, 243680.90301156385, 243680.90301156385, 243680.90301156385, 243680.90301156385, 243680.90301156385, 243680.90301156385, 243680.90301156385, 243680.90301156385, 243680.90301156385, 243680.90301156385, 243680.90301156385, 243680.90301156385, 243680.90301156385, 243680.90301156385, 243680.90301156385, 243680.90301156385, 243680.90301156385, 243680.90301156385, 243680.90301156385, 243680.90301156385, 243680.90301156385, 243680.90301156385, 243680.90301156385, 243680.90301156385, 243680.90301156385, 243680.90301156385, 243680.90301156385, 243680.90301156385, 243680.90301156385, 243680.90301156385, 243680.90301156385, 243680.90301156385, 243680.90301156385, 243680.90301156385, 243680.90301156385, 243680.90301156385, 243680.90301156385, 243680.90301156385) 

3 : 

x <- c(243151.04098853524, 243151.04098853524, 243151.04098853524, 243151.04098853524, 243151.04098853524, 243151.04098853524, 243151.04098853524, 243151.04098853524, 243151.04098853524, 243151.04098853524, 243151.04098853524, 243151.04098853524, 243151.04098853524, 243151.04098853524, 243151.04098853524, 243151.04098853524, 243151.04098853524, 243151.04098853524, 243151.04098853524, 243151.04098853524, 243151.04098853524, 243151.04098853524, 243151.04098853524, 243151.04098853524, 243151.04098853524, 243151.04098853524, 243151.04098853524, 243151.04098853524, 243151.04098853524, 243151.04098853524, 243151.04098853524, 243151.04098853524, 243151.04098853524, 243151.04098853524, 243151.04098853524, 243151.04098853524, 243151.04098853524, 243151.04098853524, 243151.04098853524, 243151.04098853524, 243151.04098853524, 243151.04098853524, 243151.04098853524, 243151.04098853524, 243151.04098853524, 243151.04098853524, 243151.04098853524, 243151.04098853524, 243151.04098853524, 243151.04098853524, 243151.04098853524, 243151.04098853524, 243151.04098853524, 243151.04098853524, 243151.04098853524, 243151.04098853524, 243151.04098853524, 243151.04098853524, 243151.04098853524, 243151.04098853524, 243151.04098853524, 243151.04098853524, 243151.04098853524, 243151.04098853524, 243151.04098853524, 243151.04098853524, 243151.04098853524, 243151.04098853524, 243151.04098853524, 243151.04098853524, 243151.04098853524, 243151.04098853524, 243151.04098853524, 243151.04098853524, 243151.04098853524, 243151.04098853524, 243151.04098853524, 243151.04098853524, 243151.04098853524, 243151.04098853524, 243151.04098853524, 243151.04098853524, 243151.04098853524, 243151.04098853524, 243151.04098853524, 243151.04098853524, 243151.04098853524, 243151.04098853524, 243151.04098853524, 243151.04098853524, 243151.04098853524, 243151.04098853524, 243151.04098853524, 243151.04098853524, 243151.04098853524, 243151.04098853524, 243151.04098853524, 243151.04098853524, 243151.04098853524, 243151.04098853524) 

4 : 

