med: 8812.4494040945/desvio: 15.99534565723801


Funcoes: 

Erros: 

1 : 

x <- c(8802.85031023404, 8802.85031023404, 8802.85031023404, 8802.85031023404, 8802.85031023404, 8802.85031023404, 8802.85031023404, 8802.85031023404, 8802.85031023404, 8802.85031023404, 8802.85031023404, 8802.85031023404, 8802.85031023404, 8802.85031023404, 8802.85031023404, 8802.85031023404, 8802.85031023404, 8802.85031023404, 8802.85031023404, 8802.85031023404, 8802.85031023404, 8802.85031023404, 8802.85031023404, 8802.85031023404, 8802.85031023404, 8802.85031023404, 8802.85031023404, 8802.85031023404, 8802.85031023404, 8802.85031023404, 8802.85031023404, 8802.85031023404, 8802.85031023404, 8802.85031023404, 8802.85031023404, 8802.85031023404, 8802.85031023404, 8802.85031023404, 8802.85031023404, 8802.85031023404, 8802.85031023404, 8802.85031023404, 8802.85031023404, 8802.85031023404, 8802.85031023404, 8802.85031023404, 8802.85031023404, 8802.85031023404, 8802.85031023404, 8802.85031023404, 8802.85031023404, 8802.85031023404, 8802.85031023404, 8802.85031023404, 8802.85031023404, 8802.85031023404, 8802.85031023404, 8802.85031023404, 8802.85031023404, 8802.85031023404, 8802.85031023404, 8802.85031023404, 8802.85031023404, 8802.85031023404, 8802.85031023404, 8802.85031023404, 8802.85031023404, 8802.85031023404, 8802.85031023404, 8802.85031023404, 8802.85031023404, 8802.85031023404, 8802.85031023404, 8802.85031023404, 8802.85031023404, 8802.85031023404, 8802.85031023404, 8802.85031023404, 8802.85031023404, 8802.85031023404, 8802.85031023404, 8802.85031023404, 8802.85031023404, 8802.85031023404, 8802.85031023404, 8802.85031023404, 8802.85031023404, 8802.85031023404, 8802.85031023404, 8802.85031023404, 8802.85031023404, 8802.85031023404, 8802.85031023404, 8802.85031023404, 8802.85031023404, 8802.85031023404, 8802.85031023404, 8802.85031023404, 8802.85031023404, 8802.85031023404) 

2 : 

x <- c(8814.072684167824, 8814.072684167824, 8814.072684167824, 8814.072684167824, 8814.072684167824, 8814.072684167824, 8814.072684167824, 8814.072684167824, 8814.072684167824, 8814.072684167824, 8814.072684167824, 8814.072684167824, 8814.072684167824, 8814.072684167824, 8814.072684167824, 8814.072684167824, 8814.072684167824, 8814.072684167824, 8814.072684167824, 8814.072684167824, 8814.072684167824, 8814.072684167824, 8814.072684167824, 8814.072684167824, 8814.072684167824, 8814.072684167824, 8814.072684167824, 8814.072684167824, 8814.072684167824, 8814.072684167824, 8814.072684167824, 8814.072684167824, 8814.072684167824, 8814.072684167824, 8814.072684167824, 8814.072684167824, 8814.072684167824, 8814.072684167824, 8814.072684167824, 8814.072684167824, 8814.072684167824, 8814.072684167824, 8814.072684167824, 8814.072684167824, 8814.072684167824, 8814.072684167824, 8814.072684167824, 8814.072684167824, 8814.072684167824, 8814.072684167824, 8814.072684167824, 8814.072684167824, 8814.072684167824, 8814.072684167824, 8814.072684167824, 8814.072684167824, 8814.072684167824, 8814.072684167824, 8814.072684167824, 8814.072684167824, 8814.072684167824, 8814.072684167824, 8814.072684167824, 8814.072684167824, 8814.072684167824, 8814.072684167824, 8814.072684167824, 8814.072684167824, 8814.072684167824, 8814.072684167824, 8814.072684167824, 8814.072684167824, 8814.072684167824, 8814.072684167824, 8814.072684167824, 8814.072684167824, 8814.072684167824, 8814.072684167824, 8814.072684167824, 8814.072684167824, 8814.072684167824, 8814.072684167824, 8814.072684167824, 8814.072684167824, 8814.072684167824, 8814.072684167824, 8814.072684167824, 8814.072684167824, 8814.072684167824, 8814.072684167824, 8814.072684167824, 8814.072684167824, 8814.072684167824, 8814.072684167824, 8814.072684167824, 8814.072684167824, 8814.072684167824, 8814.072684167824, 8814.072684167824, 8814.072684167824) 

3 : 

x <- c(8815.16363665898, 8815.16363665898, 8815.16363665898, 8815.16363665898, 8815.16363665898, 8815.16363665898, 8815.16363665898, 8815.16363665898, 8815.16363665898, 8815.16363665898, 8815.16363665898, 8815.16363665898, 8815.16363665898, 8815.16363665898, 8815.16363665898, 8815.16363665898, 8815.16363665898, 8815.16363665898, 8815.16363665898, 8815.16363665898, 8815.16363665898, 8815.16363665898, 8815.16363665898, 8815.16363665898, 8815.16363665898, 8815.16363665898, 8815.16363665898, 8815.16363665898, 8815.16363665898, 8815.16363665898, 8815.16363665898, 8815.16363665898, 8815.16363665898, 8815.16363665898, 8815.16363665898, 8815.16363665898, 8815.16363665898, 8815.16363665898, 8815.16363665898, 8815.16363665898, 8815.16363665898, 8815.16363665898, 8815.16363665898, 8815.16363665898, 8815.16363665898, 8815.16363665898, 8815.16363665898, 8815.16363665898, 8815.16363665898, 8815.16363665898, 8815.16363665898, 8815.16363665898, 8815.16363665898, 8815.16363665898, 8815.16363665898, 8815.16363665898, 8815.16363665898, 8815.16363665898, 8815.16363665898, 8815.16363665898, 8815.16363665898, 8815.16363665898, 8815.16363665898, 8815.16363665898, 8815.16363665898, 8815.16363665898, 8815.16363665898, 8815.16363665898, 8815.16363665898, 8815.16363665898, 8815.16363665898, 8815.16363665898, 8815.16363665898, 8815.16363665898, 8815.16363665898, 8815.16363665898, 8815.16363665898, 8815.16363665898, 8815.16363665898, 8815.16363665898, 8815.16363665898, 8815.16363665898, 8815.16363665898, 8815.16363665898, 8815.16363665898, 8815.16363665898, 8815.16363665898, 8815.16363665898, 8815.16363665898, 8815.16363665898, 8815.16363665898, 8815.16363665898, 8815.16363665898, 8815.16363665898, 8815.16363665898, 8815.16363665898, 8815.16363665898, 8815.16363665898, 8815.16363665898, 8815.16363665898) 

4 : 

x <- c(8800.013431339617, 8800.013431339617, 8800.013431339617, 8800.013431339617, 8800.013431339617, 8800.013431339617, 8800.013431339617, 8800.013431339617, 8800.013431339617, 8800.013431339617, 8800.013431339617, 8800.013431339617, 8800.013431339617, 8800.013431339617, 8800.013431339617, 8800.013431339617, 8800.013431339617, 8800.013431339617, 8800.013431339617, 8800.013431339617, 8800.013431339617, 8800.013431339617, 8800.013431339617, 8800.013431339617, 8800.013431339617, 8800.013431339617, 8800.013431339617, 8800.013431339617, 8800.013431339617, 8800.013431339617, 8800.013431339617, 8800.013431339617, 8800.013431339617, 8800.013431339617, 8800.013431339617, 8800.013431339617, 8800.013431339617, 8800.013431339617, 8800.013431339617, 8800.013431339617, 8800.013431339617, 8800.013431339617, 8800.013431339617, 8800.013431339617, 8800.013431339617, 8800.013431339617, 8800.013431339617, 8800.013431339617, 8800.013431339617, 8800.013431339617, 8800.013431339617, 8800.013431339617, 8800.013431339617, 8800.013431339617, 8800.013431339617, 8800.013431339617, 8800.013431339617, 8800.013431339617, 8800.013431339617, 8800.013431339617, 8800.013431339617, 8800.013431339617, 8800.013431339617, 8800.013431339617, 8800.013431339617, 8800.013431339617, 8800.013431339617, 8800.013431339617, 8800.013431339617, 8800.013431339617, 8800.013431339617, 8800.013431339617, 8800.013431339617, 8800.013431339617, 8800.013431339617, 8800.013431339617, 8800.013431339617, 8800.013431339617, 8800.013431339617, 8800.013431339617, 8800.013431339617, 8800.013431339617, 8800.013431339617, 8800.013431339617, 8800.013431339617, 8800.013431339617, 8800.013431339617, 8800.013431339617, 8800.013431339617, 8800.013431339617, 8800.013431339617, 8800.013431339617, 8800.013431339617, 8800.013431339617, 8800.013431339617, 8800.013431339617, 8800.013431339617, 8800.013431339617, 8800.013431339617, 8800.013431339617) 

5 : 

