med: 790.672424737781/desvio: 48.54147674294963


Funcoes: 

Erros: 

1 : 

x <- c(836.7597590468308, 836.7597590468308, 836.7597590468308, 836.7597590468308, 836.7597590468308, 836.7597590468308, 836.7597590468308, 836.7597590468308, 836.7597590468308, 836.7597590468308, 836.7597590468308, 836.7597590468308, 836.7597590468308, 836.7597590468308, 836.7597590468308, 836.7597590468308, 836.7597590468308, 836.7597590468308, 836.7597590468308, 836.7597590468308, 836.7597590468308, 836.7597590468308, 836.7597590468308, 836.7597590468308, 836.7597590468308, 836.7597590468308, 836.7597590468308, 836.7597590468308, 836.7597590468308, 836.7597590468308, 836.7597590468308, 836.7597590468308, 836.7597590468308, 836.7597590468308, 836.7597590468308, 836.7597590468308, 836.7597590468308, 836.7597590468308, 836.7597590468308, 836.7597590468308, 836.7597590468308, 836.7597590468308, 836.7597590468308, 836.7597590468308, 836.7597590468308, 836.7597590468308, 836.7597590468308, 836.7597590468308, 836.7597590468308, 836.7597590468308, 836.7597590468308, 836.7597590468308, 836.7597590468308, 836.7597590468308, 836.7597590468308, 836.7597590468308, 836.7597590468308, 836.7597590468308, 836.7597590468308, 836.7597590468308, 836.7597590468308, 836.7597590468308, 836.7597590468308, 836.7597590468308, 836.7597590468308, 836.7597590468308, 836.7597590468308, 836.7597590468308, 836.7597590468308, 836.7597590468308, 836.7597590468308, 836.7597590468308, 836.7597590468308, 836.7597590468308, 836.7597590468308, 836.7597590468308, 836.7597590468308, 836.7597590468308, 836.7597590468308, 836.7597590468308, 836.7597590468308, 836.7597590468308, 836.7597590468308, 836.7597590468308, 836.7597590468308, 836.7597590468308, 836.7597590468308, 836.7597590468308, 836.7597590468308, 836.7597590468308, 836.7597590468308, 836.7597590468308, 836.7597590468308, 836.7597590468308, 836.7597590468308, 836.7597590468308, 836.7597590468308, 836.7597590468308, 836.7597590468308, 836.7597590468308) 

2 : 

x <- c(775.3622187519509, 775.3622187519509, 775.3622187519509, 775.3622187519509, 775.3622187519509, 775.3622187519509, 775.3622187519509, 775.3622187519509, 775.3622187519509, 775.3622187519509, 775.3622187519509, 775.3622187519509, 775.3622187519509, 775.3622187519509, 775.3622187519509, 775.3622187519509, 775.3622187519509, 775.3622187519509, 775.3622187519509, 775.3622187519509, 775.3622187519509, 775.3622187519509, 775.3622187519509, 775.3622187519509, 775.3622187519509, 775.3622187519509, 775.3622187519509, 775.3622187519509, 775.3622187519509, 775.3622187519509, 775.3622187519509, 775.3622187519509, 775.3622187519509, 775.3622187519509, 775.3622187519509, 775.3622187519509, 775.3622187519509, 775.3622187519509, 775.3622187519509, 775.3622187519509, 775.3622187519509, 775.3622187519509, 775.3622187519509, 775.3622187519509, 775.3622187519509, 775.3622187519509, 775.3622187519509, 775.3622187519509, 775.3622187519509, 775.3622187519509, 775.3622187519509, 775.3622187519509, 775.3622187519509, 775.3622187519509, 775.3622187519509, 775.3622187519509, 775.3622187519509, 775.3622187519509, 775.3622187519509, 775.3622187519509, 775.3622187519509, 775.3622187519509, 775.3622187519509, 775.3622187519509, 775.3622187519509, 775.3622187519509, 775.3622187519509, 775.3622187519509, 775.3622187519509, 775.3622187519509, 775.3622187519509, 775.3622187519509, 775.3622187519509, 775.3622187519509, 775.3622187519509, 775.3622187519509, 775.3622187519509, 775.3622187519509, 775.3622187519509, 775.3622187519509, 775.3622187519509, 775.3622187519509, 775.3622187519509, 775.3622187519509, 775.3622187519509, 775.3622187519509, 775.3622187519509, 775.3622187519509, 775.3622187519509, 775.3622187519509, 775.3622187519509, 775.3622187519509, 775.3622187519509, 775.3622187519509, 775.3622187519509, 775.3622187519509, 775.3622187519509, 775.3622187519509, 775.3622187519509, 775.3622187519509) 

3 : 

x <- c(751.148571975237, 751.148571975237, 751.148571975237, 751.148571975237, 751.148571975237, 751.148571975237, 751.148571975237, 751.148571975237, 751.148571975237, 751.148571975237, 751.148571975237, 751.148571975237, 751.148571975237, 751.148571975237, 751.148571975237, 751.148571975237, 751.148571975237, 751.148571975237, 751.148571975237, 751.148571975237, 751.148571975237, 751.148571975237, 751.148571975237, 751.148571975237, 751.148571975237, 751.148571975237, 751.148571975237, 751.148571975237, 751.148571975237, 751.148571975237, 751.148571975237, 751.148571975237, 751.148571975237, 751.148571975237, 751.148571975237, 751.148571975237, 751.148571975237, 751.148571975237, 751.148571975237, 751.148571975237, 751.148571975237, 751.148571975237, 751.148571975237, 751.148571975237, 751.148571975237, 751.148571975237, 751.148571975237, 751.148571975237, 751.148571975237, 751.148571975237, 751.148571975237, 751.148571975237, 751.148571975237, 751.148571975237, 751.148571975237, 751.148571975237, 751.148571975237, 751.148571975237, 751.148571975237, 751.148571975237, 751.148571975237, 751.148571975237, 751.148571975237, 751.148571975237, 751.148571975237, 751.148571975237, 751.148571975237, 751.148571975237, 751.148571975237, 751.148571975237, 751.148571975237, 751.148571975237, 751.148571975237, 751.148571975237, 751.148571975237, 751.148571975237, 751.148571975237, 751.148571975237, 751.148571975237, 751.148571975237, 751.148571975237, 751.148571975237, 751.148571975237, 751.148571975237, 751.148571975237, 751.148571975237, 751.148571975237, 751.148571975237, 751.148571975237, 751.148571975237, 751.148571975237, 751.148571975237, 751.148571975237, 751.148571975237, 751.148571975237, 751.148571975237, 751.148571975237, 751.148571975237, 751.148571975237, 751.148571975237) 

4 : 

x <- c(729.9358779803376, 729.9358779803376, 729.9358779803376, 729.9358779803376, 729.9358779803376, 729.9358779803376, 729.9358779803376, 729.9358779803376, 729.9358779803376, 729.9358779803376, 729.9358779803376, 729.9358779803376, 729.9358779803376, 729.9358779803376, 729.9358779803376, 729.9358779803376, 729.9358779803376, 729.9358779803376, 729.9358779803376, 729.9358779803376, 729.9358779803376, 729.9358779803376, 729.9358779803376, 729.9358779803376, 729.9358779803376, 729.9358779803376, 729.9358779803376, 729.9358779803376, 729.9358779803376, 729.9358779803376, 729.9358779803376, 729.9358779803376, 729.9358779803376, 729.9358779803376, 729.9358779803376, 729.9358779803376, 729.9358779803376, 729.9358779803376, 729.9358779803376, 729.9358779803376, 729.9358779803376, 729.9358779803376, 729.9358779803376, 729.9358779803376, 729.9358779803376, 729.9358779803376, 729.9358779803376, 729.9358779803376, 729.9358779803376, 729.9358779803376, 729.9358779803376, 729.9358779803376, 729.9358779803376, 729.9358779803376, 729.9358779803376, 729.9358779803376, 729.9358779803376, 729.9358779803376, 729.9358779803376, 729.9358779803376, 729.9358779803376, 729.9358779803376, 729.9358779803376, 729.9358779803376, 729.9358779803376, 729.9358779803376, 729.9358779803376, 729.9358779803376, 729.9358779803376, 729.9358779803376, 729.9358779803376, 729.9358779803376, 729.9358779803376, 729.9358779803376, 729.9358779803376, 729.9358779803376, 729.9358779803376, 729.9358779803376, 729.9358779803376, 729.9358779803376, 729.9358779803376, 729.9358779803376, 729.9358779803376, 729.9358779803376, 729.9358779803376, 729.9358779803376, 729.9358779803376, 729.9358779803376, 729.9358779803376, 729.9358779803376, 729.9358779803376, 729.9358779803376, 729.9358779803376, 729.9358779803376, 729.9358779803376, 729.9358779803376, 729.9358779803376, 729.9358779803376, 729.9358779803376, 729.9358779803376) 

5 : 

