med: 14.998250340127578/desvio: 0.008568122769178657


Funcoes: 

Erros: 

1 : 

x <- c(14.993050040368452, 14.993050040368452, 14.993050040368452, 14.993050040368452, 14.993050040368452, 14.993050040368452, 14.993050040368452, 14.993050040368452, 14.993050040368452, 14.993050040368452, 14.993050040368452, 14.993050040368452, 14.993050040368452, 14.993050040368452, 14.993050040368452, 14.993050040368452, 14.993050040368452, 14.993050040368452, 14.993050040368452, 14.993050040368452, 14.993050040368452, 14.993050040368452, 14.993050040368452, 14.993050040368452, 14.993050040368452, 14.993050040368452, 14.993050040368452, 14.993050040368452, 14.993050040368452, 14.993050040368452, 14.993050040368452, 14.993050040368452, 14.993050040368452, 14.993050040368452, 14.993050040368452, 14.993050040368452, 14.993050040368452, 14.993050040368452, 14.993050040368452, 14.993050040368452, 14.993050040368452, 14.993050040368452, 14.993050040368452, 14.993050040368452, 14.993050040368452, 14.993050040368452, 14.993050040368452, 14.993050040368452, 14.993050040368452, 14.993050040368452, 14.993050040368452, 14.993050040368452, 14.993050040368452, 14.993050040368452, 14.993050040368452, 14.993050040368452, 14.993050040368452, 14.993050040368452, 14.993050040368452, 14.993050040368452, 14.993050040368452, 14.993050040368452, 14.993050040368452, 14.993050040368452, 14.993050040368452, 14.993050040368452, 14.993050040368452, 14.993050040368452, 14.993050040368452, 14.993050040368452, 14.993050040368452, 14.993050040368452, 14.993050040368452, 14.993050040368452, 14.993050040368452, 14.993050040368452, 14.993050040368452, 14.993050040368452, 14.993050040368452, 14.993050040368452, 14.993050040368452, 14.993050040368452, 14.993050040368452, 14.993050040368452, 14.993050040368452, 14.993050040368452, 14.993050040368452, 14.993050040368452, 14.993050040368452, 14.993050040368452, 14.993050040368452, 14.993050040368452, 14.993050040368452, 14.993050040368452, 14.993050040368452, 14.993050040368452, 14.993050040368452, 14.993050040368452, 14.993050040368452, 14.993050040368452) 

2 : 

x <- c(14.993629565653707, 14.993629565653707, 14.993629565653707, 14.993629565653707, 14.993629565653707, 14.993629565653707, 14.993629565653707, 14.993629565653707, 14.993629565653707, 14.993629565653707, 14.993629565653707, 14.993629565653707, 14.993629565653707, 14.993629565653707, 14.993629565653707, 14.993629565653707, 14.993629565653707, 14.993629565653707, 14.993629565653707, 14.993629565653707, 14.993629565653707, 14.993629565653707, 14.993629565653707, 14.993629565653707, 14.993629565653707, 14.993629565653707, 14.993629565653707, 14.993629565653707, 14.993629565653707, 14.993629565653707, 14.993629565653707, 14.993629565653707, 14.993629565653707, 14.993629565653707, 14.993629565653707, 14.993629565653707, 14.993629565653707, 14.993629565653707, 14.993629565653707, 14.993629565653707, 14.993629565653707, 14.993629565653707, 14.993629565653707, 14.993629565653707, 14.993629565653707, 14.993629565653707, 14.993629565653707, 14.993629565653707, 14.993629565653707, 14.993629565653707, 14.993629565653707, 14.993629565653707, 14.993629565653707, 14.993629565653707, 14.993629565653707, 14.993629565653707, 14.993629565653707, 14.993629565653707, 14.993629565653707, 14.993629565653707, 14.993629565653707, 14.993629565653707, 14.993629565653707, 14.993629565653707, 14.993629565653707, 14.993629565653707, 14.993629565653707, 14.993629565653707, 14.993629565653707, 14.993629565653707, 14.993629565653707, 14.993629565653707, 14.993629565653707, 14.993629565653707, 14.993629565653707, 14.993629565653707, 14.993629565653707, 14.993629565653707, 14.993629565653707, 14.993629565653707, 14.993629565653707, 14.993629565653707, 14.993629565653707, 14.993629565653707, 14.993629565653707, 14.993629565653707, 14.993629565653707, 14.993629565653707, 14.993629565653707, 14.993629565653707, 14.993629565653707, 14.993629565653707, 14.993629565653707, 14.993629565653707, 14.993629565653707, 14.993629565653707, 14.993629565653707, 14.993629565653707, 14.993629565653707, 14.993629565653707) 

3 : 

x <- c(15.005852439469079, 15.005852439469079, 15.005852439469079, 15.005852439469079, 15.005852439469079, 15.005852439469079, 15.005852439469079, 15.005852439469079, 15.005852439469079, 15.005852439469079, 15.005852439469079, 15.005852439469079, 15.005852439469079, 15.005852439469079, 15.005852439469079, 15.005852439469079, 15.005852439469079, 15.005852439469079, 15.005852439469079, 15.005852439469079, 15.005852439469079, 15.005852439469079, 15.005852439469079, 15.005852439469079, 15.005852439469079, 15.005852439469079, 15.005852439469079, 15.005852439469079, 15.005852439469079, 15.005852439469079, 15.005852439469079, 15.005852439469079, 15.005852439469079, 15.005852439469079, 15.005852439469079, 15.005852439469079, 15.005852439469079, 15.005852439469079, 15.005852439469079, 15.005852439469079, 15.005852439469079, 15.005852439469079, 15.005852439469079, 15.005852439469079, 15.005852439469079, 15.005852439469079, 15.005852439469079, 15.005852439469079, 15.005852439469079, 15.005852439469079, 15.005852439469079, 15.005852439469079, 15.005852439469079, 15.005852439469079, 15.005852439469079, 15.005852439469079, 15.005852439469079, 15.005852439469079, 15.005852439469079, 15.005852439469079, 15.005852439469079, 15.005852439469079, 15.005852439469079, 15.005852439469079, 15.005852439469079, 15.005852439469079, 15.005852439469079, 15.005852439469079, 15.005852439469079, 15.005852439469079, 15.005852439469079, 15.005852439469079, 15.005852439469079, 15.005852439469079, 15.005852439469079, 15.005852439469079, 15.005852439469079, 15.005852439469079, 15.005852439469079, 15.005852439469079, 15.005852439469079, 15.005852439469079, 15.005852439469079, 15.005852439469079, 15.005852439469079, 15.005852439469079, 15.005852439469079, 15.005852439469079, 15.005852439469079, 15.005852439469079, 15.005852439469079, 15.005852439469079, 15.005852439469079, 15.005852439469079, 15.005852439469079, 15.005852439469079, 15.005852439469079, 15.005852439469079, 15.005852439469079, 15.005852439469079) 

4 : 

