med: 1.6380629879798623/desvio: 0.08087194582416567


Funcoes: 

Erros: 

1 : 

x <- c(1.7476681062137667, 1.7476681062137667, 1.7476681062137667, 1.7476681062137667, 1.7476681062137667, 1.7476681062137667, 1.7476681062137667, 1.7476681062137667, 1.7476681062137667, 1.7476681062137667, 1.7476681062137667, 1.7476681062137667, 1.7476681062137667, 1.7476681062137667, 1.7476681062137667, 1.7476681062137667, 1.7476681062137667, 1.7476681062137667, 1.7476681062137667, 1.7476681062137667, 1.7476681062137667, 1.7476681062137667, 1.7476681062137667, 1.7476681062137667, 1.7476681062137667, 1.7476681062137667, 1.7476681062137667, 1.7476681062137667, 1.7476681062137667, 1.7476681062137667, 1.7476681062137667, 1.7476681062137667, 1.7476681062137667, 1.7476681062137667, 1.7476681062137667, 1.7476681062137667, 1.7476681062137667, 1.7476681062137667, 1.7476681062137667, 1.7476681062137667, 1.7476681062137667, 1.7476681062137667, 1.7476681062137667, 1.7476681062137667, 1.7476681062137667, 1.7476681062137667, 1.7476681062137667, 1.7476681062137667, 1.7476681062137667, 1.7476681062137667, 1.7476681062137667, 1.7476681062137667, 1.7476681062137667, 1.7476681062137667, 1.7476681062137667, 1.7476681062137667, 1.7476681062137667, 1.7476681062137667, 1.7476681062137667, 1.7476681062137667, 1.7476681062137667, 1.7476681062137667, 1.7476681062137667, 1.7476681062137667, 1.7476681062137667, 1.7476681062137667, 1.7476681062137667, 1.7476681062137667, 1.7476681062137667, 1.7476681062137667, 1.7476681062137667, 1.7476681062137667, 1.7476681062137667, 1.7476681062137667, 1.7476681062137667, 1.7476681062137667, 1.7476681062137667, 1.7476681062137667, 1.7476681062137667, 1.7476681062137667, 1.7476681062137667, 1.7476681062137667, 1.7476681062137667, 1.7476681062137667, 1.7476681062137667, 1.7476681062137667, 1.7476681062137667, 1.7476681062137667, 1.7476681062137667, 1.7476681062137667, 1.7476681062137667, 1.7476681062137667, 1.7476681062137667, 1.7476681062137667, 1.7476681062137667, 1.7476681062137667, 1.7476681062137667, 1.7476681062137667, 1.7476681062137667, 1.7476681062137667) 

2 : 

x <- c(1.6180745660234752, 1.6180745660234752, 1.6180745660234752, 1.6180745660234752, 1.6180745660234752, 1.6180745660234752, 1.6180745660234752, 1.6180745660234752, 1.6180745660234752, 1.6180745660234752, 1.6180745660234752, 1.6180745660234752, 1.6180745660234752, 1.6180745660234752, 1.6180745660234752, 1.6180745660234752, 1.6180745660234752, 1.6180745660234752, 1.6180745660234752, 1.6180745660234752, 1.6180745660234752, 1.6180745660234752, 1.6180745660234752, 1.6180745660234752, 1.6180745660234752, 1.6180745660234752, 1.6180745660234752, 1.6180745660234752, 1.6180745660234752, 1.6180745660234752, 1.6180745660234752, 1.6180745660234752, 1.6180745660234752, 1.6180745660234752, 1.6180745660234752, 1.6180745660234752, 1.6180745660234752, 1.6180745660234752, 1.6180745660234752, 1.6180745660234752, 1.6180745660234752, 1.6180745660234752, 1.6180745660234752, 1.6180745660234752, 1.6180745660234752, 1.6180745660234752, 1.6180745660234752, 1.6180745660234752, 1.6180745660234752, 1.6180745660234752, 1.6180745660234752, 1.6180745660234752, 1.6180745660234752, 1.6180745660234752, 1.6180745660234752, 1.6180745660234752, 1.6180745660234752, 1.6180745660234752, 1.6180745660234752, 1.6180745660234752, 1.6180745660234752, 1.6180745660234752, 1.6180745660234752, 1.6180745660234752, 1.6180745660234752, 1.6180745660234752, 1.6180745660234752, 1.6180745660234752, 1.6180745660234752, 1.6180745660234752, 1.6180745660234752, 1.6180745660234752, 1.6180745660234752, 1.6180745660234752, 1.6180745660234752, 1.6180745660234752, 1.6180745660234752, 1.6180745660234752, 1.6180745660234752, 1.6180745660234752, 1.6180745660234752, 1.6180745660234752, 1.6180745660234752, 1.6180745660234752, 1.6180745660234752, 1.6180745660234752, 1.6180745660234752, 1.6180745660234752, 1.6180745660234752, 1.6180745660234752, 1.6180745660234752, 1.6180745660234752, 1.6180745660234752, 1.6180745660234752, 1.6180745660234752, 1.6180745660234752, 1.6180745660234752, 1.6180745660234752, 1.6180745660234752, 1.6180745660234752) 

3 : 

x <- c(1.5317864771464533, 1.5317864771464533, 1.5317864771464533, 1.5317864771464533, 1.5317864771464533, 1.5317864771464533, 1.5317864771464533, 1.5317864771464533, 1.5317864771464533, 1.5317864771464533, 1.5317864771464533, 1.5317864771464533, 1.5317864771464533, 1.5317864771464533, 1.5317864771464533, 1.5317864771464533, 1.5317864771464533, 1.5317864771464533, 1.5317864771464533, 1.5317864771464533, 1.5317864771464533, 1.5317864771464533, 1.5317864771464533, 1.5317864771464533, 1.5317864771464533, 1.5317864771464533, 1.5317864771464533, 1.5317864771464533, 1.5317864771464533, 1.5317864771464533, 1.5317864771464533, 1.5317864771464533, 1.5317864771464533, 1.5317864771464533, 1.5317864771464533, 1.5317864771464533, 1.5317864771464533, 1.5317864771464533, 1.5317864771464533, 1.5317864771464533, 1.5317864771464533, 1.5317864771464533, 1.5317864771464533, 1.5317864771464533, 1.5317864771464533, 1.5317864771464533, 1.5317864771464533, 1.5317864771464533, 1.5317864771464533, 1.5317864771464533, 1.5317864771464533, 1.5317864771464533, 1.5317864771464533, 1.5317864771464533, 1.5317864771464533, 1.5317864771464533, 1.5317864771464533, 1.5317864771464533, 1.5317864771464533, 1.5317864771464533, 1.5317864771464533, 1.5317864771464533, 1.5317864771464533, 1.5317864771464533, 1.5317864771464533, 1.5317864771464533, 1.5317864771464533, 1.5317864771464533, 1.5317864771464533, 1.5317864771464533, 1.5317864771464533, 1.5317864771464533, 1.5317864771464533, 1.5317864771464533, 1.5317864771464533, 1.5317864771464533, 1.5317864771464533, 1.5317864771464533, 1.5317864771464533, 1.5317864771464533, 1.5317864771464533, 1.5317864771464533, 1.5317864771464533, 1.5317864771464533, 1.5317864771464533, 1.5317864771464533, 1.5317864771464533, 1.5317864771464533, 1.5317864771464533, 1.5317864771464533, 1.5317864771464533, 1.5317864771464533, 1.5317864771464533, 1.5317864771464533, 1.5317864771464533, 1.5317864771464533, 1.5317864771464533, 1.5317864771464533, 1.5317864771464533, 1.5317864771464533) 

4 : 

