med: 299.3834369021234/desvio: 4.3559286582920205


Funcoes: 

Erros: 

1 : 

x <- c(300.59224399944895, 300.59224399944895, 300.59224399944895, 300.59224399944895, 300.59224399944895, 300.59224399944895, 300.59224399944895, 300.59224399944895, 300.59224399944895, 300.59224399944895, 300.59224399944895, 300.59224399944895, 300.59224399944895, 300.59224399944895, 300.59224399944895, 300.59224399944895, 300.59224399944895, 300.59224399944895, 300.59224399944895, 300.59224399944895, 300.59224399944895, 300.59224399944895, 300.59224399944895, 300.59224399944895, 300.59224399944895, 300.59224399944895, 300.59224399944895, 300.59224399944895, 300.59224399944895, 300.59224399944895, 300.59224399944895, 300.59224399944895, 300.59224399944895, 300.59224399944895, 300.59224399944895, 300.59224399944895, 300.59224399944895, 300.59224399944895, 300.59224399944895, 300.59224399944895, 300.59224399944895, 300.59224399944895, 300.59224399944895, 300.59224399944895, 300.59224399944895, 300.59224399944895, 300.59224399944895, 300.59224399944895, 300.59224399944895, 300.59224399944895, 300.59224399944895, 300.59224399944895, 300.59224399944895, 300.59224399944895, 300.59224399944895, 300.59224399944895, 300.59224399944895, 300.59224399944895, 300.59224399944895, 300.59224399944895, 300.59224399944895, 300.59224399944895, 300.59224399944895, 300.59224399944895, 300.59224399944895, 300.59224399944895, 300.59224399944895, 300.59224399944895, 300.59224399944895, 300.59224399944895, 300.59224399944895, 300.59224399944895, 300.59224399944895, 300.59224399944895, 300.59224399944895, 300.59224399944895, 300.59224399944895, 300.59224399944895, 300.59224399944895, 300.59224399944895, 300.59224399944895, 300.59224399944895, 300.59224399944895, 300.59224399944895, 300.59224399944895, 300.59224399944895, 300.59224399944895, 300.59224399944895, 300.59224399944895, 300.59224399944895, 300.59224399944895, 300.59224399944895, 300.59224399944895, 300.59224399944895, 300.59224399944895, 300.59224399944895, 300.59224399944895, 300.59224399944895, 300.59224399944895, 300.59224399944895) 

2 : 

x <- c(301.2659179046727, 301.2659179046727, 301.2659179046727, 301.2659179046727, 301.2659179046727, 301.2659179046727, 301.2659179046727, 301.2659179046727, 301.2659179046727, 301.2659179046727, 301.2659179046727, 301.2659179046727, 301.2659179046727, 301.2659179046727, 301.2659179046727, 301.2659179046727, 301.2659179046727, 301.2659179046727, 301.2659179046727, 301.2659179046727, 301.2659179046727, 301.2659179046727, 301.2659179046727, 301.2659179046727, 301.2659179046727, 301.2659179046727, 301.2659179046727, 301.2659179046727, 301.2659179046727, 301.2659179046727, 301.2659179046727, 301.2659179046727, 301.2659179046727, 301.2659179046727, 301.2659179046727, 301.2659179046727, 301.2659179046727, 301.2659179046727, 301.2659179046727, 301.2659179046727, 301.2659179046727, 301.2659179046727, 301.2659179046727, 301.2659179046727, 301.2659179046727, 301.2659179046727, 301.2659179046727, 301.2659179046727, 301.2659179046727, 301.2659179046727, 301.2659179046727, 301.2659179046727, 301.2659179046727, 301.2659179046727, 301.2659179046727, 301.2659179046727, 301.2659179046727, 301.2659179046727, 301.2659179046727, 301.2659179046727, 301.2659179046727, 301.2659179046727, 301.2659179046727, 301.2659179046727, 301.2659179046727, 301.2659179046727, 301.2659179046727, 301.2659179046727, 301.2659179046727, 301.2659179046727, 301.2659179046727, 301.2659179046727, 301.2659179046727, 301.2659179046727, 301.2659179046727, 301.2659179046727, 301.2659179046727, 301.2659179046727, 301.2659179046727, 301.2659179046727, 301.2659179046727, 301.2659179046727, 301.2659179046727, 301.2659179046727, 301.2659179046727, 301.2659179046727, 301.2659179046727, 301.2659179046727, 301.2659179046727, 301.2659179046727, 301.2659179046727, 301.2659179046727, 301.2659179046727, 301.2659179046727, 301.2659179046727, 301.2659179046727, 301.2659179046727, 301.2659179046727, 301.2659179046727, 301.2659179046727) 

3 : 

x <- c(308.4933006264181, 308.4933006264181, 308.4933006264181, 308.4933006264181, 308.4933006264181, 308.4933006264181, 308.4933006264181, 308.4933006264181, 308.4933006264181, 308.4933006264181, 308.4933006264181, 308.4933006264181, 308.4933006264181, 308.4933006264181, 308.4933006264181, 308.4933006264181, 308.4933006264181, 308.4933006264181, 308.4933006264181, 308.4933006264181, 308.4933006264181, 308.4933006264181, 308.4933006264181, 308.4933006264181, 308.4933006264181, 308.4933006264181, 308.4933006264181, 308.4933006264181, 308.4933006264181, 308.4933006264181, 308.4933006264181, 308.4933006264181, 308.4933006264181, 308.4933006264181, 308.4933006264181, 308.4933006264181, 308.4933006264181, 308.4933006264181, 308.4933006264181, 308.4933006264181, 308.4933006264181, 308.4933006264181, 308.4933006264181, 308.4933006264181, 308.4933006264181, 308.4933006264181, 308.4933006264181, 308.4933006264181, 308.4933006264181, 308.4933006264181, 308.4933006264181, 308.4933006264181, 308.4933006264181, 308.4933006264181, 308.4933006264181, 308.4933006264181, 308.4933006264181, 308.4933006264181, 308.4933006264181, 308.4933006264181, 308.4933006264181, 308.4933006264181, 308.4933006264181, 308.4933006264181, 308.4933006264181, 308.4933006264181, 308.4933006264181, 308.4933006264181, 308.4933006264181, 308.4933006264181, 308.4933006264181, 308.4933006264181, 308.4933006264181, 308.4933006264181, 308.4933006264181, 308.4933006264181, 308.4933006264181, 308.4933006264181, 308.4933006264181, 308.4933006264181, 308.4933006264181, 308.4933006264181, 308.4933006264181, 308.4933006264181, 308.4933006264181, 308.4933006264181, 308.4933006264181, 308.4933006264181, 308.4933006264181, 308.4933006264181, 308.4933006264181, 308.4933006264181, 308.4933006264181, 308.4933006264181, 308.4933006264181, 308.4933006264181, 308.4933006264181, 308.4933006264181, 308.4933006264181, 308.4933006264181) 

4 : 

x <- c(292.65065604348683, 292.65065604348683, 292.65065604348683, 292.65065604348683, 292.65065604348683, 292.65065604348683, 292.65065604348683, 292.65065604348683, 292.65065604348683, 292.65065604348683, 292.65065604348683, 292.65065604348683, 292.65065604348683, 292.65065604348683, 292.65065604348683, 292.65065604348683, 292.65065604348683, 292.65065604348683, 292.65065604348683, 292.65065604348683, 292.65065604348683, 292.65065604348683, 292.65065604348683, 292.65065604348683, 292.65065604348683, 292.65065604348683, 292.65065604348683, 292.65065604348683, 292.65065604348683, 292.65065604348683, 292.65065604348683, 292.65065604348683, 292.65065604348683, 292.65065604348683, 292.65065604348683, 292.65065604348683, 292.65065604348683, 292.65065604348683, 292.65065604348683, 292.65065604348683, 292.65065604348683, 292.65065604348683, 292.65065604348683, 292.65065604348683, 292.65065604348683, 292.65065604348683, 292.65065604348683, 292.65065604348683, 292.65065604348683, 292.65065604348683, 292.65065604348683, 292.65065604348683, 292.65065604348683, 292.65065604348683, 292.65065604348683, 292.65065604348683, 292.65065604348683, 292.65065604348683, 292.65065604348683, 292.65065604348683, 292.65065604348683, 292.65065604348683, 292.65065604348683, 292.65065604348683, 292.65065604348683, 292.65065604348683, 292.65065604348683, 292.65065604348683, 292.65065604348683, 292.65065604348683, 292.65065604348683, 292.65065604348683, 292.65065604348683, 292.65065604348683, 292.65065604348683, 292.65065604348683, 292.65065604348683, 292.65065604348683, 292.65065604348683, 292.65065604348683, 292.65065604348683, 292.65065604348683, 292.65065604348683, 292.65065604348683, 292.65065604348683, 292.65065604348683, 292.65065604348683, 292.65065604348683, 292.65065604348683, 292.65065604348683, 292.65065604348683, 292.65065604348683, 292.65065604348683, 292.65065604348683, 292.65065604348683, 292.65065604348683, 292.65065604348683, 292.65065604348683, 292.65065604348683, 292.65065604348683) 

5 : 

