med: 669.3031340789119/desvio: 11.968723503888334


Funcoes: 

Erros: 

1 : 

x <- c(654.2568456847166, 654.2568456847166, 654.2568456847166, 654.2568456847166, 654.2568456847166, 654.2568456847166, 654.2568456847166, 654.2568456847166, 654.2568456847166, 654.2568456847166, 654.2568456847166, 654.2568456847166, 654.2568456847166, 654.2568456847166, 654.2568456847166, 654.2568456847166, 654.2568456847166, 654.2568456847166, 654.2568456847166, 654.2568456847166, 654.2568456847166, 654.2568456847166, 654.2568456847166, 654.2568456847166, 654.2568456847166, 654.2568456847166, 654.2568456847166, 654.2568456847166, 654.2568456847166, 654.2568456847166, 654.2568456847166, 654.2568456847166, 654.2568456847166, 654.2568456847166, 654.2568456847166, 654.2568456847166, 654.2568456847166, 654.2568456847166, 654.2568456847166, 654.2568456847166, 654.2568456847166, 654.2568456847166, 654.2568456847166, 654.2568456847166, 654.2568456847166, 654.2568456847166, 654.2568456847166, 654.2568456847166, 654.2568456847166, 654.2568456847166, 654.2568456847166, 654.2568456847166, 654.2568456847166, 654.2568456847166, 654.2568456847166, 654.2568456847166, 654.2568456847166, 654.2568456847166, 654.2568456847166, 654.2568456847166, 654.2568456847166, 654.2568456847166, 654.2568456847166, 654.2568456847166, 654.2568456847166, 654.2568456847166, 654.2568456847166, 654.2568456847166, 654.2568456847166, 654.2568456847166, 654.2568456847166, 654.2568456847166, 654.2568456847166, 654.2568456847166, 654.2568456847166, 654.2568456847166, 654.2568456847166, 654.2568456847166, 654.2568456847166, 654.2568456847166, 654.2568456847166, 654.2568456847166, 654.2568456847166, 654.2568456847166, 654.2568456847166, 654.2568456847166, 654.2568456847166, 654.2568456847166, 654.2568456847166, 654.2568456847166, 654.2568456847166, 654.2568456847166, 654.2568456847166, 654.2568456847166, 654.2568456847166, 654.2568456847166, 654.2568456847166, 654.2568456847166, 654.2568456847166, 654.2568456847166) 

2 : 

x <- c(665.8386880080178, 665.8386880080178, 665.8386880080178, 665.8386880080178, 665.8386880080178, 665.8386880080178, 665.8386880080178, 665.8386880080178, 665.8386880080178, 665.8386880080178, 665.8386880080178, 665.8386880080178, 665.8386880080178, 665.8386880080178, 665.8386880080178, 665.8386880080178, 665.8386880080178, 665.8386880080178, 665.8386880080178, 665.8386880080178, 665.8386880080178, 665.8386880080178, 665.8386880080178, 665.8386880080178, 665.8386880080178, 665.8386880080178, 665.8386880080178, 665.8386880080178, 665.8386880080178, 665.8386880080178, 665.8386880080178, 665.8386880080178, 665.8386880080178, 665.8386880080178, 665.8386880080178, 665.8386880080178, 665.8386880080178, 665.8386880080178, 665.8386880080178, 665.8386880080178, 665.8386880080178, 665.8386880080178, 665.8386880080178, 665.8386880080178, 665.8386880080178, 665.8386880080178, 665.8386880080178, 665.8386880080178, 665.8386880080178, 665.8386880080178, 665.8386880080178, 665.8386880080178, 665.8386880080178, 665.8386880080178, 665.8386880080178, 665.8386880080178, 665.8386880080178, 665.8386880080178, 665.8386880080178, 665.8386880080178, 665.8386880080178, 665.8386880080178, 665.8386880080178, 665.8386880080178, 665.8386880080178, 665.8386880080178, 665.8386880080178, 665.8386880080178, 665.8386880080178, 665.8386880080178, 665.8386880080178, 665.8386880080178, 665.8386880080178, 665.8386880080178, 665.8386880080178, 665.8386880080178, 665.8386880080178, 665.8386880080178, 665.8386880080178, 665.8386880080178, 665.8386880080178, 665.8386880080178, 665.8386880080178, 665.8386880080178, 665.8386880080178, 665.8386880080178, 665.8386880080178, 665.8386880080178, 665.8386880080178, 665.8386880080178, 665.8386880080178, 665.8386880080178, 665.8386880080178, 665.8386880080178, 665.8386880080178, 665.8386880080178, 665.8386880080178, 665.8386880080178, 665.8386880080178, 665.8386880080178) 

3 : 

x <- c(668.6873111634402, 668.6873111634402, 668.6873111634402, 668.6873111634402, 668.6873111634402, 668.6873111634402, 668.6873111634402, 668.6873111634402, 668.6873111634402, 668.6873111634402, 668.6873111634402, 668.6873111634402, 668.6873111634402, 668.6873111634402, 668.6873111634402, 668.6873111634402, 668.6873111634402, 668.6873111634402, 668.6873111634402, 668.6873111634402, 668.6873111634402, 668.6873111634402, 668.6873111634402, 668.6873111634402, 668.6873111634402, 668.6873111634402, 668.6873111634402, 668.6873111634402, 668.6873111634402, 668.6873111634402, 668.6873111634402, 668.6873111634402, 668.6873111634402, 668.6873111634402, 668.6873111634402, 668.6873111634402, 668.6873111634402, 668.6873111634402, 668.6873111634402, 668.6873111634402, 668.6873111634402, 668.6873111634402, 668.6873111634402, 668.6873111634402, 668.6873111634402, 668.6873111634402, 668.6873111634402, 668.6873111634402, 668.6873111634402, 668.6873111634402, 668.6873111634402, 668.6873111634402, 668.6873111634402, 668.6873111634402, 668.6873111634402, 668.6873111634402, 668.6873111634402, 668.6873111634402, 668.6873111634402, 668.6873111634402, 668.6873111634402, 668.6873111634402, 668.6873111634402, 668.6873111634402, 668.6873111634402, 668.6873111634402, 668.6873111634402, 668.6873111634402, 668.6873111634402, 668.6873111634402, 668.6873111634402, 668.6873111634402, 668.6873111634402, 668.6873111634402, 668.6873111634402, 668.6873111634402, 668.6873111634402, 668.6873111634402, 668.6873111634402, 668.6873111634402, 668.6873111634402, 668.6873111634402, 668.6873111634402, 668.6873111634402, 668.6873111634402, 668.6873111634402, 668.6873111634402, 668.6873111634402, 668.6873111634402, 668.6873111634402, 668.6873111634402, 668.6873111634402, 668.6873111634402, 668.6873111634402, 668.6873111634402, 668.6873111634402, 668.6873111634402, 668.6873111634402, 668.6873111634402, 668.6873111634402) 

4 : 

x <- c(670.4121029269149, 670.4121029269149, 670.4121029269149, 670.4121029269149, 670.4121029269149, 670.4121029269149, 670.4121029269149, 670.4121029269149, 670.4121029269149, 670.4121029269149, 670.4121029269149, 670.4121029269149, 670.4121029269149, 670.4121029269149, 670.4121029269149, 670.4121029269149, 670.4121029269149, 670.4121029269149, 670.4121029269149, 670.4121029269149, 670.4121029269149, 670.4121029269149, 670.4121029269149, 670.4121029269149, 670.4121029269149, 670.4121029269149, 670.4121029269149, 670.4121029269149, 670.4121029269149, 670.4121029269149, 670.4121029269149, 670.4121029269149, 670.4121029269149, 670.4121029269149, 670.4121029269149, 670.4121029269149, 670.4121029269149, 670.4121029269149, 670.4121029269149, 670.4121029269149, 670.4121029269149, 670.4121029269149, 670.4121029269149, 670.4121029269149, 670.4121029269149, 670.4121029269149, 670.4121029269149, 670.4121029269149, 670.4121029269149, 670.4121029269149, 670.4121029269149, 670.4121029269149, 670.4121029269149, 670.4121029269149, 670.4121029269149, 670.4121029269149, 670.4121029269149, 670.4121029269149, 670.4121029269149, 670.4121029269149, 670.4121029269149, 670.4121029269149, 670.4121029269149, 670.4121029269149, 670.4121029269149, 670.4121029269149, 670.4121029269149, 670.4121029269149, 670.4121029269149, 670.4121029269149, 670.4121029269149, 670.4121029269149, 670.4121029269149, 670.4121029269149, 670.4121029269149, 670.4121029269149, 670.4121029269149, 670.4121029269149, 670.4121029269149, 670.4121029269149, 670.4121029269149, 670.4121029269149, 670.4121029269149, 670.4121029269149, 670.4121029269149, 670.4121029269149, 670.4121029269149, 670.4121029269149, 670.4121029269149, 670.4121029269149, 670.4121029269149, 670.4121029269149, 670.4121029269149, 670.4121029269149, 670.4121029269149, 670.4121029269149, 670.4121029269149, 670.4121029269149, 670.4121029269149, 670.4121029269149) 

5 : 

