med: 116.92857027739815/desvio: 0.981595701320829


Funcoes: 

Erros: 

1 : 

x <- c(116.64894698891712, 116.64894698891712, 116.64894698891712, 116.64894698891712, 116.64894698891712, 116.64894698891712, 116.64894698891712, 116.64894698891712, 116.64894698891712, 116.64894698891712, 116.64894698891712, 116.64894698891712, 116.64894698891712, 116.64894698891712, 116.64894698891712, 116.64894698891712, 116.64894698891712, 116.64894698891712, 116.64894698891712, 116.64894698891712, 116.64894698891712, 116.64894698891712, 116.64894698891712, 116.64894698891712, 116.64894698891712, 116.64894698891712, 116.64894698891712, 116.64894698891712, 116.64894698891712, 116.64894698891712, 116.64894698891712, 116.64894698891712, 116.64894698891712, 116.64894698891712, 116.64894698891712, 116.64894698891712, 116.64894698891712, 116.64894698891712, 116.64894698891712, 116.64894698891712, 116.64894698891712, 116.64894698891712, 116.64894698891712, 116.64894698891712, 116.64894698891712, 116.64894698891712, 116.64894698891712, 116.64894698891712, 116.64894698891712, 116.64894698891712, 116.64894698891712, 116.64894698891712, 116.64894698891712, 116.64894698891712, 116.64894698891712, 116.64894698891712, 116.64894698891712, 116.64894698891712, 116.64894698891712, 116.64894698891712, 116.64894698891712, 116.64894698891712, 116.64894698891712, 116.64894698891712, 116.64894698891712, 116.64894698891712, 116.64894698891712, 116.64894698891712, 116.64894698891712, 116.64894698891712, 116.64894698891712, 116.64894698891712, 116.64894698891712, 116.64894698891712, 116.64894698891712, 116.64894698891712, 116.64894698891712, 116.64894698891712, 116.64894698891712, 116.64894698891712, 116.64894698891712, 116.64894698891712, 116.64894698891712, 116.64894698891712, 116.64894698891712, 116.64894698891712, 116.64894698891712, 116.64894698891712, 116.64894698891712, 116.64894698891712, 116.64894698891712, 116.64894698891712, 116.64894698891712, 116.64894698891712, 116.64894698891712, 116.64894698891712, 116.64894698891712, 116.64894698891712, 116.64894698891712, 116.64894698891712) 

2 : 

x <- c(116.08678746311571, 116.08678746311571, 116.08678746311571, 116.08678746311571, 116.08678746311571, 116.08678746311571, 116.08678746311571, 116.08678746311571, 116.08678746311571, 116.08678746311571, 116.08678746311571, 116.08678746311571, 116.08678746311571, 116.08678746311571, 116.08678746311571, 116.08678746311571, 116.08678746311571, 116.08678746311571, 116.08678746311571, 116.08678746311571, 116.08678746311571, 116.08678746311571, 116.08678746311571, 116.08678746311571, 116.08678746311571, 116.08678746311571, 116.08678746311571, 116.08678746311571, 116.08678746311571, 116.08678746311571, 116.08678746311571, 116.08678746311571, 116.08678746311571, 116.08678746311571, 116.08678746311571, 116.08678746311571, 116.08678746311571, 116.08678746311571, 116.08678746311571, 116.08678746311571, 116.08678746311571, 116.08678746311571, 116.08678746311571, 116.08678746311571, 116.08678746311571, 116.08678746311571, 116.08678746311571, 116.08678746311571, 116.08678746311571, 116.08678746311571, 116.08678746311571, 116.08678746311571, 116.08678746311571, 116.08678746311571, 116.08678746311571, 116.08678746311571, 116.08678746311571, 116.08678746311571, 116.08678746311571, 116.08678746311571, 116.08678746311571, 116.08678746311571, 116.08678746311571, 116.08678746311571, 116.08678746311571, 116.08678746311571, 116.08678746311571, 116.08678746311571, 116.08678746311571, 116.08678746311571, 116.08678746311571, 116.08678746311571, 116.08678746311571, 116.08678746311571, 116.08678746311571, 116.08678746311571, 116.08678746311571, 116.08678746311571, 116.08678746311571, 116.08678746311571, 116.08678746311571, 116.08678746311571, 116.08678746311571, 116.08678746311571, 116.08678746311571, 116.08678746311571, 116.08678746311571, 116.08678746311571, 116.08678746311571, 116.08678746311571, 116.08678746311571, 116.08678746311571, 116.08678746311571, 116.08678746311571, 116.08678746311571, 116.08678746311571, 116.08678746311571, 116.08678746311571, 116.08678746311571, 116.08678746311571) 

3 : 

x <- c(117.28310590128393, 117.28310590128393, 117.28310590128393, 117.28310590128393, 117.28310590128393, 117.28310590128393, 117.28310590128393, 117.28310590128393, 117.28310590128393, 117.28310590128393, 117.28310590128393, 117.28310590128393, 117.28310590128393, 117.28310590128393, 117.28310590128393, 117.28310590128393, 117.28310590128393, 117.28310590128393, 117.28310590128393, 117.28310590128393, 117.28310590128393, 117.28310590128393, 117.28310590128393, 117.28310590128393, 117.28310590128393, 117.28310590128393, 117.28310590128393, 117.28310590128393, 117.28310590128393, 117.28310590128393, 117.28310590128393, 117.28310590128393, 117.28310590128393, 117.28310590128393, 117.28310590128393, 117.28310590128393, 117.28310590128393, 117.28310590128393, 117.28310590128393, 117.28310590128393, 117.28310590128393, 117.28310590128393, 117.28310590128393, 117.28310590128393, 117.28310590128393, 117.28310590128393, 117.28310590128393, 117.28310590128393, 117.28310590128393, 117.28310590128393, 117.28310590128393, 117.28310590128393, 117.28310590128393, 117.28310590128393, 117.28310590128393, 117.28310590128393, 117.28310590128393, 117.28310590128393, 117.28310590128393, 117.28310590128393, 117.28310590128393, 117.28310590128393, 117.28310590128393, 117.28310590128393, 117.28310590128393, 117.28310590128393, 117.28310590128393, 117.28310590128393, 117.28310590128393, 117.28310590128393, 117.28310590128393, 117.28310590128393, 117.28310590128393, 117.28310590128393, 117.28310590128393, 117.28310590128393, 117.28310590128393, 117.28310590128393, 117.28310590128393, 117.28310590128393, 117.28310590128393, 117.28310590128393, 117.28310590128393, 117.28310590128393, 117.28310590128393, 117.28310590128393, 117.28310590128393, 117.28310590128393, 117.28310590128393, 117.28310590128393, 117.28310590128393, 117.28310590128393, 117.28310590128393, 117.28310590128393, 117.28310590128393, 117.28310590128393, 117.28310590128393, 117.28310590128393, 117.28310590128393, 117.28310590128393) 

4 : 

