med: 4093.915819758394/desvio: 149.0788418557116


Funcoes: 

Erros: 

1 : 

x <- c(3964.9403490873538, 3964.9403490873538, 3964.9403490873538, 3964.9403490873538, 3964.9403490873538, 3964.9403490873538, 3964.9403490873538, 3964.9403490873538, 3964.9403490873538, 3964.9403490873538, 3964.9403490873538, 3964.9403490873538, 3964.9403490873538, 3964.9403490873538, 3964.9403490873538, 3964.9403490873538, 3964.9403490873538, 3964.9403490873538, 3964.9403490873538, 3964.9403490873538, 3964.9403490873538, 3964.9403490873538, 3964.9403490873538, 3964.9403490873538, 3964.9403490873538, 3964.9403490873538, 3964.9403490873538, 3964.9403490873538, 3964.9403490873538, 3964.9403490873538, 3964.9403490873538, 3964.9403490873538, 3964.9403490873538, 3964.9403490873538, 3964.9403490873538, 3964.9403490873538, 3964.9403490873538, 3964.9403490873538, 3964.9403490873538, 3964.9403490873538, 3964.9403490873538, 3964.9403490873538, 3964.9403490873538, 3964.9403490873538, 3964.9403490873538, 3964.9403490873538, 3964.9403490873538, 3964.9403490873538, 3964.9403490873538, 3964.9403490873538, 3964.9403490873538, 3964.9403490873538, 3964.9403490873538, 3964.9403490873538, 3964.9403490873538, 3964.9403490873538, 3964.9403490873538, 3964.9403490873538, 3964.9403490873538, 3964.9403490873538, 3964.9403490873538, 3964.9403490873538, 3964.9403490873538, 3964.9403490873538, 3964.9403490873538, 3964.9403490873538, 3964.9403490873538, 3964.9403490873538, 3964.9403490873538, 3964.9403490873538, 3964.9403490873538, 3964.9403490873538, 3964.9403490873538, 3964.9403490873538, 3964.9403490873538, 3964.9403490873538, 3964.9403490873538, 3964.9403490873538, 3964.9403490873538, 3964.9403490873538, 3964.9403490873538, 3964.9403490873538, 3964.9403490873538, 3964.9403490873538, 3964.9403490873538, 3964.9403490873538, 3964.9403490873538, 3964.9403490873538, 3964.9403490873538, 3964.9403490873538, 3964.9403490873538, 3964.9403490873538, 3964.9403490873538, 3964.9403490873538, 3964.9403490873538, 3964.9403490873538, 3964.9403490873538, 3964.9403490873538, 3964.9403490873538, 3964.9403490873538) 

2 : 

x <- c(4248.603477525088, 4248.603477525088, 4248.603477525088, 4248.603477525088, 4248.603477525088, 4248.603477525088, 4248.603477525088, 4248.603477525088, 4248.603477525088, 4248.603477525088, 4248.603477525088, 4248.603477525088, 4248.603477525088, 4248.603477525088, 4248.603477525088, 4248.603477525088, 4248.603477525088, 4248.603477525088, 4248.603477525088, 4248.603477525088, 4248.603477525088, 4248.603477525088, 4248.603477525088, 4248.603477525088, 4248.603477525088, 4248.603477525088, 4248.603477525088, 4248.603477525088, 4248.603477525088, 4248.603477525088, 4248.603477525088, 4248.603477525088, 4248.603477525088, 4248.603477525088, 4248.603477525088, 4248.603477525088, 4248.603477525088, 4248.603477525088, 4248.603477525088, 4248.603477525088, 4248.603477525088, 4248.603477525088, 4248.603477525088, 4248.603477525088, 4248.603477525088, 4248.603477525088, 4248.603477525088, 4248.603477525088, 4248.603477525088, 4248.603477525088, 4248.603477525088, 4248.603477525088, 4248.603477525088, 4248.603477525088, 4248.603477525088, 4248.603477525088, 4248.603477525088, 4248.603477525088, 4248.603477525088, 4248.603477525088, 4248.603477525088, 4248.603477525088, 4248.603477525088, 4248.603477525088, 4248.603477525088, 4248.603477525088, 4248.603477525088, 4248.603477525088, 4248.603477525088, 4248.603477525088, 4248.603477525088, 4248.603477525088, 4248.603477525088, 4248.603477525088, 4248.603477525088, 4248.603477525088, 4248.603477525088, 4248.603477525088, 4248.603477525088, 4248.603477525088, 4248.603477525088, 4248.603477525088, 4248.603477525088, 4248.603477525088, 4248.603477525088, 4248.603477525088, 4248.603477525088, 4248.603477525088, 4248.603477525088, 4248.603477525088, 4248.603477525088, 4248.603477525088, 4248.603477525088, 4248.603477525088, 4248.603477525088, 4248.603477525088, 4248.603477525088, 4248.603477525088, 4248.603477525088, 4248.603477525088) 

3 : 

x <- c(4035.3532163762493, 4035.3532163762493, 4035.3532163762493, 4035.3532163762493, 4035.3532163762493, 4035.3532163762493, 4035.3532163762493, 4035.3532163762493, 4035.3532163762493, 4035.3532163762493, 4035.3532163762493, 4035.3532163762493, 4035.3532163762493, 4035.3532163762493, 4035.3532163762493, 4035.3532163762493, 4035.3532163762493, 4035.3532163762493, 4035.3532163762493, 4035.3532163762493, 4035.3532163762493, 4035.3532163762493, 4035.3532163762493, 4035.3532163762493, 4035.3532163762493, 4035.3532163762493, 4035.3532163762493, 4035.3532163762493, 4035.3532163762493, 4035.3532163762493, 4035.3532163762493, 4035.3532163762493, 4035.3532163762493, 4035.3532163762493, 4035.3532163762493, 4035.3532163762493, 4035.3532163762493, 4035.3532163762493, 4035.3532163762493, 4035.3532163762493, 4035.3532163762493, 4035.3532163762493, 4035.3532163762493, 4035.3532163762493, 4035.3532163762493, 4035.3532163762493, 4035.3532163762493, 4035.3532163762493, 4035.3532163762493, 4035.3532163762493, 4035.3532163762493, 4035.3532163762493, 4035.3532163762493, 4035.3532163762493, 4035.3532163762493, 4035.3532163762493, 4035.3532163762493, 4035.3532163762493, 4035.3532163762493, 4035.3532163762493, 4035.3532163762493, 4035.3532163762493, 4035.3532163762493, 4035.3532163762493, 4035.3532163762493, 4035.3532163762493, 4035.3532163762493, 4035.3532163762493, 4035.3532163762493, 4035.3532163762493, 4035.3532163762493, 4035.3532163762493, 4035.3532163762493, 4035.3532163762493, 4035.3532163762493, 4035.3532163762493, 4035.3532163762493, 4035.3532163762493, 4035.3532163762493, 4035.3532163762493, 4035.3532163762493, 4035.3532163762493, 4035.3532163762493, 4035.3532163762493, 4035.3532163762493, 4035.3532163762493, 4035.3532163762493, 4035.3532163762493, 4035.3532163762493, 4035.3532163762493, 4035.3532163762493, 4035.3532163762493, 4035.3532163762493, 4035.3532163762493, 4035.3532163762493, 4035.3532163762493, 4035.3532163762493, 4035.3532163762493, 4035.3532163762493, 4035.3532163762493) 

4 : 

