med: 1052.5521936732696/desvio: 64.77750166672057


Funcoes: 

1 : Expressao: ((((1.0*X1)/0.38893201651228315)/(Sqrt[Abs[(1.0*X0)]])))
2 : Expressao: ((((1.0*X1)/0.3718794898621285)/(Sqrt[Abs[(1.0*X0)]])))
3 : Expressao: (((0.3825334734721124+X1)-(Sin[X0])))
4 : Expressao: ((((1.0*(1.0*X1))/0.9777215224669121)-(Sin[(1.0*(1.0*X0))])))
5 : Expressao: ((((1.0*X1)/0.9702111110469801)-(Sin[(1.0*X0)])))
6 : Expressao: ((((1.0*X1)+(1.0*X1))/(Power[Abs[(1.0*X0)],0.3651965533754775])))
7 : Expressao: (((0.13899318632566138+(1.0*X1))-(Sin[(1.0*X0)])))
8 : Expressao: (((0.19476427341765645+X1)-(Sin[X0])))
9 : Expressao: (((0.23269577688121978+(1.0*X1))-(Sin[(1.0*X0)])))
10 : Expressao: ((((1.0*(1.0*X1))+0.21781925454182238)-(Sin[(1.0*(1.0*X0))])))
11 : Expressao: ((((1.0*(1.0*X1))+0.20921103693412046)-(Sin[(1.0*(1.0*X0))])))
12 : Expressao: ((((1.0*X1)+(1.0*X1))/(Power[Abs[(1.0*X0)],0.3441806953832207])))
13 : Expressao: ((((1.0*X1)+0.23486776514436447)-(Sin[(1.0*X0)])))
14 : Expressao: (((0.20387537344639706+(1.0*X1))-(Sin[(1.0*X0)])))
15 : Expressao: (((0.22638054549922348+(1.0*X1))-(Sin[(1.0*X0)])))
16 : Expressao: ((((1.0*X1)/0.9523855946574667)-(Sin[(1.0*X0)])))
17 : Expressao: (((X1/0.9708538751211309)-(Sin[X0])))
18 : Expressao: (((X1/0.6940703360382807)*(Power[Abs[0.94849766229606],X0])))
19 : Expressao: ((((1.0*X1)+(1.0*X1))/(Power[Abs[(1.0*X0)],0.3643274653020928])))
20 : Expressao: ((((1.0*X1)/0.38274107632689147)/(Sqrt[Abs[(1.0*X0)]])))
21 : Expressao: (((0.18550071194968043+(1.0*X1))-(Sin[(1.0*X0)])))
22 : Expressao: ((((1.0*(1.0*X1))+0.15095611370459838)-(Sin[(1.0*(1.0*X0))])))
23 : Expressao: ((((1.0*X1)/0.9512953968026885)-(Sin[(1.0*X0)])))
24 : Expressao: ((((1.0*(1.0*X1))+0.19758527136733628)-(Sin[(1.0*(1.0*X0))])))
25 : Expressao: ((((1.0*X1)/0.9535662446524177)-(Sin[(1.0*X0)])))
26 : Expressao: (((0.2991839647753862+(1.0*X1))-(Sin[(1.0*X0)])))
27 : Expressao: ((((1.0*(1.0*X1))+0.17299555568223657)-(Sin[(1.0*(1.0*X0))])))
28 : Expressao: ((((1.0*X1)/0.9585436909767258)-(Sin[(1.0*X0)])))
29 : Expressao: (((0.3342826119435669+(1.0*(1.0*X1)))-(Sin[(1.0*(1.0*X0))])))
30 : Expressao: (((X1/0.9714022728128944)-(Sin[X0])))
Erros: 

1 : 

x <- c(1287879.1900473097, 1183536.7915461664, 625661.7168108929, 1627644.1871906363, 2430224.7383446866, 2399103.5161622455, 5210624.588014451, 5139.858055476519, 1206054.7560432202, 252931.18062296245, 549904.9626697819, 456148.0190877906, 420074.4598398781, 972802.3461366508, 511043.0921398012, 64666.410884311656, 413797.4420645157, 135172.34926030049, 53449.38196744567, 92882.82981660595, 407592.2828558097, 1141310.5156394204, 1106557.7288889536) 

2 : 

x <- c(374525.27501237206, 289860.4890663521, 58986.690321825954, 566171.5581425029, 1063352.5733663908, 4383008.046459962, 7327365.642535413, 154949.4381960746, 2217247.8065939774, 848458.5809454105, 1466690.8643932233, 38031.671426084555, 12299.112187255236, 190610.52238855226, 27899.815711815023, 71622.72989756675, 1274160.2718015788, 4249.380266276758, 53146.705475259914, 33702.36440832655, 17333.97589809253, 295853.93423605466, 259016.70613113212) 

3 : 

x <- c(1188784.9428204035, 1488148.083620645, 421966.0381484425, 648866.9509163023, 1773111.091961891, 3156181.7975874073, 6238087.30708083, 70083.35481077357, 2680041.0107162767, 836899.1340453615, 1719332.9262890976, 20679.555591677872, 21377.5329133882, 1173240.3813169845, 441171.235543416, 17136.05486120875, 526691.4345084714, 402851.69851404795, 17582.169143188617, 11945.12325169578, 213982.1135510579, 1288122.0478631237, 1409763.5454772045) 

4 : 

x <- c(2060636.701757454, 2374239.9587486833, 918480.0513167796, 1258366.711323602, 2719497.123154586, 2154098.8735812353, 4521300.468885042, 33529.76951651005, 1413222.1898705726, 227885.3651582427, 811699.6434683998, 60723.81621154787, 248756.94883273728, 1982670.7500697158, 951029.467283069, 35048.80546392714, 147641.99809432417, 1029698.8738655716, 62787.82667320988, 68978.06015951508, 671755.7840516642, 2176281.7083801976, 2277227.268906254) 

5 : 

x <- c(1808065.2121638225, 2078191.7987044181, 730819.1987187793, 1042172.0647308158, 2398244.8179193824, 2468499.1023213067, 4875765.188439491, 16367.55406848158, 1547062.9761386127, 287468.7073987105, 939287.0398094947, 29318.3810655475, 168482.8267494576, 1716579.1766355853, 761227.0249840793, 7562.445704523237, 226929.37241898527, 876103.1366689744, 29904.213802518196, 32791.3420463629, 537105.8024645649, 1911770.7996460986, 1988232.3912735884) 

6 : 

x <- c(1159009.430856158, 809640.2781350844, 209322.5225822162, 794236.9318983399, 1468281.4740873498, 3610222.4272733354, 6728947.164530786, 6642.328110886937, 447781.0480308623, 1643.9005595676622, 95866.04635128038, 835230.1059237892, 583293.6758718864, 713954.5027966258, 163704.73182140308, 13785.241353052586, 908569.5757084027, 40556.94469932051, 72098.81529317283, 132616.96848882758, 393268.25398818246, 923901.1903879734, 698658.936755283) 

7 : 

x <- c(2180143.8852261235, 2579601.00350435, 1072894.0954868342, 1420243.4252000784, 2950833.605098095, 1933066.791682639, 4458007.6071135625, 14758.428391008034, 1564666.2446643352, 279423.27945461374, 855655.4855110848, 58764.0641708387, 283478.9996486283, 2159074.9277061797, 1103390.8015543537, 65184.282346056505, 115272.6197996367, 1042283.5187006168, 64322.65306212984, 76686.4225208104, 720459.5549872068, 2313962.817448384, 2476064.390611038) 

8 : 

x <- c(1926784.9417221325, 2303320.3906506263, 897494.3297532029, 1217260.7932792427, 2654797.1273932224, 2186825.6679088552, 4839312.22463656, 1091.6437902724645, 1793752.4461123939, 380749.8024355088, 1027102.6260335346, 23706.38036578991, 197121.1000567205, 1906981.0790863896, 925405.2635817416, 27844.892128651718, 183151.86394590026, 869516.4083314685, 27282.738061587894, 35524.29409765892, 578139.1946134439, 2052707.4843603326, 2205543.640192628) 

9 : 

x <- c(1763406.9765518112, 2124352.745851223, 787138.6199449662, 1088145.191224524, 2462392.9566966016, 2368352.9634841615, 5107587.008561539, 735.1370439331127, 1958499.1534366568, 458603.5166523014, 1152647.3677312392, 8801.314328886525, 147325.2973628281, 1744463.5409488615, 813290.8964879278, 11387.972627955724, 238257.13198538002, 760951.2423566674, 11029.500178340462, 16467.421555840123, 490281.72976340447, 1883958.959918625, 2030493.4417495031) 

10 : 

x <- c(1826620.340146162, 2193680.294122937, 829556.9531726231, 1137921.0486894567, 2536990.234860936, 2296296.42349068, 5001508.591487441, 12.401443719969084, 1893023.8657846411, 427207.1722286226, 1102546.8705341276, 13784.441864312565, 165992.37559676348, 1807339.4498998262, 856398.9652126628, 16979.728364574927, 215782.60021983983, 802667.3343625043, 16541.373130060074, 23078.864253584154, 523876.37784398015, 1949278.6266562922, 2098284.589591199) 

11 : 

x <- c(1863706.8211443806, 2234304.714364988, 854610.5045337041, 1167231.9908736988, 2580663.9552428047, 2255109.720791028, 4940635.317245674, 102.61125045556173, 1855645.3684567884, 409548.2674545511, 1074064.9109110686, 17176.31790666266, 177302.3942438446, 1844230.6646297004, 881851.6282152295, 20723.78375896251, 203286.25313661864, 827314.5377134347, 20239.204791518598, 27412.955884454015, 543824.1524573059, 1987583.9083521306, 2138019.9801976653) 

12 : 

x <- c(371316.1967168317, 146601.7955466293, 7768.341063511361, 127055.69908346207, 463689.9841599667, 5984761.044618861, 9165214.489560394, 132420.01224443177, 855516.4740340052, 98338.85363305277, 400711.00104299723, 295058.40286685183, 101801.16672954282, 113864.16632823275, 18498.122077511875, 420213.0730083632, 2072275.139314577, 43886.25506480868, 15906.928850200806, 2421.9483853878723, 33645.21905875546, 233008.35506708937, 101686.59756251432) 

13 : 

