med: 50.62885350980419/desvio: 1.2010292522773172


Funcoes: 

1 : Expressao: (((X1+0.012571294121412335)/(Power[Abs[X0],0.01354366736761936])))
2 : Expressao: (((0.992261483311167*(1.0*(1.0*X1)))+0.021048537216051575))
3 : Expressao: ((((1.0*(1.0*X0))+(1.0*(1.0*X1)))-((1.0*(1.0*X0))/0.9283674554348809)))
4 : Expressao: ((((1.0*X0)*0.981624411007982)-((1.0*X0)-(1.0*X1))))
5 : Expressao: ((((1.0*X1)-(1.0*X0))+((1.0*X0)*0.9639960325591651)))
6 : Expressao: (((X0*0.9545002601302062)+(X1-X0)))
7 : Expressao: ((0.009552993499642304+((1.0*X1)*0.96581589267758)))
8 : Expressao: ((((1.0*X1)-(1.0*X0))+(0.9567789108884679*(1.0*X0))))
9 : Expressao: (((X1/0.8714288741089227)-(X0*0.17904697971215)))
10 : Expressao: ((((1.0*(1.0*X1))+(1.0*(1.0*X0)))-((1.0*(1.0*X0))/0.95712548968684)))
11 : Expressao: (((X1-0.290452708485197)+0.320410557167991))
12 : Expressao: ((((1.0*X1)/0.9207568999565944)-((1.0*X0)*0.17068273425732194)))
13 : Expressao: (((X1/0.8149536886935006)-(X0*0.33642818076689185)))
14 : Expressao: ((((1.0*X1)/0.7661674362086933)-((1.0*X0)*0.37831675813086263)))
15 : Expressao: ((((1.0*(1.0*X1))/0.6784262450113423)-(0.4621328629820638*(1.0*(1.0*X0)))))
16 : Expressao: ((((1.0*X0)+(1.0*X1))-((1.0*X0)/0.9364385325530303)))
17 : Expressao: ((((1.0*X1)/0.8524842931607759)-(0.20320781953721312*(1.0*X0))))
18 : Expressao: ((((1.0*X1)*0.9185082406125081)/(Power[Abs[(1.0*X0)],0.14896895056471093])))
19 : Expressao: ((((1.0*X1)-(1.0*X0))+((1.0*X0)*0.9597121250045884)))
20 : Expressao: ((((1.0*X1)+(1.0*X0))-((1.0*X0)/0.9627878716835165)))
21 : Expressao: ((((1.0*X1)*0.9859210977385222)+0.03056599279955306))
22 : Expressao: ((((1.0*(1.0*X1))+0.011172350893763117)-(0.026712666896793635*(1.0*(1.0*X0)))))
23 : Expressao: ((((1.0*X1)/0.8375930458892715)-(0.23994232780268143*(1.0*X0))))
24 : Expressao: (((X0+X1)-(X0/0.9508736666942129)))
25 : Expressao: ((((1.0*X0)*0.9472123543458305)+((1.0*X1)-(1.0*X0))))
26 : Expressao: ((0.07842522288990977+((1.0*X1)-0.05160525624472234)))
27 : Expressao: ((((1.0*(1.0*X1))/0.8081072930153629)-(0.2625686022036714*(1.0*(1.0*X0)))))
28 : Expressao: (((Power[Abs[0.9290143423904536],(1.0*X0)])-(0.980842813869263-(1.0*X1))))
29 : Expressao: (((0.9425848149931899*(1.0*X0))+((1.0*X1)-(1.0*X0))))
30 : Expressao: ((((1.0*X1)*0.9741383275040537)/(Power[Abs[(1.0*X0)],0.020339017930820713])))
Erros: 

1 : 

x <- c(174.80680524420657, 10158.447214051941, 2065.5593916353155, 2547.7087064203774, 640.7567212946029, 415.3777918096955, 413.5768414364499, 3861.4817230867375, 160.24669691602642, 509.22325207277925, 2542.440806636682, 5608.509231939486, 125.33868852608865, 8926.182909163728, 3071.0536424624474, 2095.789561070203, 1726.6852465609359, 96.69833747966275, 752.7170400847765, 712.3641540125869, 1627.247632529424, 97.01506386167094, 3913.8560177977756, 7588.711326137462, 196.7367029115308, 9006.421427510093, 2063.7476062815354, 5031.569733993676, 1689.7974194531037) 

2 : 

x <- c(171.75152822654164, 10360.442732711772, 2168.564674531251, 2592.447556483591, 610.3236451789456, 437.3815576231141, 396.3421989988309, 3838.0951252622813, 133.45732634690836, 500.4277111210968, 2555.9057024928056, 5618.757069699065, 111.22858164721283, 9286.864690369752, 3261.6980450790306, 2166.4030169762655, 1689.7963073962505, 108.99126755342968, 754.4497955096143, 693.3504758226919, 1644.1587554868684, 97.48097130785344, 3838.8394780301487, 7472.892842181974, 252.2015106305147, 9604.915313064828, 2281.308418844736, 5202.268754118264, 1626.0096966157084) 

3 : 

x <- c(672.7129840091737, 7181.265250458359, 765.1923635296808, 1556.7159040929891, 1093.795199049982, 639.6726151875969, 185.63894753314122, 4920.985238650903, 27.448587878297086, 1135.6280016904593, 3712.158213550065, 7530.649647877729, 665.2076434227995, 5676.755098749816, 1189.9386496916943, 954.9841337412619, 2785.3314896099255, 335.03838533130744, 268.2414900159688, 1485.9357154270538, 2554.4619013447345, 470.9835791364575, 5920.204174555955, 10361.533828020245, 13.342071704157386, 5131.491123832127, 478.2523727101658, 2854.8323871874313, 3129.6039263945668) 

4 : 

x <- c(283.67752484017154, 9433.89459323299, 1670.4369760664604, 2183.4045031812184, 809.1854055148809, 554.4037800470994, 287.5764292102869, 4285.608611321419, 78.60951374513442, 692.2075260157748, 2929.632662607944, 6172.788464482089, 210.90666394398426, 8295.717466920316, 2588.6418924972168, 1734.1189914790923, 2054.646861766218, 182.2854025611737, 562.0947992779973, 930.9802239943465, 1939.0110534904277, 183.5678059114109, 4398.40798442528, 8194.34580552001, 128.13587890449227, 8412.748393508458, 1682.233928135518, 4464.358194059434, 2053.9472174199013) 

5 : 

x <- c(382.9795679218562, 8726.15933901995, 1362.3376552676418, 1984.3692106788214, 890.041436113163, 579.3344681451687, 254.67452147127653, 4471.538885186443, 60.50514319916814, 813.7183396271411, 3154.586871787886, 6565.829177926919, 320.4819822306438, 7458.341138764111, 2112.840453039336, 1476.2520160931015, 2262.1203180186126, 223.25063794327934, 462.69108111879996, 1083.8444118441691, 2114.6836113103545, 255.80164770214225, 4831.079437771778, 8817.587587946231, 46.64534146450759, 7344.043393230096, 1244.2168250985217, 3944.071937401336, 2352.828827044872) 

6 : 

x <- c(442.63417508788183, 8356.362459988266, 1209.3802789480771, 1881.0973332952965, 935.1909996644382, 592.990948277463, 237.77953197575124, 4573.3289573846505, 51.733535843428065, 883.2415770491579, 3279.209571482083, 6782.572808500505, 388.9716152070302, 7025.734806184509, 1876.5495628231165, 1345.945825472606, 2378.013544391048, 247.03640944101053, 413.1511235275503, 1171.0000253053695, 2212.468493839708, 299.66646645682545, 5072.554223380425, 9162.770840929665, 19.458271328278215, 6798.443728837462, 1035.5956201426673, 3677.166671561145, 2522.235843461118) 

7 : 

x <- c(402.2672615167064, 8923.602416510572, 1757.0697550814848, 2252.043530990471, 721.9581012876142, 566.0711085368671, 269.66620791728565, 4220.213385481597, 46.90945408972141, 718.7284459719203, 3094.6445885435533, 6627.116484906788, 361.1936573286063, 7677.068002295957, 2590.866352734687, 1748.4828153989959, 1993.3413578135471, 228.51668126907725, 505.0367401520293, 938.6987301408386, 2078.935551108789, 256.995469061077, 4679.531796358516, 8941.726394318968, 29.869290899238408, 7746.151962984647, 1629.1127370884408, 4351.898640135461, 1989.517405242468) 

8 : 

x <- c(427.9255940955597, 8444.37058923928, 1245.2543242188533, 1905.6272981054276, 924.254834768772, 589.699366699723, 241.78086166657758, 4548.798461406309, 53.77580423740648, 866.2986004836955, 3249.084365050054, 6730.241020731799, 371.9321615523717, 7128.366544729601, 1931.973669894072, 1376.6657785421662, 2349.9392536856353, 241.21888817711593, 424.7832360064183, 1149.7784316279324, 2188.8020340882094, 288.8240798077428, 5014.071796003909, 9079.334668971986, 24.915357505082024, 6927.448271167405, 1083.9128173239437, 3740.361875171339, 2481.047141070649) 

9 : 

x <- c(112.61051691400625, 9298.190835014002, 529.8683883697831, 1479.424592386025, 1347.5569719810064, 398.0898014217247, 384.4335516936775, 4784.0509181251045, 306.20132148948596, 866.4665230783436, 2714.8642876594486, 5289.562231672947, 33.95084261681126, 7954.613650926942, 1092.6480901232521, 959.8511840795379, 2876.3088626458725, 67.73077748519394, 568.421692365666, 1306.3181205130156, 1710.3737622935057, 84.1489949844653, 4498.425523606412, 7013.185290499469, 433.1105577546591, 7203.5231926591, 496.36926524476496, 3236.6476278428136, 3383.589611002942) 

10 : 

