med: 1259.2302360865676/desvio: 178.55746001665713


Funcoes: 

1 : Expressao: (((X0+X1)*0.46885962218535504))
2 : Expressao: ((((1.0*X1)*0.9568430878819492)/(Power[Abs[(1.0*X1)],(1.0*X1)])))
3 : Expressao: (((X1*0.9682975021773752)/(Power[Abs[X1],X1])))
4 : Expressao: ((((1.0*X0)*0.2992805616173839)+((1.0*X1)*0.6145674442288165)))
5 : Expressao: (((X1+X0)*0.4714477710959782))
6 : Expressao: ((((1.0*X1)-0.047338113430282935)/(Power[Abs[(1.0*X1)],(1.0*X1)])))
7 : Expressao: ((((1.0*X1)-0.057866980356588216)/(Power[Abs[(1.0*X1)],(1.0*X1)])))
8 : Expressao: (((X0+X1)*0.46836975518936486))
9 : Expressao: (((0.5269651989910195*(1.0*X1))+((1.0*X0)*0.4097477622526795)))
10 : Expressao: (((0.5646878012857437*(1.0*X1))+(0.39405566788756485*(1.0*X0))))
11 : Expressao: ((((1.0*X1)-0.058043414862994136)/(Power[Abs[(1.0*X1)],(1.0*X1)])))
12 : Expressao: (((0.9840121056120894*(1.0*X1))/(Power[Abs[(1.0*X1)],(1.0*X1)])))
13 : Expressao: ((((1.0*X0)*0.4081797664306467)+(0.5500238857546114*(1.0*X1))))
14 : Expressao: ((((1.0*X1)*0.5910198161610228)+(0.316220905221943*(1.0*X0))))
15 : Expressao: ((0.4738041327669167*(X0+X1)))
16 : Expressao: ((0.46241658319811857*((1.0*X0)+(1.0*X1))))
17 : Expressao: (((X1-0.03700915088678158)/(Power[Abs[X1],X1])))
18 : Expressao: ((0.4649951304069509*((1.0*X1)+(1.0*X0))))
19 : Expressao: (((X0*0.3983183212267425)+(X1*0.504199278410929)))
20 : Expressao: ((((1.0*(1.0*X0))+(1.0*(1.0*X1)))*0.466918370948999))
21 : Expressao: ((((1.0*X1)-0.010497177381580292)/(Power[Abs[(1.0*X1)],(1.0*X1)])))
22 : Expressao: ((((1.0*(1.0*X1))+(1.0*(1.0*X0)))*0.46005356214087706))
23 : Expressao: ((((1.0*X1)+(1.0*X0))/2.201576297369438))
24 : Expressao: ((0.4630449200390912*(X0+X1)))
25 : Expressao: (((0.9864541118518673*(1.0*X1))/(Power[Abs[(1.0*X1)],(1.0*X1)])))
26 : Expressao: (((0.992949392539222*(1.0*(1.0*X1)))/(Power[Abs[(1.0*(1.0*X1))],(1.0*(1.0*X1))])))
27 : Expressao: (((0.44204726734017796*X0)+(X1*0.5153413647666427)))
28 : Expressao: ((((1.0*X1)/0.9865029951899081)/(Power[Abs[(1.0*X1)],(1.0*X1)])))
29 : Expressao: (((0.9937174941317384*(1.0*X1))/(Power[Abs[(1.0*X1)],(1.0*X1)])))
30 : Expressao: ((((1.0*X0)+(1.0*X1))*0.457030319710031))
Erros: 

1 : 

x <- c(2664215.849074431, 1984.5111444096963, 4128.822168120085, 1084199.624626784, 143250.7962081605, 348294.95237949677, 1391524.146788787, 183719.90903055298, 5569.901945449713, 2063264.0565216476, 1629242.5605508757, 1396578.3474552291, 7947322.924735175, 85756.84159889683, 3923937.5826147995, 362610.34848986065, 463340.3299365727, 269518.7060456, 2587217.6586728413, 189617.48423964588, 173812.06993814604, 199664.65578516858, 1161696.531763774, 1516459.5140866134, 2648902.8885894725, 6200.412796835067) 

2 : 

x <- c(2301216.7051583305, 540297.3717548593, 283175.1726952352, 2049189.854288988, 987094.1693962913, 1928582.7383817837, 6288306.125560729, 3578699.964401781, 2663247.5388948335, 8686335.646708451, 1907006.0113320379, 7593.265523279473, 8529097.787857886, 4582920.571579822, 45091.03888370885, 927007.5213252357, 5882.21611809349, 759782.0980022217, 3438380.099470117, 1815075.4049461705, 498389.63052908063, 1086311.2011416995, 16164.133723092604, 742825.7964816692, 3618784.932197907, 0.07426960088991727) 

3 : 

x <- c(2268743.0400406537, 528630.5502373651, 268183.21326463326, 2012490.8457507037, 972585.6858549182, 1891201.6101752857, 6251995.83052197, 3564213.831224001, 2632462.1320389872, 8639694.680684, 1901374.3456754743, 5382.3930459161475, 8444953.88223695, 4578736.938654724, 41194.84337676353, 900724.928049743, 7552.4748394809785, 739030.6397384355, 3394294.4992508115, 1801170.3071772764, 480836.83848392975, 1059995.8846841156, 18880.453244811488, 762749.0405015046, 3613623.1963779707, 113.22841673317343) 

4 : 

x <- c(2902927.5787616908, 79909.00954000762, 19860.49309780008, 1055978.1603728684, 203665.47240822564, 610515.3777246757, 1177134.476982216, 207182.62234190627, 17168.44113435346, 2127437.5869895173, 1936412.7661791611, 633279.1002333272, 8420609.862281106, 468200.4473357794, 2575675.043306471, 695421.4374045234, 671417.4292360179, 583805.2807790657, 2152691.023748421, 284290.224057169, 37155.99765076723, 243059.74013283942, 1181317.384810273, 962804.8169952097, 3018103.2795845442, 126702.61549164375) 

5 : 

x <- c(2650142.2924127253, 2759.4808446267157, 5495.545652437678, 1067414.0721201063, 151661.8285630186, 335844.0853431743, 1366455.1323985388, 196427.6446000405, 7817.07545525483, 2028952.4779560815, 1669335.569576902, 1428324.6713210223, 7906673.672864687, 94081.55628109442, 3989310.9876749213, 352647.8052132616, 474353.0444850996, 261815.5252191983, 2565208.8120510518, 200413.59681098175, 183946.6573975772, 191576.72473335607, 1183315.0767186324, 1534577.359093672, 2641933.264653212, 7091.53730943669) 

6 : 

x <- c(2433760.736841798, 521590.94577627064, 282432.92237548745, 2021788.230299813, 962656.2438450125, 1909039.4173840526, 6226710.125567532, 3548406.899750716, 2619854.5771095892, 8611037.530439291, 1893933.6461234125, 6645.512486782659, 8566530.467944128, 4572445.525365912, 39602.10236278066, 966206.5362331785, 8091.946424296595, 822629.172174078, 3394968.17011846, 1788160.0804075284, 483658.144635973, 1065348.148238047, 19706.235170250176, 677688.0933364927, 3880678.906190095, 159.39377873376083) 

7 : 

x <- c(2492084.3160866452, 527140.1983491144, 295124.93131157657, 2046474.7765516099, 969317.5742255826, 1936118.1061540856, 6243377.655663635, 3553785.785610722, 2635929.160966136, 8633308.7855837, 1895738.1962649818, 8429.691969033169, 8645891.244196001, 4573619.799149348, 41573.8019883778, 997918.9679789557, 7114.737196084911, 855425.8273592652, 3422226.2789314273, 1793788.4986979724, 495093.21001097653, 1082751.3068235521, 18149.281186617754, 648023.0528143584, 3944689.110962218, 40.300601181082804) 

8 : 

x <- c(2666883.7896001856, 1852.1749635244455, 3892.0932842816246, 1087391.4168973353, 141685.81832152637, 350677.07206906786, 1396294.683921594, 181362.50040153533, 5187.331019113139, 2069790.695299865, 1621708.880799405, 1390609.776785398, 7955028.465354408, 84224.590949462, 3911624.9397124094, 364511.6085452246, 461270.47658034734, 270989.2810583162, 2591393.922506827, 187607.71068559712, 171926.1834218235, 201214.3035444895, 1157627.1539722746, 1513042.4022452335, 2650223.084314849, 6038.478474575647) 

9 : 

x <- c(2730040.447739453, 21087.77465544299, 8.913674631240003, 1048324.5281123125, 178255.63861970245, 416108.41742977634, 1272849.4901113445, 212200.85958164357, 365.6625583112238, 2034663.3930891408, 1803516.4616407854, 1120574.9261782242, 8059257.76530029, 211109.79656848471, 3482264.8647980695, 456527.8182588266, 554258.0772060431, 358619.7432743232, 2388683.512011166, 240463.83403351417, 123754.86183427593, 202594.4817970426, 1202015.7407526975, 1321507.8475809065, 2772495.67455013, 36144.439072668436) 

10 : 

x <- c(2698334.6254941607, 50973.23682834905, 323.0290584687253, 961979.4083514592, 239817.68397041326, 389169.93995798385, 1120207.8371232552, 290062.11051214323, 2884.41997795699, 1876231.5840259688, 2076733.912426636, 1124576.0662380243, 7932870.017279947, 354880.5072585402, 3553825.9197687856, 452889.17041621695, 653662.8598788097, 363246.30691995495, 2211363.7506297906, 323203.76081156835, 140004.89038525542, 169634.76577244088, 1318330.943660095, 1309018.4046639453, 2798519.231980001, 70027.85447189971) 

11 : 

x <- c(2493067.540130028, 527233.4385258943, 295339.990388255, 2046889.7305197995, 969429.3952474706, 1936573.4941738425, 6243657.146865224, 3553875.95547171, 2636198.9450783837, 8633682.234873148, 1895768.4428232869, 8461.39507882826, 8647224.227109918, 4573639.477994175, 41607.25023115921, 998454.7422925236, 7098.897412988529, 855980.8691656537, 3422683.9774608486, 1793882.8906668446, 495285.96805595414, 1083044.1364783105, 18123.73672304272, 647531.6049730174, 3945766.2044122145, 38.97620923165852) 

12 : 

