med: 0.49131641383553865/desvio: 0.027483979932340048


Funcoes: 

1 : Expressao: ((((1.0*(1.0*X1))-(1.0*(1.0*X0)))+((1.0*(1.0*X1))*0.9437331968214686)))
2 : Expressao: ((((1.0*X1)/0.6482900306693402)-(0.6612182898137197*(1.0*X0))))
3 : Expressao: ((((1.0*(1.0*X1))/0.5888406655579423)-(0.9037691923252854*(1.0*(1.0*X0)))))
4 : Expressao: ((((1.0*X1)*0.9178967967579647)-((1.0*X0)-(1.0*X1))))
5 : Expressao: (((0.9120907818426462*(1.0*X0))-((1.0*X0)-(1.0*X1))))
6 : Expressao: ((((1.0*X1)-(1.0*X0))+((1.0*X1)*0.8545481498794786)))
7 : Expressao: ((((1.0*X1)/0.7147473921889947)-((1.0*X0)*0.4334402458924075)))
8 : Expressao: (((X1*0.9033716414856243)-(X0-X1)))
9 : Expressao: (((0.0034445624760298665+(1.0*X1))/(Power[Abs[(1.0*X0)],0.06529991486390962])))
10 : Expressao: ((((1.0*(1.0*X1))-(1.0*(1.0*X0)))+((1.0*(1.0*X0))*0.8459058373946272)))
11 : Expressao: ((((1.0*X1)*0.8658076099782324)-((1.0*X0)-(1.0*X1))))
12 : Expressao: ((((1.0*X1)/0.583559519614305)-(0.8023830360089764*(1.0*X0))))
13 : Expressao: (((0.8991717780043403*(1.0*X0))-((1.0*X0)-(1.0*X1))))
14 : Expressao: ((((1.0*X1)/0.34171786083338407)-((1.0*X0)+(1.0*X1))))
15 : Expressao: ((((1.0*(1.0*X1))/0.5741350786705831)-(0.7353204542265257*(1.0*(1.0*X0)))))
16 : Expressao: ((((1.0*X1)/0.6560268402221359)-((1.0*X0)*0.6088246494229758)))
17 : Expressao: ((((1.0*X1)/0.889365236338982)-(0.24237504608330396*(1.0*X0))))
18 : Expressao: ((((1.0*X1)-(1.0*X0))+((1.0*X0)*0.933593825328874)))
19 : Expressao: ((((1.0*X1)/0.754255619204869)-((1.0*X0)*0.4126309713114916)))
20 : Expressao: ((((1.0*X1)-(1.0*X0))+(0.8437820172364515*(1.0*X1))))
21 : Expressao: (((X1*0.8814371117617299)-(X0-X1)))
22 : Expressao: ((((1.0*X1)*0.8602193916065248)-((1.0*X0)-(1.0*X1))))
23 : Expressao: ((((1.0*(1.0*X1))/0.5520381841661983)-(0.9657925214719694*(1.0*(1.0*X0)))))
24 : Expressao: ((((1.0*X1)/0.6654627960386483)-(0.7065275470391734*(1.0*X0))))
25 : Expressao: ((((1.0*X1)/0.6561071132526183)-(0.6638104605532412*(1.0*X0))))
26 : Expressao: (((0.8376459315300991*(1.0*X1))+((1.0*X1)-(1.0*X0))))
27 : Expressao: ((((1.0*(1.0*X1))/0.5377621253785605)-(0.9710935763137596*(1.0*(1.0*X0)))))
28 : Expressao: ((((1.0*X1)/0.5294797802470761)+(0.041506207796640826-(1.0*X0))))
29 : Expressao: ((((1.0*(1.0*X1))-(1.0*(1.0*X0)))+((1.0*(1.0*X1))*0.8743392752418963)))
30 : Expressao: ((((1.0*(1.0*X1))-(1.0*(1.0*X0)))+(0.8445795820178604*(1.0*(1.0*X1)))))
Erros: 

1 : 

x <- c(0.06870788135758449, 0.06012852269669607, 1.477073965531833, 0.06100773355014995, 0.17451097375017416, 1.8586560683094242, 0.006369453531962587, 0.09981498401925283, 0.0787849274009088, 0.1518679135844173, 0.09706659140251457, 0.062424329991477394, 0.01038175954164562, 0.5507214215489445, 0.06868227896297252, 0.002416501250494744, 0.23278783926967256, 0.005950687935562592, 0.10760398706868424, 0.007834719610194581, 0.04640226593268948, 0.013669744693491947, 0.024234530248381313, 0.11963167207002032, 0.057350437054963704, 0.007275658115757239, 0.7721292877292114, 0.27960929649306676, 0.712302606648715, 0.214923876817825, 0.16881835504030956, 0.02322519907365821, 0.07000342963253085, 0.03817233358619456, 4.6359958070501666E-4, 0.01152186829021286, 0.022496870911720188, 0.03219764244539373, 0.06257027490368393, 0.07976094112411068, 0.3012845446023137, 0.553354653490329, 0.0339684566501856, 0.04677370992180204, 0.027468276495778182, 0.3255060358504468, 0.07029270147714221, 0.07632115556768986, 0.07514435077315974, 0.09627784097437127, 0.3609151412452393, 0.17844394053873955, 0.05234432425057093, 0.3767173068174243, 0.08575648291461692, 5.234082540386134E-4, 4.3217504549544804E-4, 0.12575367863424788, 0.0340674675069951, 0.06187403239940378, 0.10971225239778416, 0.27852617372019506, 0.15105552734061317, 0.0036813872714032414, 2.2393344599068034E-4, 0.2075859860337973, 0.05528130334593382, 0.05132353498751628, 0.017688318068498587, 0.4596083085806622, 1.3728613368967102, 0.660692274969398, 1.1877557559739909, 0.0452304160345684, 0.011043666874218682, 0.6415797779502466, 0.08717722890367101, 0.37907360629672165, 0.0573025603386719, 0.12816317277815872, 0.08938821328156128, 0.045650692142912036, 0.1280669467923668, 0.333288996481868, 0.010643761098567931, 0.09847744847389055, 0.24224688588230747, 0.41698674217525655, 0.10778624270672163, 0.15848859704263055, 0.02175611690477004, 0.05573619014955131, 0.07398173486063364, 5.023542338116836E-4, 0.1987475965366474, 0.3534136618608047, 0.009374743463312074, 1.0907378326882342, 1.4613442068482974, 2.3879448588621845, 0.00853673266538529, 0.10492946267929819, 0.05457089936438006, 0.2924724881542472, 0.15141404128119607, 0.026681619506572166, 0.33500591640200045, 0.665519764873, 1.275960982460689, 1.1398983580251685, 0.11869546871031103, 0.6665625009919857, 0.1443192510274463, 0.010407277315336713, 0.011231765720284555, 0.020423541299109955, 0.003962324147541262, 0.03698447123848756, 0.08110759256592619, 0.2107006302687414) 

2 : 

x <- c(4.59673428609725E-4, 0.008338106448146396, 1.3606630988728565, 0.04684754771558408, 0.7337418867718714, 0.5219921381183166, 0.001478570769793008, 0.1121025358552839, 0.043451646684298226, 0.23797355261587727, 1.6048332713911774E-4, 6.354337772556404E-4, 0.10087636041842717, 0.22310245396697725, 0.08162207064124409, 0.04777650716913773, 0.060446255320564406, 0.024781028683163547, 0.04588429678925782, 0.01108668762796147, 0.08192936590673149, 0.0036481294390171633, 2.973711423708383E-6, 0.19797983430945823, 0.22053173611314714, 0.058489098266677635, 0.34611238343682743, 0.37837836266125374, 0.22211584680232424, 0.11785023805784668, 0.2023189551828073, 0.0026372982141465106, 0.17754238520901733, 0.2062423762748584, 0.1270720524634001, 0.1954181047913762, 0.040582397371741095, 0.005242518854392003, 0.0177543707082311, 0.12014488311644154, 0.07764288506958827, 0.3584268856127796, 0.08113488408817512, 0.14349890335159843, 0.16440262330229943, 0.7520173480841224, 0.05979135456571178, 0.013934658373772838, 0.0014719195354255098, 0.12805068480313916, 0.27744163499648233, 0.02979827778124114, 0.0017817810713002336, 0.20214303515168197, 0.10828187911440071, 0.0278914103944371, 0.030515466704117075, 0.26031952287146765, 0.009841229299465824, 0.002204087144644347, 0.06761812101815066, 0.17282037875179865, 0.12508196063191884, 0.046377596518470315, 0.045520294764880814, 0.03727362400270855, 0.017118375060529607, 0.05124821015972649, 0.061601362466812706, 0.7720022786446948, 0.4487050575733284, 0.544435228702211, 0.6473140218651805, 0.016777974963495305, 0.01271043603149418, 0.7553646090365905, 0.01329002596406955, 0.07598862596114944, 0.11749139052678965, 0.037032195920008906, 0.093204214126482, 0.0013803667426989853, 0.04330934132530625, 0.2850813416341139, 0.0052782794717272504, 0.21341210637212454, 0.04803845060218104, 0.5248457563357097, 5.056413065438614E-4, 0.3173478651366961, 0.01926335862628107, 0.0015124195887427556, 0.048287114517049104, 0.021665098026816296, 0.05483994716163884, 0.24439809635850054, 5.907345377622978E-5, 1.2263210072079547, 0.5462280909615634, 2.4230071786706007, 0.2394368184700955, 0.05517000719996374, 0.40883718982426065, 0.011531766075435698, 0.061794072932314516, 9.110005763407511E-4, 0.14197252015897932, 0.537576757541159, 0.9156688004701012, 0.5720171689034357, 0.14267246098831204, 0.9386240625070837, 0.008829704517132757, 0.05647153930550837, 0.02826644331900656, 0.0017863821651536876, 2.0932687881654825E-6, 0.024168341288243547, 0.06113465362257103, 0.22279995878895154) 

3 : 

