med: 30.000637038971796/desvio: 6.145429869407233


Funcoes: 

1 : Expressao: ((((1.0*X1)/0.7553436662422855)-(0.7628255107738275*(1.0*X0))))
2 : Expressao: (((X1/0.6748832385404406)-(Sin[X0])))
3 : Expressao: ((((1.0*X1)/0.6707377291257977)-(0.8093042417064735*(1.0*X0))))
4 : Expressao: (((X1/0.700012401967914)-(Sin[X0])))
5 : Expressao: (((Sin[(1.0*X1)])+((1.0*X1)-(1.0*X0))))
6 : Expressao: (((X1/0.7495959529362439)-(0.5930578443662957*X0)))
7 : Expressao: ((((1.0*X1)/0.6703234589048888)-(0.7807372770145948*(1.0*X0))))
8 : Expressao: ((((1.0*X1)-(1.0*X0))+(Sin[(1.0*X1)])))
9 : Expressao: (((Sin[X1])-(X0-X1)))
10 : Expressao: ((((1.0*(1.0*X1))/0.6848619820391268)-(Sin[(1.0*(1.0*X0))])))
11 : Expressao: ((((1.0*X1)-(1.0*X0))+(Sin[(1.0*X1)])))
12 : Expressao: (((X1/0.7070446357918753)-(Sin[X0])))
13 : Expressao: ((((1.0*X1)/0.7138172019210468)-(Sin[(1.0*X0)])))
14 : Expressao: (((X1/0.6907573818451238)-(0.875976123232006*X0)))
15 : Expressao: (((X1/0.7120754461957467)-(0.5665885880247484*X0)))
16 : Expressao: ((((1.0*X1)/0.7017784902275159)-(Sin[(1.0*X0)])))
17 : Expressao: (((X1/0.8085136251659785)-(0.497384446814356*X0)))
18 : Expressao: (((Sin[(1.0*X1)])+((1.0*X1)-(1.0*X0))))
19 : Expressao: (((Sin[X1])+(X1-X0)))
20 : Expressao: (((Sin[(1.0*(1.0*X1))])+((1.0*(1.0*X1))-(1.0*(1.0*X0)))))
21 : Expressao: ((((1.0*X1)/0.716152206837041)-(0.7724753665850634*(1.0*X0))))
22 : Expressao: (((Sin[X1])+(X1-X0)))
23 : Expressao: ((((1.0*X1)-(1.0*X0))+(Sin[(1.0*X1)])))
24 : Expressao: ((((1.0*(1.0*X1))/0.8077359070848371)-((1.0*(1.0*X0))*0.45049510242822677)))
25 : Expressao: ((((1.0*X1)/0.7641232908003553)-((1.0*X0)*0.5535890033345082)))
26 : Expressao: (((Sin[X1])-(X0-X1)))
27 : Expressao: (((Sin[(1.0*(1.0*X1))])+((1.0*(1.0*X1))-(1.0*(1.0*X0)))))
28 : Expressao: (((Sin[X1])+(X1-X0)))
29 : Expressao: (((Sin[(1.0*(1.0*X1))])-((1.0*(1.0*X0))-(1.0*(1.0*X1)))))
30 : Expressao: (((X1-X0)+(Sin[X1])))
Erros: 

1 : 

x <- c(147.19462963361605, 4.774538047697762, 120.84326323383432, 198.31529217280655, 135.44118616090933, 58.846081955735535, 298.7614643596731, 229.9489163972053, 5.364296107788068, 94.25834146525192, 158.36323208838357, 17.803245493407083, 3.32975822464017, 85.30736716953507, 97.93418112120744, 136.08528516446668, 1204.8238509556907, 1093.8599577617174, 225.74315902304446, 2365.6194535477653, 137.24954476809816, 1585.495349491027, 311.05307657458405, 15.04019731951222, 126.16378624284317, 463.07003554214134, 5400.6561449012215, 106.74180119920936, 393.1263636192428, 1457.217280899936, 462.71862307280054, 27.627212038793356, 933.1808116729333, 3.568435186628592, 375.96907471248807, 2.624384770679312, 183.08445334566585, 476.8232733697377, 13.60233997166641, 243.13854736923452, 593.0515376545586, 156.96531721351815, 1535.419599718216, 560.345965758222, 239.9835388183854, 503.83430870370444, 8.191215605358174, 1.914341524347333, 1975.3831870780614, 1066.534409554433, 2.999327679752957, 1087.4560417222792, 709.7967138016627, 0.8503698270566326, 619.0463165138126, 177.47333994149227, 11.94959891198518, 14.863014152243261) 

2 : 

x <- c(108.3158041328587, 58.1518733515708, 90.14113391035555, 157.1035310968932, 70.77106200070226, 136.82931770468713, 262.4663246278686, 56.31035949071833, 72.04979612078183, 122.04317504584314, 1.0568748421531655, 16.35852662696517, 4.6067580505304555, 44.12672659639735, 71.43595073766942, 185.37773435814674, 1148.3159904681859, 522.8391582475011, 870.7299689451228, 584.3580304401034, 3740.650886901551, 0.3178384487456709, 293.3603731834019, 111.28705489517016, 86.15391664441839, 601.6521819129771, 5371.913289575191, 45.46212945224687, 2123.4546922911313, 11835.552873327033, 12603.031209866156, 5795.050296659211, 413.89516391292943, 1.2446435711467936, 346.0547992289559, 13.693612746219207, 238.44811440711382, 323.5968365178778, 125.18017411373565, 62.62060950060927, 114.10462308791269, 664.7881144353364, 1058.7715117008381, 539.6060869676261, 444.5951299635918, 510.7721905417312, 0.46285561546466486, 8.569847506878554, 1934.6558893299484, 471.2166109491206, 281.6488795943885, 2402.236966836462, 2697.5383267092925, 2845.6090979503247, 91.88635707450649, 85.55239276655723, 58.93529318951461, 26.06480517304748) 

3 : 

x <- c(182.7141478853331, 25.77542289700599, 49.51579382161342, 83.05790264300629, 38.8970115950606, 151.79036133088863, 306.1692774998321, 87.78897213559488, 141.1068184529728, 6.555225551199303, 75.45159555348835, 8.188579322675867, 0.59080263668754, 39.70733381739825, 28.716830072847454, 277.4603772325025, 1256.678738324635, 624.5021012508181, 912.0481321248327, 1502.3003844488944, 485.64708024292764, 1436.8051887789225, 379.8388379705244, 58.99132770226884, 39.091069369984666, 743.5148884723645, 5356.041796824147, 32.81317741868257, 0.23827030187537385, 483.5698602673101, 88.07988100379005, 0.07297116477801181, 1062.9992564082356, 0.03647764917869168, 271.2279465506684, 49.71002558271317, 299.9983232829038, 421.33627632962407, 128.38331828942322, 65.69044472696119, 306.0366705002444, 370.1361267007827, 1502.083408928175, 688.7984535067966, 330.69811662929396, 424.53549297910484, 3.960874005164646, 34.0707022967212, 2141.4388466001146, 591.7589190564439, 307.87856536075225, 408.1367659174665, 262.6539193972434, 62.55994927219447, 624.1397551197354, 145.307807892927, 71.20175312629928, 68.66815445056793) 

4 : 

x <- c(90.85242299055317, 48.27991296908374, 119.7472893404239, 210.82960522493735, 114.18347402689203, 91.85053637879709, 241.63851947674476, 84.03560881822536, 24.79435607681479, 60.74352624573999, 1.2523198207745796, 25.752149224611053, 4.395878278945194, 57.62989054398592, 103.25121058817423, 133.39519641017296, 1094.0528380276319, 635.7921869672273, 576.9883453285346, 380.2413762333584, 3200.419219230107, 6.003713174787077, 256.40238093169756, 93.09355674499322, 123.62892795137154, 492.23355687787677, 5290.8625288632975, 3.174121258848021, 1485.3475696386824, 10309.927142592904, 11317.141040110915, 5289.377730250473, 425.80897477751034, 0.285175485043839, 387.885381906416, 2.778014842951414, 186.83210409061417, 320.85768210508934, 77.00626047065388, 120.34114686537568, 188.1668610413585, 519.8974978940196, 1122.586992269897, 490.2160001089836, 421.49743574159106, 544.8238681971671, 5.915448239844228, 1.0431350128209127, 1837.9388396613506, 578.4721812803424, 123.04837725838173, 1880.104694032958, 2212.8280864813573, 2475.6238455581724, 111.34464413351091, 88.06436004318756, 36.63587979145305, 10.509482444741977) 

5 : 

x <- c(250.44590778725947, 209.66232506328896, 5.221678074116346, 0.4032982755026419, 0.25986406905632603, 324.24294166154414, 255.9926063726766, 32.76754672015877, 162.63525635522197, 33.039758140157204, 42.14481779216173, 2.1591739485599586, 11.5594052144403, 3.991792112315798, 17.291141716923697, 591.3547999734802, 1254.8383722337808, 68.47526928858352, 83.00906914785233, 4951.806575119891, 24.174150095864672, 1672.274845302381, 502.9126731232855, 391.40871311624676, 14.822872195965854, 1190.1755155254898, 4897.005822761119, 109.2594347882803, 11059.567233407952, 16451.963524476287, 5871.293699469685, 163.53839936700896, 1765.4695267860207, 44.36036432631637, 81.2868093099212, 285.0116468112445, 536.7478889998526, 222.00057076004458, 641.6624393480096, 33.55862003062116, 300.6818385295653, 392.99939920899953, 1667.5774965118324, 1042.848622506801, 744.1225499779018, 249.2706368106177, 153.7839953372443, 170.71463926973468, 2413.7592384446475, 42.49265258430353, 728.2483998969749, 5738.360265009644, 2831.212004072886, 13.904096697673953, 854.7426940548372, 53.31548198845862, 421.7945434709117, 251.78509110637208) 

6 : 

