med: 685.4644895841905/desvio: 7.408069488344235


Funcoes: 

1 : Expressao: (((Power[Abs[0.8233070472159595],X0])*(0.6880332735403477*X1)))
2 : Expressao: (((Power[Abs[0.8230576724618206],X0])*(X1*0.6552228387301879)))
3 : Expressao: (((Power[Abs[0.8395992793502902],X1])*(0.6755537454688225*X1)))
4 : Expressao: (((Power[Abs[0.8019441751536861],X0])*(0.6513012658357437*X1)))
5 : Expressao: (((Power[Abs[0.8236269890025184],X0])*(0.6796748037503131*X1)))
6 : Expressao: (((Power[Abs[0.8205927174572487],X0])*(0.6541452442219166*X1)))
7 : Expressao: (((0.6543514215740291*X1)*(Power[Abs[0.8309026716106886],X1])))
8 : Expressao: (((X1*0.6649144616299099)*(Power[Abs[0.8207899344813511],X0])))
9 : Expressao: (((X1*0.6507402713208283)*(Power[Abs[0.801046898059571],X0])))
10 : Expressao: (((0.6753433051109572*X1)*(Power[Abs[0.8225695044640019],X0])))
11 : Expressao: (((Power[Abs[0.7946637463103798],X0])*(0.6587104073478873*X1)))
12 : Expressao: (((X1*0.644680530092581)*(Power[Abs[0.814512116380115],X0])))
13 : Expressao: (((Power[Abs[0.8183673115153411],X0])*(0.6652769390580092*X1)))
14 : Expressao: (((Power[Abs[0.8136479254159689],X0])*(X1*0.6409149209251079)))
15 : Expressao: (((Power[Abs[0.7985747769151139],X0])*(0.6434912768928003*X1)))
16 : Expressao: (((Power[Abs[0.7853537161827362],X0])*(0.6355733612825298*X1)))
17 : Expressao: (((Power[Abs[0.8395720211788837],X0])*(X1*0.6826590047250988)))
18 : Expressao: (((X1*0.6742537311563791)*(Power[Abs[0.8329431105128379],X0])))
19 : Expressao: (((Power[Abs[0.786409713521308],X0])*(0.6368877851605197*X1)))
20 : Expressao: (((Power[Abs[0.8336920739256232],X0])*(X1*0.6865917116520455)))
21 : Expressao: (((X1*0.6426340289696748)*(Power[Abs[0.8213926013890837],X0])))
22 : Expressao: (((X1*0.6654899002294915)*(Power[Abs[0.8285395657682522],X0])))
23 : Expressao: (((Power[Abs[0.8123988625244706],X0])*(X1*0.6563502538839546)))
24 : Expressao: (((Power[Abs[0.7980365759598217],X0])*(X1*0.6618861586726478)))
25 : Expressao: (((0.6384628931470228*X1)*(Power[Abs[0.8174190774277684],X0])))
26 : Expressao: (((0.6748820720215125*X1)*(Power[Abs[0.8364632816118723],X0])))
27 : Expressao: (((0.6920709637636825*X1)*(Power[Abs[0.837234452113656],X0])))
28 : Expressao: (((Power[Abs[0.8249478084402255],X0])*(X1*0.6800312877809898)))
29 : Expressao: (((0.6523160631088036*X1)*(Power[Abs[0.803421979808622],X0])))
30 : Expressao: (((0.6570453168829684*X1)*(Power[Abs[0.8217871275913838],X0])))
Erros: 

1 : 

x <- c(89893.86364162012, 745027.6344741512, 18534.57199976124, 60845.10869482908, 708.2294970023154, 282741.56602423347, 369455.4637182586, 1849517.7747973448, 892.8103307909739, 510759.7396181911, 100988.02442491933, 50135.56035929458, 62762.76047190971, 1107379.3672608954, 744853.3294400572, 273754.5793944573, 112263.9464427549, 187227.9922823036, 195156.70719811053, 1226532.0801835016, 155372.0968083482, 234176.85139144317, 183625.0748556538, 5868.449412798303, 493951.8226254466, 2025045.6094568828, 536.9916217260655, 356817.2094504193, 4216.928635432259, 400986.48721953545, 234155.22030325627, 1023039.8924091139, 107429.64732825213, 529224.5504413891, 177018.17642615797, 162962.53429216624, 1368452.0524445942, 1958673.7162400647) 

2 : 

x <- c(95363.6310497588, 770650.4285802606, 10567.16666823902, 67467.56847060258, 1685.665760930683, 292672.57329462, 396212.531940782, 1773671.8897557538, 2354.780653117962, 486574.0045407885, 109465.86016204333, 58307.64993542016, 71207.82871576626, 1142020.0987070461, 812787.4155906434, 236912.95936020016, 115429.84131849709, 198869.4196996313, 213734.0574276135, 1175566.2447143304, 143108.4299443496, 236615.90241988187, 198744.8887305666, 9763.678969973653, 513942.9422300145, 2105335.7953491756, 682.1072674877698, 379067.7288469156, 7896.001904108429, 418773.85965456424, 259684.05675906182, 971896.2058426014, 99903.21974899757, 533894.308435483, 199078.64098537862, 183642.38413274134, 1422570.5696561716, 2076080.1546541783) 

3 : 

x <- c(94116.99279044468, 777765.8606612248, 292.20795257927176, 37107.432693315626, 557.4092969820806, 272619.151454081, 431759.83955427073, 1719373.622139746, 51120.4949538781, 446474.71084505046, 141476.53233793896, 62255.17017946197, 62739.289131682985, 1107710.1953181184, 1039083.2866598855, 236718.56900331101, 81077.50286177991, 202673.27552465795, 225456.4264246681, 1184576.4646232428, 315590.58500754385, 244511.7607304418, 227582.70048925118, 11697.167265417653, 463158.5721050087, 2224432.0910543115, 44752.33559960973, 210282.87026836467, 3074.0348142851735, 354795.12721104966, 285252.8132968427, 1005105.3771229266, 205346.17765925056, 545906.8504077104, 270854.84552825545, 178541.88884527018, 1346729.7667920159, 2387807.6175708696) 

4 : 

x <- c(96891.27761633202, 779660.0813859147, 7410.420484965566, 74554.31084079907, 2410.4681911871626, 297948.0840789094, 406550.32218238414, 1722809.2726904184, 4350.040157699541, 498797.33424202143, 107608.66514161514, 61720.5321009919, 76367.30816398849, 1162369.257437028, 853573.836682635, 196852.4654356824, 119864.73795389231, 202458.23898931083, 222523.83788820822, 1141963.4133722745, 133740.4005903535, 235677.05477242052, 201377.40382578195, 12271.894568838754, 528842.015044193, 2149442.854798293, 4876.894207009623, 416537.3044077039, 12136.528452707575, 434585.3466529379, 274506.77112802217, 930369.766302406, 93328.2811690497, 532649.2210350714, 203342.30573956817, 199645.49723002745, 1469701.5491894034, 2176211.485897853) 

5 : 

x <- c(91256.26230438428, 751404.9022027932, 16354.94034656772, 62387.82613289875, 910.4318040034634, 285179.89945037424, 376054.8953343212, 1830856.644768044, 1179.2903911451197, 504262.8773743646, 103167.25809014314, 52117.17336596165, 64791.12518299873, 1115853.7566472222, 761294.5793726114, 264879.15172412357, 112989.78536488439, 190120.80578928132, 199692.3596282107, 1213979.8947929703, 152358.27569184246, 234819.55666018705, 187405.93932500848, 6738.33278649976, 498776.10834074335, 2044717.03044965, 128.4873745404433, 361779.04938761226, 4995.845866608673, 405228.58328336984, 240325.16454001248, 1010581.9309818848, 105599.76228310404, 530445.39214898, 182487.88203102376, 167875.95317365025, 1381386.5636762963, 1986685.888618166) 

6 : 

x <- c(95645.75936281224, 772185.3311468117, 10043.32791181258, 68414.1588785144, 1786.6586334909373, 293475.5001482167, 397925.05392144097, 1766262.4551428438, 2593.881109737599, 487501.7171357088, 109417.03098649421, 58861.13626926991, 71966.85799189335, 1145049.1942430486, 818818.1616350042, 231313.82682296555, 116013.24839639013, 199508.9949167047, 215109.8845727364, 1170656.2578978292, 141766.56123302484, 236555.25683703265, 199342.18834560973, 10126.060056538105, 516060.51586641965, 2111996.809853203, 1036.1766493750983, 383885.9292558635, 8430.414004701655, 420958.0101760959, 261891.01030224675, 966020.2395169603, 98979.06044357037, 533840.9501436318, 200002.42630702673, 185888.36603634537, 1429104.2251387348, 2089976.6630265068) 

7 : 

x <- c(98147.2897789402, 797742.7489592734, 130.37109231892828, 42296.247825567734, 1267.370825702653, 280397.1120937527, 454599.5483418301, 1652685.2574929362, 45662.345476249146, 436053.54170352704, 147551.05927057023, 69356.72513979035, 69841.36079257999, 1136942.7192520571, 1109837.7580805998, 198589.4847123069, 84036.43788463184, 211675.47058702193, 241670.48615044684, 1139608.2774646, 303594.71744303673, 245873.07805325626, 239625.1513366424, 16123.569362171354, 480374.50499839825, 2296738.7602231, 67880.10143151457, 233038.17315065843, 6233.779132664721, 370544.87718603475, 309412.3466696989, 956268.9825918563, 197444.0246573813, 548620.4401301836, 290913.2826126097, 198484.88751943782, 1398588.1218112481, 2514343.1470761984) 

8 : 

