med: 942.8782595567061/desvio: 30.307095755396862


Funcoes: 

1 : Expressao: (((X1/0.3864919034369141)/(Sqrt[Abs[X0]])))
2 : Expressao: (((X1/0.38285429476594945)/(Sqrt[Abs[X0]])))
3 : Expressao: (((Power[Abs[0.9258335122300291],X0])*(X1/0.5855079372395385)))
4 : Expressao: (((X1/0.38511337998199013)/(Sqrt[Abs[X0]])))
5 : Expressao: (((Power[Abs[0.9356247630950769],X0])*(X1/0.6353136804604849)))
6 : Expressao: (((X1/0.6148970560079173)*(Power[Abs[0.934053640252871],X0])))
7 : Expressao: (((X1/0.3848374952152738)/(Sqrt[Abs[X0]])))
8 : Expressao: (((X1/0.38508380873440895)/(Sqrt[Abs[X0]])))
9 : Expressao: (((X1/0.3860322558072108)/(Sqrt[Abs[X0]])))
10 : Expressao: (((X1+X1)/(Power[Abs[X0],0.36271370412063075])))
11 : Expressao: (((X1/0.3896270739331581)/(Sqrt[Abs[X0]])))
12 : Expressao: (((X1/0.42075959399085494)/(Power[Abs[X0],0.4513612322487367])))
13 : Expressao: (((X1/0.3863586505141815)/(Sqrt[Abs[X0]])))
14 : Expressao: (((X1/0.3803843389773437)/(Sqrt[Abs[X0]])))
15 : Expressao: (((X1/0.43954978939380773)/(Power[Abs[X0],0.42710058567477927])))
16 : Expressao: (((X1/0.6491070486876763)*(Power[Abs[0.9400728984214206],X0])))
17 : Expressao: (((X1/0.3847266986997474)/(Sqrt[Abs[X0]])))
18 : Expressao: (((X1/0.385499918415217)/(Sqrt[Abs[X0]])))
19 : Expressao: (((X1/0.6183592713149193)*(Power[Abs[0.9338811053034588],X0])))
20 : Expressao: (((X1/0.5456692270395984)*(Power[Abs[0.915968933719468],X0])))
21 : Expressao: (((X1/0.4167319807548794)/(Power[Abs[X0],0.45687486013072875])))
22 : Expressao: (((X1/0.38503248006819946)/(Sqrt[Abs[X0]])))
23 : Expressao: (((X1/0.38738600463964146)/(Sqrt[Abs[X0]])))
24 : Expressao: (((X1/0.3840678165253337)/(Sqrt[Abs[X0]])))
25 : Expressao: (((Power[Abs[0.9406692562392216],X0])/(0.6472247904695035/X1)))
26 : Expressao: (((X1/0.3801165822082607)/(Sqrt[Abs[X0]])))
27 : Expressao: (((X1/0.38805350929585636)/(Sqrt[Abs[X0]])))
28 : Expressao: (((X1/0.3844211565751239)/(Sqrt[Abs[X0]])))
29 : Expressao: (((X1/0.5601672702324044)*(Power[Abs[0.920860273733084],X0])))
30 : Expressao: (((X1/0.38378245928991694)/(Sqrt[Abs[X0]])))
Erros: 

1 : 

x <- c(1129666.8308821563, 1024640.006266182, 511970.4092337567, 1448978.0378504705, 2208963.4088319535, 2637034.313029239, 5480698.094286714, 13460.457161678987, 1327143.7152722294, 314161.82751645526, 649958.9599129062, 371183.22922096803, 329663.83023725153, 829229.0804099767, 408888.626391073, 33282.8687534669, 504268.4788613327, 94902.27340189223, 28096.088431968466, 56420.06602470209, 323368.91540822166, 992255.8091879007, 954859.2852968322) 

2 : 

x <- c(909801.4301844368, 805801.4617144129, 361480.854146128, 1198173.63993285, 1893984.3647692886, 3018775.4724162007, 5902694.076103051, 33543.184724859784, 1521549.8101689294, 419515.05372645764, 817395.5284974702, 259168.09908228295, 213578.11833329414, 633612.6379553884, 275848.88218730787, 5418.398600707095, 658295.5809338122, 47440.797956899805, 5089.920445105109, 18415.279318421137, 214357.85792524027, 786374.8899888686, 746407.528572135) 

3 : 

x <- c(702566.3057968367, 657598.3106797016, 365209.7447645211, 1337479.4998544056, 1962885.144136681, 2951656.186594774, 5663384.150252875, 65591.16917121915, 1069458.8819407886, 185101.20962682538, 580609.7290372624, 230089.20878330644, 128964.66909485852, 478579.6193188503, 260658.29831546225, 15354.265643701683, 634684.8721060362, 24898.961773393385, 922.0895785597406, 972.9426303610533, 121176.22320078721, 607842.5714180024, 627874.2586831109) 

4 : 

x <- c(1044043.5699417578, 939111.7971812303, 452207.78697826277, 1351693.603293911, 2087454.7435544112, 2777823.481223538, 5637844.078686421, 19968.342215220408, 1398825.081375133, 352067.35499386967, 710788.7694336014, 326626.80474434985, 282983.1680072579, 752447.349890029, 355703.1506395429, 20004.321669658864, 559890.3785054646, 75108.93223270975, 17252.309071720854, 39667.48205770969, 279678.19711167377, 911884.6798778169, 873316.9720954288) 

5 : 

x <- c(938241.9873911208, 771614.3471384199, 343079.93692735594, 1205198.4126772042, 1869002.9777905853, 3057690.442076481, 5890786.040985722, 26307.323360025468, 547380.2705851103, 13074.041426761538, 189283.52461792837, 544204.7769091518, 337274.3258194927, 617131.8957158601, 255959.72973676363, 5299.33293726788, 675732.9128247199, 40244.60872306501, 16961.08731705186, 44446.955157093005, 248050.9171692171, 782041.4206817711, 708599.4828466746) 

6 : 

x <- c(515864.88167462515, 391661.8176088934, 120989.03211082946, 770379.1893914093, 1301417.8926482429, 3932131.9777640044, 6788927.533923874, 101332.40871470858, 900375.3531116621, 114283.53467343163, 468438.6791731951, 239851.13922540154, 96992.0235764191, 279648.40134564525, 70647.93249236928, 21902.893290554886, 1063465.4572473469, 10.82758184368643, 9464.769455574937, 969.1827893292268, 63493.78767876056, 405875.56841130473, 353952.38506052055) 

7 : 

x <- c(1027241.2934003557, 922371.2033692067, 440643.55196490814, 1332548.2916609042, 2063447.437531265, 2806562.7220202475, 5669697.086599052, 21430.758742696264, 1413459.9274398154, 359946.5315249966, 723343.3793125371, 318015.0916118685, 274030.6898161929, 737465.0468166785, 345460.4127879012, 17741.213287423732, 571421.0094000342, 71409.72744781934, 15390.371249430833, 36655.603298203605, 271279.30325488094, 896140.42719273, 857366.8901243744) 

8 : 

x <- c(1042237.2188300039, 937311.3718994714, 450961.88161585433, 1349636.2579333615, 2084876.4794036476, 2780894.909463918, 5641251.830662643, 20122.522683961433, 1400389.1004945978, 352907.1899262937, 712128.3430852672, 325698.8300372844, 282017.3115384659, 750835.2646456426, 354598.80913183425, 19755.406365981253, 561119.9008043313, 74708.21231085403, 17047.778214488888, 39339.168324603306, 278772.3978911318, 910191.6242816341, 871601.3951166418) 

9 : 

x <- c(1100810.51375963, 995776.1506080723, 491679.3538749734, 1416242.0404042492, 2168163.130609124, 2683460.195541492, 5532724.764687917, 15483.263187654442, 1350778.6288833132, 326531.1895491573, 669891.4735365643, 356045.8266303545, 313740.5571505066, 803274.3617271599, 390785.8139712674, 28492.72451618034, 522447.6930302134, 88061.54274184677, 24196.95656236366, 50520.775008877696, 308483.78160757804, 965144.3663240287, 927331.066463161) 

10 : 

x <- c(1045184.9346904056, 705339.6354491136, 155457.7531110616, 687657.5370619606, 1323014.58061062, 3854800.908940194, 6991940.5408519115, 13061.455792423072, 488558.3422203314, 5236.427469695538, 120606.57073544977, 758285.6679745218, 507042.7086715718, 617916.9720336939, 116925.91534546892, 32008.396917436727, 1019186.141036195, 23635.191009733593, 49585.785992938305, 99950.3758275237, 331312.64782363106, 820248.0833929548, 602030.7990209964) 

11 : 

x <- c(1334460.8850348494, 1230508.2416924231, 659849.592162249, 1680008.6749108252, 2494656.30672829, 2333913.0857165386, 5135550.515886097, 3500.874002675868, 1172889.9309212025, 236831.63589123293, 523148.67357155087, 481740.4340484073, 447603.1117818901, 1015445.5789557245, 541969.1071986125, 75405.30432327201, 389853.8460073963, 147837.92503463558, 62077.64936575087, 104823.88339577067, 433154.24149891763, 1185315.7111103726, 1151446.2899522036) 

12 : 

x <- c(952918.2285676402, 765843.2043483215, 276909.7691782579, 998568.4412995743, 1676076.229987504, 3309109.941945507, 6283404.425821135, 25565.130440280744, 1085077.104256624, 194642.48617715202, 497108.2757859764, 405602.5306545509, 301704.4272103497, 624731.6508844157, 210231.15884775118, 296.6833752878921, 779707.0572640152, 37447.496088090185, 15246.564661889908, 39259.50636001062, 251101.2116988823, 794754.3944259918, 690172.8536302956) 

13 : 

