med: 21.16479113286371/desvio: 0.2411658566467204


Funcoes: 

1 : Expressao: (((X1/0.7208730304287482)-(0.7076955893095594*X0)))
2 : Expressao: (((X1/0.7618241590609508)-(0.62538171006577*X0)))
3 : Expressao: (((X1/0.7647538752070453)-(0.6435269695448221*X0)))
4 : Expressao: (((X1/0.7195911575946019)-(X0*0.7166757152768258)))
5 : Expressao: (((X1/0.7907154867317945)-(X0*0.5640789099877273)))
6 : Expressao: (((X1/0.7646421326396107)-(0.6160566857948787*X0)))
7 : Expressao: (((X1/0.7641937017118103)-(0.6543918932243336*X0)))
8 : Expressao: (((X1/0.7346515817931233)-(0.68878579501481*X0)))
9 : Expressao: (((X1/0.7618962692122213)-(0.6045331332185083*X0)))
10 : Expressao: (((X1/0.7322255807021826)-(0.6884648986536775*X0)))
11 : Expressao: (((X1/0.7874963468237802)-(X0*0.575213858421307)))
12 : Expressao: (((X1/0.7365526847564504)-(0.6436259496368123*X0)))
13 : Expressao: (((X1/0.750072569968839)-(X0*0.6252562840770242)))
14 : Expressao: (((X1/0.7157951424124537)-(X0*0.7110634090762042)))
15 : Expressao: (((X1/0.7395068068293107)-(0.677966728274447*X0)))
16 : Expressao: (((X1/0.763020632188376)-(X0*0.6669864796863088)))
17 : Expressao: (((X1/0.7142601333400936)-(X0*0.7016214090577754)))
18 : Expressao: (((X1/0.6971855011487456)-(0.7527029449810627*X0)))
19 : Expressao: (((X1/0.7476504284528153)-(X0*0.6335269342204073)))
20 : Expressao: (((X1/0.7269539820570675)-(X0*0.6337654942427028)))
21 : Expressao: (((X1/0.7630701140911925)-(X0*0.6476603926021568)))
22 : Expressao: (((X1/0.772550921402834)-(0.6407513975553417*X0)))
23 : Expressao: (((X1/0.7525260338792341)-(0.6698147727045778*X0)))
24 : Expressao: (((X1/0.7646325178605045)-(X0*0.6427116618709561)))
25 : Expressao: (((X1/0.7188744459746362)-(X0*0.6625381386170728)))
26 : Expressao: (((X1/0.7921552502289781)-(0.5197870410289771*X0)))
27 : Expressao: (((X1/0.70513631705865)-(0.702211742430099*X0)))
28 : Expressao: (((X1/0.6992211032090025)-(0.70626819945291*X0)))
29 : Expressao: (((X1/0.708206183243786)-(0.7394886104456375*X0)))
30 : Expressao: (((X1/0.7710611729883963)-(X0*0.6610840333850675)))
Erros: 

1 : 

x <- c(218.85294922658335, 4.3409193954928895, 73.38877180165717, 104.39774814821821, 47.25641473567715, 157.3141347155136, 410.3100919885413, 192.23138399349492, 67.499310898691, 4.839266835445294, 44.31294429687172, 0.5899350169555261, 8.027227423437045, 64.89367485681737, 47.31594500578326, 252.66947150897622, 1430.045191929053, 968.2968039568121, 575.5497445448514, 1397.8391098372413, 484.9035196065749, 1076.9731883906002, 437.6115505469643, 14.397366665465228, 65.81162129655428, 686.994840200534, 5864.087228885327, 25.025513656159646, 32.61610913307675, 471.98451139903005, 48.91022918872538, 23.837847578050958, 711.8807623822084, 2.2444129188513764, 305.80071113971576, 26.755014685178377, 315.02698414465186, 564.7661778934698, 42.00311797593882, 89.37754007990767, 308.77409131473513, 369.55842676984906, 1221.0510740968784, 674.3732413065692, 225.71137950091196, 440.53290844649894, 7.886135123341757E-5, 29.896872418241745, 2279.69045664506, 962.3845647700953, 119.52553427196453, 414.21709034390665, 223.66022633098908, 105.4465048355073, 400.4509651908879, 200.58886860343392, 30.575955340466773, 60.16340385370178) 

2 : 

x <- c(255.45851202016595, 0.049035108934438146, 91.18953359545897, 115.77121637523848, 48.82947121107841, 171.53699917383219, 511.0788735140783, 296.2342842491011, 34.462396245257764, 1.7714112636390025, 21.455423510294583, 1.233262317179582, 20.222742606553492, 86.65044847561425, 60.94670997157581, 244.76241289980214, 1590.1392297388147, 1271.9786444117688, 397.3328564748873, 1256.5384179368382, 520.7721316813047, 804.3469626188873, 496.18079313835455, 0.6494138953098254, 86.37212677752501, 664.076951430657, 6308.155641014891, 164.25174025925327, 74.0489827392791, 409.02775783559014, 16.107830453458345, 85.02973492800655, 476.61993644838657, 7.636310441799504, 328.2733177293463, 16.09397019112366, 338.9480702644144, 697.0515017857778, 8.880933019114975, 100.0969099657446, 292.3080437429594, 389.68715292691604, 1003.8211095810682, 672.77466463693, 157.77919138920882, 448.12825820331807, 1.7364324462453484, 30.323332935473314, 2414.2223345754874, 1298.2616236537162, 43.346103119734686, 379.1424674033559, 170.91079939312806, 164.2554559181846, 250.03476216234637, 251.1339458625316, 11.980463342817826, 58.636810146717224) 

3 : 

x <- c(236.1576967162195, 1.7683510750574473E-4, 98.35365374542212, 130.91063788638607, 62.09669717721183, 146.9423477029291, 476.288641212127, 293.94658636608585, 24.715106077599692, 8.039981017512384, 35.34123691948161, 0.07879039431074478, 17.224780171221358, 88.64710389251606, 68.75790115976197, 221.0132545186283, 1528.441084506812, 1268.105589231614, 346.4449632472846, 1425.930567181307, 432.31934083911847, 906.2909592447661, 463.3753407030677, 1.2124923784363515, 95.54279667831686, 621.0872964923673, 6173.624040899582, 171.49832180797213, 121.22861691075178, 551.4296897744465, 49.6156638938615, 47.52391016998412, 529.8269375894432, 7.394033220953477, 339.2957051972618, 11.88085240591824, 307.97244431866727, 665.1065173074674, 7.717227838727373, 123.5874300195146, 339.5435964786579, 339.4103101878286, 1075.302766710982, 650.5237079213159, 165.89188215708802, 459.1782659983849, 3.014373234483668, 22.36213804740173, 2340.55099991424, 1286.881277851222, 27.523702495545198, 481.6650964566092, 239.14972154489968, 116.77838021540643, 293.368962869348, 241.1911712236558, 10.638998883150999, 47.98663696502347) 

4 : 

x <- c(212.3041765831577, 5.120351379738008, 74.19721548610143, 107.53338747127393, 50.46673314014221, 150.23216075029728, 397.1958496386364, 187.0528555846286, 65.57822906642247, 6.975214412418599, 50.49981333352097, 1.1722504844094945, 7.059763097387024, 64.32008413515115, 48.4333111312635, 246.5834350051304, 1406.6135699384918, 953.0508103675686, 568.7721027431874, 1451.38119230711, 459.8732919424859, 1122.5384345436128, 426.5253693722249, 16.196661887603117, 66.89880828555344, 676.4826062421062, 5807.610364653286, 21.887189888533506, 38.418469516811534, 513.5343732539123, 63.12207677461547, 16.38088477835898, 742.0780013022522, 2.022180478543264, 307.46243784215517, 25.832892421854524, 305.8310008203335, 550.7943052159461, 43.63880929946276, 94.46580297539231, 322.0947852297131, 355.32223418958023, 1253.3106314082297, 668.5400537028861, 232.05229573212802, 443.02435738208885, 0.002769582290662752, 27.673920628445654, 2253.974281612844, 944.0524940406796, 116.66996972477575, 443.114696120666, 245.92651272156357, 92.32657959231909, 423.2166740192029, 195.8193724996414, 31.161505410601297, 57.28794601859985) 

5 : 

x <- c(288.78070593008425, 3.3914427784650383, 101.50298550723316, 118.39118924325967, 45.54509487456112, 190.75010450178954, 597.8664274345568, 378.9693487495438, 21.375179846041434, 0.04869070702336727, 7.943213433732159, 7.055639512983374, 32.820884374043324, 102.14549321284959, 68.14093428704471, 248.1336287192764, 1724.453751264596, 1499.0036026580167, 313.03202308532303, 1111.3894916173829, 579.3367247389288, 613.7347534936306, 549.6078136016339, 1.6681966776669863, 98.24487872667622, 664.3398485145275, 6662.29468899177, 321.4449777670469, 93.83828116758016, 326.67313298799155, 0.9153739692495372, 167.34138612911545, 330.46239824087763, 13.125218509204164, 339.7705305036161, 11.811366127424705, 366.9389607455539, 805.2217068899283, 0.5131659508371063, 99.59921268893666, 266.054145517141, 422.2937822536601, 847.8233542365322, 679.6418921734659, 116.76900082395564, 449.3423510977836, 4.174268076668001, 33.72081448832604, 2532.8512772798554, 1554.5818388807058, 17.263135827765193, 324.39412591205996, 120.43983356177999, 231.78078157565557, 157.44994380040035, 291.8071012031483, 4.631841176710015, 61.606958875976524) 

6 : 

