med: 0.4437179983953542/desvio: 0.00579396832987272


Funcoes: 

1 : Expressao: (((X1/0.7707105080960481)-(0.3601211465146269*X0)))
2 : Expressao: (((X1/0.7002054208363719)-(X0*0.5210333336942876)))
3 : Expressao: (((X1/0.67757124167471)-(0.5810001466047298*X0)))
4 : Expressao: (((X1/0.6884024322248413)-(0.5278792778092379*X0)))
5 : Expressao: (((X1/0.6586960941799178)-(0.6174145254581851*X0)))
6 : Expressao: (((X1/0.6923694439921613)-(X0*0.5040959376826659)))
7 : Expressao: (((X1/0.6452311361715354)-(0.6603294531356758*X0)))
8 : Expressao: (((X1/0.7256223856421987)-(X0*0.42799359820990857)))
9 : Expressao: (((X1/0.6308943561711923)-(X0*0.6665868950050422)))
10 : Expressao: (((X1/0.6426272280815004)-(0.6440541434880159*X0)))
11 : Expressao: (((X1/0.6668828162979339)-(X0*0.5609914680095583)))
12 : Expressao: (((X1/0.6497421145518006)-(X0*0.6390278368942445)))
13 : Expressao: (((X1/0.6654370744602538)-(X0*0.5608320927169771)))
14 : Expressao: (((X1/0.6740245626862126)-(X0*0.5761424297216295)))
15 : Expressao: (((X1/0.7070075354843439)-(X0*0.4827774395495241)))
16 : Expressao: (((X1/0.6771740307623766)-(0.5364013248118256*X0)))
17 : Expressao: (((X1/0.7052743268627234)-(X0*0.5086319338157785)))
18 : Expressao: (((X1/0.6611066654398016)-(X0*0.6075863356522957)))
19 : Expressao: (((X1/0.6610763299487906)-(0.5869901914774032*X0)))
20 : Expressao: (((X1/0.6461805100804711)-(0.6234570534769354*X0)))
21 : Expressao: (((X1/0.6590918275795992)-(X0*0.5977786526741189)))
22 : Expressao: (((X1/0.6511918102713047)-(0.5918153272755157*X0)))
23 : Expressao: (((X1/0.6845799086455217)-(X0*0.5313061319725328)))
24 : Expressao: (((X1/0.6953256012877309)-(0.5219610026152988*X0)))
25 : Expressao: (((X1/0.7560882506688422)-(0.45077772758714474*X0)))
26 : Expressao: (((X1/0.6719140133912311)-(0.6006845889860749*X0)))
27 : Expressao: (((X1/0.6777107510677327)-(0.5668875838570508*X0)))
28 : Expressao: (((X1/0.7289191806238811)-(X0*0.4300498272580776)))
29 : Expressao: (((X1/0.6649442486293674)-(0.5887195777691022*X0)))
30 : Expressao: (((X1/0.7253040707668569)-(0.4653887530519265*X0)))
Erros: 

1 : 

x <- c(0.011545139419532169, 0.004777741304910144, 1.5212359678632714, 0.35121714590389663, 1.1977991801996848, 0.21126571247253065, 0.021993090137042037, 0.009980942710852094, 0.14202779603410348, 0.5537840313898714, 0.12494908663572224, 0.056473857733905876, 0.17834129900507317, 0.14522216127427798, 0.18106508204325641, 0.17840256367899343, 0.003182558997200035, 0.03565793068952311, 0.03183267207068652, 0.029152649692907696, 0.13849866244529105, 0.03537675388798809, 0.004494111152621964, 0.20068513937219953, 0.2898239790344883, 0.1069097833884983, 0.34176044950139733, 0.779075555964985, 0.006822051212727621, 0.04897478568313093, 0.21237915795689996, 0.02430509669561795, 0.2047266720055023, 0.2712063136498922, 0.17900482395990658, 0.20372682725864055, 0.02983433802199064, 0.0038188688689853403, 0.13262542784013087, 0.4469563023572596, 0.012110374814282641, 0.147937387832136, 0.07532106267955059, 0.15511525958392705, 0.19587686652129613, 0.8096099986437686, 0.13006793230437602, 0.005539020101849964, 0.05159185823603794, 0.0025558543495322068, 0.6032221262625058, 0.060783780204056316, 0.05673898040916437, 0.06380206009610533, 0.09488198041025095, 0.044134798490705236, 0.038761258997063584, 0.25855188471867985, 0.02379785260273111, 0.008133039940380038, 0.16362648691634094, 0.02954135197308854, 0.20622269748087046, 0.17714965767330537, 0.16831142263753174, 0.0014295521521079672, 0.017714084341098696, 0.09390880884103145, 0.14921016807979204, 1.0636589657576547, 0.14827301118243083, 0.6859318049267717, 0.2477890656033219, 0.015300836061232687, 0.030584754461943187, 0.9167206268032442, 0.15167591125039703, 0.020907957011435448, 0.06832940039457441, 0.056468948375119024, 0.22236892389504936, 0.04255631376252041, 0.0018970152720191012, 0.23124125314782137, 0.028150263562512486, 0.25082056614092924, 0.01711660089023635, 0.41248365024785105, 0.0012801636952728044, 0.23418877237816504, 0.015025303987309484, 0.02161179245780207, 0.18242903063736912, 0.19158919605435756, 0.002183828277652942, 0.1259173385141066, 8.315523292884919E-4, 1.1778802933037034, 0.2684488022818876, 1.9530459408288183, 0.4924593652333542, 0.1017339820175737, 0.2903519472705112, 0.05389515020170238, 0.35210147384534757, 0.20047883891363694, 0.0025197029011956476, 0.22449244114003317, 1.0170593615794794, 0.15447761118219877, 0.10555539343805413, 0.9847976620705806, 0.08344020388955668, 0.06452093228001851, 0.008919930872288014, 0.01267260476908599, 0.05241430678119246, 0.012079492410481913, 7.789804061185097E-4, 0.104272804863686) 

2 : 

x <- c(0.001504739523623007, 0.006509325947506907, 1.4336153456567235, 0.1534168609794855, 0.9364940967490023, 0.3591675849287145, 0.0022781999503062047, 0.05112433514429292, 0.08193965882865799, 0.3681201626232779, 0.02931149708685907, 0.015424942790616116, 0.13438265381716602, 0.18443597811698723, 0.12283778325227376, 0.09817162490396238, 0.024838399565617307, 0.029635642080369486, 0.038955695825077685, 0.01839607031976005, 0.10639073268743372, 0.014382474322538627, 9.283391817698711E-4, 0.19943629164246754, 0.2519745478753857, 0.07953385649323835, 0.3433001649588219, 0.5463868232951676, 0.08437467823648447, 0.08210302083271011, 0.20702864315309158, 0.010046089435903224, 0.19020567448967157, 0.23579956463134133, 0.15061693634188253, 0.19994063788821492, 0.035710449417492914, 1.1799896954400306E-4, 0.05754458127669573, 0.24582551529807517, 0.009617142996935824, 0.24924850486542408, 0.07854783427696141, 0.14911317167313531, 0.179104244442931, 0.7796373373334132, 0.08968396264582941, 0.00975556530496988, 0.015677399580729834, 0.046523215720113295, 0.4125094712714203, 4.8471220438455614E-4, 0.0077513750041436295, 0.12817267286691197, 0.10202227006116273, 0.03507584813282198, 0.03434335643343178, 0.25987025436682104, 0.01571420669277588, 0.004421364851241995, 0.10676783999715572, 0.09154724618021785, 0.16007268592289, 0.09664014073234255, 0.09305232807086349, 0.014538444396364042, 0.017328810352994956, 0.06940421591038125, 0.09758777528296185, 0.9021180310497042, 0.2881948228120206, 0.6076397541017831, 0.43807174514594666, 0.01603651801131073, 0.020030337761367593, 0.8284144374872926, 0.059131753627873554, 0.04587744643059197, 0.09323247196460066, 0.045358131580844396, 0.14613992913884535, 0.005770354278271897, 0.01731284038453334, 0.25935283018592264, 0.013712928765007674, 0.23068702192079701, 0.031555819101900535, 0.4713985291989312, 2.7053234181017206E-5, 0.27768709538619685, 0.01741170382209104, 0.007829539113725905, 0.09962009802537071, 0.0795121867436432, 0.010740480292909553, 0.18450640381129324, 3.1405194872027154E-4, 1.204096174972061, 0.4040963190451519, 2.199221270923685, 0.3469516776666846, 0.07568499364982827, 0.35259239620592253, 0.026940994751950532, 0.16636818725241043, 0.036629846487692345, 0.03191365472222838, 0.37566769472690403, 0.9611568086056129, 0.34504865047377603, 0.12484972573428703, 0.9605591073857578, 0.03433567263399227, 0.06052050487269217, 0.018131819164479736, 8.401853287786439E-4, 0.01103821389615077, 0.001057660439443113, 0.02120516410647372, 0.16242397154812718) 

3 : 

