med: 0.6261533380569047/desvio: 0.012117727166699312


Funcoes: 

1 : Expressao: (((Power[Abs[0.47087021638217585],X0])*(X1+0.31550080684285475)))
2 : Expressao: (((0.3107190951409663+X1)*(Power[Abs[0.5372722529502747],X0])))
3 : Expressao: (((Power[Abs[0.5104218969353855],X0])*(X1+0.3353145110843716)))
4 : Expressao: (((0.32918997164312147+X1)*(Power[Abs[0.4828985394952062],X0])))
5 : Expressao: (((Power[Abs[0.4834355258244638],X0])*(0.3180171040717181+X1)))
6 : Expressao: (((X1+0.296511694270683)*(Power[Abs[0.47478548450335434],X0])))
7 : Expressao: (((X1+0.2931674850712054)*(Power[Abs[0.4747352478427148],X0])))
8 : Expressao: (((Power[Abs[0.5068387775797444],X0])*(X1+0.30032216165259373)))
9 : Expressao: (((Power[Abs[0.4965839835616245],X0])*(X1+0.29892799363429845)))
10 : Expressao: (((0.3320234085578909+X1)*(Power[Abs[0.47788019989205544],X0])))
11 : Expressao: (((Power[Abs[0.48667634466334453],X0])*(0.3089343275136629+X1)))
12 : Expressao: (((Power[Abs[0.4955606490550921],X0])*(X1+0.30070717654988777)))
13 : Expressao: (((0.30375433848531475+X1)*(Power[Abs[0.511159616051506],X0])))
14 : Expressao: (((X1+0.32549239167082467)*(Power[Abs[0.49531722066570283],X0])))
15 : Expressao: (((0.32061134559159954+X1)*(Power[Abs[0.4997872224810683],X0])))
16 : Expressao: (((Power[Abs[0.5160255813779387],X0])*(0.2904624640554304+X1)))
17 : Expressao: (((Power[Abs[0.5227008196395418],X0])*(0.3072403731072524+X1)))
18 : Expressao: (((Power[Abs[0.5085098582434568],X0])*(X1+0.31892405794282574)))
19 : Expressao: (((Power[Abs[0.507092818131604],X0])*(0.32837761101402996+X1)))
20 : Expressao: (((0.33216342692774536+X1)*(Power[Abs[0.47714827136012805],X0])))
21 : Expressao: (((Power[Abs[0.4992531146016096],X0])*(X1+0.3065229278375482)))
22 : Expressao: (((Power[Abs[0.45348122287083426],X0])*(0.3090918384594694+X1)))
23 : Expressao: (((0.32313701678900597+X1)*(Power[Abs[0.4483647767107607],X0])))
24 : Expressao: (((X1+0.3014495815896445)*(Power[Abs[0.4567455421228537],X0])))
25 : Expressao: (((X1+0.322039295258449)*(Power[Abs[0.4610144162956399],X0])))
26 : Expressao: (((Power[Abs[0.4398559266645735],X0])*(0.33197782081762917+X1)))
27 : Expressao: (((Power[Abs[0.4907789163838424],X0])*(X1+0.325921091293361)))
28 : Expressao: (((Power[Abs[0.47804470659366805],X0])*(0.30505416824402576+X1)))
29 : Expressao: (((0.30988652964409635+X1)*(Power[Abs[0.48974000500896153],X0])))
30 : Expressao: (((X1+0.3143960512729477)*(Power[Abs[0.5059776427149474],X0])))
Erros: 

1 : 

x <- c(0.9724660438212147, 0.08678956571649257, 0.022321672107339804, 0.024330496069414682, 0.08882606816635034, 0.033453711788031436, 0.002930692180807908, 0.022904481943259898, 6.884313052416329, 13.431241382331622, 0.2723008485033839, 3.3649749562571865, 0.3359754124486631, 0.05391769002004024, 0.2186071683865441, 0.4802705418813757, 0.3389192523430614, 0.12102996814716926, 0.09033830146841078, 0.5729077042316514, 3.188730244031204, 0.17974509614364825, 0.76020755093805, 0.1734986922539915, 1.0590035502799708, 0.5038044840448248, 2.160495367381997E-4, 0.23013885584168733, 0.20493946386101652, 0.20099973791533732, 0.011136597280396359, 0.10079751475607487, 0.07071607030448757, 0.013244836871875424, 0.09155732091162615, 0.004296561365880225, 0.00736561151289392, 0.029901868108175786, 0.05015255818073933, 0.041040440320628736, 0.05015255818073933, 0.04954381643882824, 0.14920278770733816, 0.04969731418530031, 0.06675649211150822, 1.1441182282489146, 0.46765115435043925, 2.5425331223414287E-6, 0.13070229538368697, 0.005824929605001078, 0.0284036104099028, 0.0010254498897071468, 0.01801092234258841, 0.0036243848621563242, 0.19098779114420072, 0.09843266395010351, 0.1852456625181628, 0.39543981746388385, 0.013220909322530588, 1.4467130054555035, 0.043002655239530466, 0.39486668632688104, 0.3208591669680776, 0.2657474304870948, 0.23518501466021208, 0.23854029165319707, 0.09232641039400796, 0.02994162769517605, 0.029029367225263603, 0.0945308399400082, 0.5862887724827138, 0.30936170935680835, 0.1644358982887536, 0.26414812654710335, 0.2664491827634492, 0.1284018637187826, 0.21581957904044352, 0.0825803575401414, 0.2685181393653388, 0.040596473067977576, 0.1099837598584161, 0.13224812384762402, 0.4870715931933455, 0.25947152542079716, 0.13780967485772044, 0.31051504033629845, 0.42162425977913154, 0.07980587270201761, 0.04418280644679037, 0.0840517621517136, 0.38738311512604745, 0.012936405403562173, 0.17061444304999768, 0.255018445088717, 0.2554010047335744, 0.27915290294058304, 0.3989948455709029, 0.24782374686094572, 0.19006122258663477, 0.16946063680903242, 0.17167394804709876, 0.2677927400757843, 0.2830729337549204, 0.002429102716153084, 0.06745951309564169, 0.38836388739227645, 0.09437571464616469, 0.14681224601228118, 0.2595801125456505, 0.3679418136568489, 0.4152306439253691, 0.11494025388162955, 0.10291960652303392, 0.36860011253406577, 0.5814121679872732, 0.10488254426793694, 0.05055844105055443, 0.3990563279190644, 0.3350557884611757, 0.2278252014478374, 0.20778260762179773, 0.30079869643371354, 0.4658563852791444, 0.2012561822204153, 0.003660168489978124, 0.4381244845561236, 0.22287283138164055, 0.0017507542010198847, 7.350510775351479E-4, 0.30877647926138985, 0.33183088198141325, 0.14097528220322902, 0.2953201558061576, 0.32190599262217395, 0.4738460938346522, 0.039354624378446765, 0.07111889023234214, 0.4303238735471587, 0.781398435435635, 0.22508217023779536, 0.04634166458978774, 0.04083558887603712, 0.52143277196292, 0.13783944844583054, 0.12070595107820323, 0.30816536729836097, 0.6491109355755224, 0.14626922715903828, 0.0024156145988615003) 

2 : 

