med: 1491.880060755698/desvio: 5.609270725609132


Funcoes: 

1 : Expressao: (((X1-0.05947696934867164)/(Power[Abs[X1],X1])))
2 : Expressao: (((X1-0.05663915566288247)/(Power[Abs[X1],X1])))
3 : Expressao: (((X1-0.06755557722579542)/(Power[Abs[X1],X1])))
4 : Expressao: (((X1-0.06274115775624589)/(Power[Abs[X1],X1])))
5 : Expressao: (((X1-0.0740624766669794)/(Power[Abs[X1],X1])))
6 : Expressao: (((X1-0.06163751835466025)/(Power[Abs[X1],X1])))
7 : Expressao: (((X1-0.09958027515283285)/(Power[Abs[X1],X1])))
8 : Expressao: (((X1-0.04497443175902738)/(Power[Abs[X1],X1])))
9 : Expressao: (((X1-0.06425407754692813)/(Power[Abs[X1],X1])))
10 : Expressao: (((X1-0.058911750157060516)/(Power[Abs[X1],X1])))
11 : Expressao: (((X1-0.060465163995559124)/(Power[Abs[X1],X1])))
12 : Expressao: (((X1-0.06477430776231541)/(Power[Abs[X1],X1])))
13 : Expressao: (((X1-0.05479639537478742)/(Power[Abs[X1],X1])))
14 : Expressao: (((X1-0.04177537012986088)/(Power[Abs[X1],X1])))
15 : Expressao: (((X1-0.0593613330924353)/(Power[Abs[X1],X1])))
16 : Expressao: (((X1-0.059764124089053294)/(Power[Abs[X1],X1])))
17 : Expressao: (((X1-0.060897905748103054)/(Power[Abs[X1],X1])))
18 : Expressao: (((X1-0.061541304122876506)/(Power[Abs[X1],X1])))
19 : Expressao: (((X1-0.06015173260595674)/(Power[Abs[X1],X1])))
20 : Expressao: (((X1-0.05500802286792594)/(Power[Abs[X1],X1])))
21 : Expressao: (((X1-0.06457395295087853)/(Power[Abs[X1],X1])))
22 : Expressao: (((X1-0.06633516139759499)/(Power[Abs[X1],X1])))
23 : Expressao: (((X1-0.05035264908098336)/(Power[Abs[X1],X1])))
24 : Expressao: (((X1-0.05655215768491051)/(Power[Abs[X1],X1])))
25 : Expressao: (((X1-0.06399848952684295)/(Power[Abs[X1],X1])))
26 : Expressao: (((X1-0.05310079253902289)/(Power[Abs[X1],X1])))
27 : Expressao: (((X1-0.050306291473242726)/(Power[Abs[X1],X1])))
28 : Expressao: (((X1-0.04616742729438905)/(Power[Abs[X1],X1])))
29 : Expressao: (((X1-0.06394341588148267)/(Power[Abs[X1],X1])))
30 : Expressao: (((X1-0.06632830403947898)/(Power[Abs[X1],X1])))
Erros: 

1 : 

x <- c(2501063.558873067, 527991.3333787194, 297090.2785533427, 2050262.84764851, 970338.1954302887, 1940275.569228844, 6245928.282997285, 3554608.6403266178, 2638391.489657939, 8636716.860829841, 1896014.209189652, 8721.19308400651, 8658058.70456736, 4573799.372868217, 41879.52038810494, 1002813.3122653516, 6970.851395067005, 860497.3329876882, 3426403.9751564674, 1794649.9303842862, 496853.54432068515, 1085424.8852094286, 17916.851347742035, 643545.4350472142, 3954523.186553297, 29.03561439804048) 

2 : 

x <- c(2485247.3359158128, 526491.5593426835, 293630.4837619767, 2043588.2369370672, 968539.5795957374, 1932950.500125882, 6241432.822765702, 3553158.3165583652, 2634052.0897156917, 8630710.139755558, 1895527.7142399345, 8210.71488835289, 8636617.733461637, 4573482.853348598, 41341.40493593871, 994194.4450845523, 7225.456624574986, 851568.2232881181, 3419041.9584333706, 1793131.6846882275, 493752.8272299164, 1080714.573577788, 18327.545756405067, 651448.2483985391, 3937197.5859301, 50.129950978964786) 

3 : 

x <- c(2546363.4280552887, 532272.5274522044, 307050.47824133, 2069323.5262792078, 975467.5799839654, 1961204.2216627453, 6258734.693544211, 3558739.001457346, 2650764.326287479, 8653828.065852094, 1897399.4910671015, 10258.696103416925, 8719241.80020898, 4574700.491669137, 43430.46432662342, 1027552.9368822466, 6271.0526314081435, 886171.4573236166, 3447405.3086939277, 1798975.54721441, 505733.72085042647, 1098890.1505275376, 16773.179878106053, 621311.9990386299, 4004053.4861614783, 0.3275939268015458) 

4 : 

x <- c(2519318.172277577, 529719.08280136, 301094.9587166973, 2057953.7603342577, 972409.112360097, 1948718.3441659429, 6251101.176751576, 3556277.2377446, 2643387.2907610447, 8643628.66141247, 1896573.8760377355, 9327.406343395101, 8682754.002345737, 4574163.462233308, 42502.78941429615, 1012773.145184361, 6683.6396789685, 870825.6102870132, 3434881.9086239287, 1796397.083392138, 500432.1393058397, 1090855.5765941923, 17450.206286553374, 634514.8845349486, 3974498.955940001, 11.850835867310362) 

5 : 

x <- c(2583145.736166224, 535733.3763995387, 315192.30657244485, 2084740.0374630576, 979608.8646788581, 1978142.7950247359, 6269059.128911648, 3562067.5368130286, 2660751.048986174, 8667622.566057097, 1898515.6315591135, 11587.782900395174, 8768678.238762593, 4575426.360640385, 44700.17234996701, 1047698.6106518664, 5734.309697943495, 907125.0402260411, 3464367.4471913707, 1802463.3928978336, 512943.43251309893, 1109796.0777437445, 15879.434448434482, 603688.3027979623, 4044171.7040424496, 10.934729975027757) 

6 : 

x <- c(2513138.7636044724, 529134.6057685984, 299737.9551658243, 2055351.8109241715, 971708.6773566336, 1945861.746310618, 6249351.954364264, 3555713.03230189, 2641697.6551904874, 8641291.435657857, 1896384.6404687017, 9120.16344591667, 8674400.456045177, 4574040.360067763, 42291.543723482646, 1009400.1658705304, 6780.071418617161, 867326.6706537489, 3432014.3022271385, 1795806.266584262, 499220.7605028826, 1089017.9146768756, 17607.29247889298, 637561.0216062071, 3967739.411259587, 16.813655673427174) 

7 : 

x <- c(2729938.577115454, 549413.852137294, 348149.86899520445, 2145750.378941775, 995934.200022439, 2045272.8741477102, 6309630.089009641, 3575135.9108908013, 2700096.713319554, 8721825.819886278, 1902895.9138837499, 17581.047435863944, 8963899.446219219, 4578273.522207691, 49856.07018398327, 1128590.2956461604, 3861.089687890447, 991660.5241930942, 3531288.7791924966, 1816174.109480655, 541709.857897161, 1153085.0239356768, 12610.599991234492, 537021.2698330664, 4203431.318520838, 342.96686048565874) 

8 : 

x <- c(2420762.2843831102, 520349.2002929661, 279621.96538694354, 2016266.805151554, 961163.9630148028, 1902986.5885008525, 6222971.404573763, 3547199.924805149, 2616252.6651390884, 8606041.690668806, 1893528.651112531, 6274.0982458860135, 8548764.635557022, 4572181.927083631, 39166.048405035326, 959157.6233026962, 8319.965559850501, 815354.5863209377, 3388863.83177691, 1786897.742263393, 481109.3890749522, 1061460.5995879504, 20064.56932951335, 684439.0063726288, 3866380.88016786, 196.96012863798273) 

9 : 

x <- c(2527801.5210433984, 530520.8351507996, 302960.1822445579, 2061523.3072470925, 973369.711052604, 1952637.7051136114, 6253499.4892377015, 3557050.749321521, 2645704.398927108, 8646833.151833652, 1896833.3042254308, 9615.28798423772, 8694211.962064411, 4574332.219051103, 42793.22995752361, 1017406.1234215053, 6552.56899051961, 875633.5639426608, 3438814.9017148246, 1797207.1602293719, 502095.13870122196, 1093377.2457591838, 17236.009113800512, 630350.952905526, 3983774.600295315, 6.454484575526499) 

10 : 

x <- c(2497909.3747603213, 527692.447007423, 296399.5607084, 2048932.5697024795, 969979.8245442611, 1938815.499832815, 6245032.7743591275, 3554319.7496893075, 2637526.9084348977, 8635520.310488963, 1895917.3069824725, 8618.291323129, 8653786.0969856, 4573736.32948145, 41772.06418773228, 1001093.6898972065, 7021.197984816951, 858715.1709715931, 3424937.020128782, 1794347.483815805, 496235.1875175983, 1084485.8959167013, 17998.27991465541, 645115.6250738176, 3951069.3408744787, 32.78054227285058) 

11 : 

x <- c(2506582.922805807, 528514.0913236184, 298299.8186853293, 2052589.6613800307, 970964.9081798955, 1942829.5855454095, 6247494.089745414, 3555113.747243835, 2639903.4109536223, 8638809.035374265, 1896183.6330282965, 8902.567391387065, 8665531.203635473, 4573909.595111651, 42067.72186400332, 1005823.3400969638, 6883.2637356892, 863617.5944444439, 3428969.4641711223, 1795178.7706904989, 497935.566546501, 1087067.5328434089, 17774.930174218407, 640804.8074376257, 3960565.304230016, 23.03378083354886) 

12 : 

