med: 78.9088804869988/desvio: 24.377908373086168


Funcoes: 

1 : Expressao: (((0.9947756151939134*X1)-(0.005777390785227654/X0)))
2 : Expressao: (((X1-X0)-(Power[Abs[X0],0.9814319321980856])))
3 : Expressao: (((X1/0.9576312850404477)-(0.007299157305420301/X0)))
4 : Expressao: (((X1-X0)-(Power[Abs[X0],0.985977378175628])))
5 : Expressao: (((X1-X0)-(Power[Abs[X0],0.9817633452765143])))
6 : Expressao: (((X1-X0)-(Power[Abs[X0],0.9704007790345109])))
7 : Expressao: (((X1/0.974899408750635)-(0.005460863766061919/X0)))
8 : Expressao: (((X1-X0)-(Power[Abs[X0],0.9985163070811051])))
9 : Expressao: (((X1-X0)-(Power[Abs[X0],0.9913243289553011])))
10 : Expressao: (((X1-X0)-(Power[Abs[X0],0.9896582745693966])))
11 : Expressao: (((X1-X0)-(Power[Abs[X0],0.992308915385386])))
12 : Expressao: (((X1-X0)-(Power[Abs[X0],0.9984496781467344])))
13 : Expressao: (((X1-X0)-(Power[Abs[X0],0.9915956858630685])))
14 : Expressao: (((X1-X0)-(Power[Abs[X0],0.9884572094938008])))
15 : Expressao: (((X1-X0)-(Power[Abs[X0],0.9844607423284676])))
16 : Expressao: (((X1-X0)-(Power[Abs[X0],0.9841436277583815])))
17 : Expressao: (((X1-X0)-(Power[Abs[X0],0.9892249677588522])))
18 : Expressao: (((X1-X0)-(Power[Abs[X0],0.9794147628643968])))
19 : Expressao: (((X1-X0)-(Power[Abs[X0],0.9992397409213511])))
20 : Expressao: (((X1-X0)-(Power[Abs[X0],0.996936293877424])))
21 : Expressao: (((X1-X0)-(Power[Abs[X0],0.9968211918245068])))
22 : Expressao: (((X1-X0)-(Power[Abs[X0],0.9974328491344655])))
23 : Expressao: (((X1-X0)-(Power[Abs[X0],0.9857751450393045])))
24 : Expressao: (((X1-X0)-(Power[Abs[X0],0.979239545885269])))
25 : Expressao: (((X1-X0)-(Power[Abs[X0],0.9848588501792993])))
26 : Expressao: (((X1-X0)-(Power[Abs[X0],0.9913699414076402])))
27 : Expressao: (((X1-X0)-(Power[Abs[X0],0.9971479170473172])))
28 : Expressao: (((X1-X0)-(Power[Abs[X0],0.9781769930425198])))
29 : Expressao: (((X1-X0)-(Power[Abs[X0],0.9964674489062034])))
30 : Expressao: (((X1-X0)-(Power[Abs[X0],0.9979720852372231])))
Erros: 

1 : 

x <- c(9.82570973800583, 1.1570059645940336, 2.000214018924536, 31.942315986134698, 131.99301975523082, 43.13870449804506, 3.7566743265490263, 4.469245444240976, 130.29965382632642, 1.4550870398404976, 114.46636459934689, 12.62339571432809, 60.62466166140454, 140.22870777645943, 51.69996211588755, 6.232958572827772, 49.883632980110264, 51.83776415681049, 0.15959053572931642, 184.0890991852407) 

2 : 

x <- c(16.635380928405354, 4.9386706045785544, 37.908351772088004, 232.2414902068937, 464.0466870922219, 718.4939869584806, 1593.914073343528, 3155.1117690892097, 3722.8435374828728, 2706.935026468614, 7394.774670443374, 4714.647263281441, 10117.803789705176, 9396.05609336386, 11445.743069426517, 14372.620983186267, 20396.798101193388, 18825.281245644306, 20353.217448923508, 20385.894547190477) 

3 : 

x <- c(8.851019609696769, 4.308219713217699, 2.1570650782174225, 30.966231027003396, 124.29667757463194, 31.504078659408936, 10.503585014461793, 0.8329636779670805, 102.5037522520794, 9.304193383979358, 79.58190796584, 34.16916558014583, 32.27037524495019, 87.7507927044242, 17.173116782743392, 34.60326251658284, 14.588624380189561, 13.156120271902568, 18.561709041637105, 303.98926246479306) 

4 : 

x <- c(16.356291494928143, 4.869611408038492, 37.55286597645954, 231.11918393616833, 462.4360104769792, 716.3273538905636, 1592.8704655843585, 3156.764053225693, 3723.303366180926, 2708.266220013545, 7408.111078445074, 4723.944255263647, 10145.92128168329, 9417.681178950372, 11481.503500719697, 14435.349888798268, 20488.742037689855, 18906.430150982786, 20454.93981775473, 20506.09106213382) 

5 : 

x <- c(16.614877172135213, 4.933585414636794, 37.8822603444102, 232.15930015092, 463.92878046827366, 718.3356198267463, 1593.8379494376677, 3155.23219392255, 3722.8770607514366, 2707.032052578047, 7395.745708513502, 4715.324219502233, 10119.849684156, 9397.630046670158, 11448.3444680147, 14377.180924786124, 20403.480076667904, 18831.179504777345, 20360.608399636418, 20394.624338958023) 

6 : 

x <- c(17.332028789099816, 5.1125449441281186, 38.79258649088144, 235.01005383709952, 468.01393579471466, 723.8010321996211, 1596.450875040561, 3151.1074272799683, 3721.72800536877, 2703.7084120502163, 7362.572647980752, 4692.194840611363, 10050.078858049546, 9343.912678942443, 11359.68393760787, 14222.060726139518, 20176.321905043966, 18630.59290987671, 20109.49557155621, 20098.328583771785) 

7 : 

x <- c(10.307154348628638, 0.9751919337755468, 1.425583541431321, 29.71742686846262, 124.01941412614634, 34.78555955361341, 7.7781188049289485, 1.7814095348727712, 111.87943783763941, 5.704246887056989, 91.5124363851953, 25.08555710937271, 41.630646370502625, 105.58562884742011, 27.756071627089593, 21.421908473949085, 25.21509997790317, 24.520098914252678, 8.162294207856238, 255.9544497370072) 

8 : 

x <- c(15.609723530920949, 4.686559209344902, 36.59819684967074, 228.0779617910302, 458.06417516767846, 710.4107943412067, 1589.9967183621889, 3161.328885524889, 3724.572343247252, 2711.9434096627756, 7445.1057836089685, 4749.728763759422, 10224.13045555527, 9477.760053006166, 11581.06699907534, 14610.509914458862, 20745.744261252636, 19133.131960676223, 20739.535474289853, 20842.914225491768) 

9 : 

x <- c(16.033796702455405, 4.790237935934456, 37.141161287573496, 229.81257153143267, 460.5590226088145, 713.7935991863337, 1591.644101276184, 3158.70938775192, 3723.844402434739, 2709.833378735184, 7423.8497159473745, 4734.914643199337, 10179.155645824741, 9443.224045601786, 11523.795104269066, 14509.660848687949, 20597.726871784354, 19002.588321152645, 20575.579257189536, 20648.77265530506) 

10 : 

x <- c(16.13361601646491, 4.814756962944477, 37.26870189205307, 230.21813272238572, 461.1418321638381, 714.581366913401, 1592.026077184664, 3158.103044395378, 3723.6758066194693, 2709.3449252011387, 7418.939841231164, 4731.492429479233, 10168.781687966366, 9435.252995140036, 11510.591249931687, 14486.44566020602, 20563.671841774907, 18972.54488824189, 20537.87503981932, 20604.16407789612) 

11 : 

x <- c(15.97508819544922, 4.775837571443244, 37.06610231696285, 229.57356044647358, 460.2154646763404, 713.3287844950156, 1591.418427678634, 3159.067801854514, 3723.9440435135593, 2710.1221005488774, 7426.753805048086, 4736.9387507101355, 10185.294213057234, 9447.939873232737, 11531.609363042273, 14523.406207072872, 20617.893547685355, 19020.3778806527, 20597.910075243577, 20675.199250255355) 

12 : 

x <- c(15.613601961279427, 4.6875038394974595, 36.603171003039776, 228.0939126070352, 458.08713269208295, 710.442001595664, 1590.0119689568091, 3161.3046023099587, 3724.565598230263, 2711.9238505229, 7444.908402704969, 4749.591213032642, 10223.712352322776, 9477.439152204743, 11580.534364681156, 14609.570864972195, 20744.365416253502, 19131.91617268929, 20738.00756961107, 20841.103813573845) 

13 : 

x <- c(16.017595510405844, 4.786262500226213, 37.12045146124819, 229.7466497976379, 460.4642723199065, 713.6654397429381, 1591.581899892366, 3158.8081622277255, 3723.871863552006, 2709.9129473808134, 7424.649911423452, 4735.4723722313865, 10180.84688063356, 9444.523366418509, 11525.94792223804, 14513.447214818258, 20603.281848258994, 19007.488626851282, 20581.730118545194, 20656.051180602644) 

14 : 

x <- c(16.205949427184503, 4.832551870935961, 37.36106202466124, 230.51138081761064, 461.5631255534315, 715.1502387014251, 1592.3015273400727, 3157.666039923496, 3723.554273402122, 2708.9928775383905, 7415.403596438002, 4729.027564241791, 10161.313444823605, 9429.513466310376, 11501.087283272878, 14469.743849749988, 20539.175695055405, 18950.93231264093, 20510.758157602635, 20572.09021753926) 

15 : 

