med: 26523.48261776113/desvio: 225.81535003861043


Funcoes: 

1 : Expressao: (X1)
2 : Expressao: ((Tan[(Sin[(X1*0.872122671363627)])]))
3 : Expressao: ((X1+0.0018566938813353584))
4 : Expressao: (X1)
5 : Expressao: (X1)
6 : Expressao: (X1)
7 : Expressao: (X1)
8 : Expressao: (X1)
9 : Expressao: (X1)
10 : Expressao: ((0.8351371903378056-((X0*0.08073355054379816)-(X1-0.8498024849171861))))
11 : Expressao: ((X1*0.9249651441729947))
12 : Expressao: (X1)
13 : Expressao: (X1)
14 : Expressao: ((X1*0.9389927737595648))
15 : Expressao: (X1)
16 : Expressao: (X1)
17 : Expressao: (X1)
18 : Expressao: (X1)
19 : Expressao: (X1)
20 : Expressao: (X1)
21 : Expressao: (X1)
22 : Expressao: (((0.5117730380923973+X1)+-0.5033457947765742))
23 : Expressao: (X1)
24 : Expressao: (X1)
25 : Expressao: (X1)
26 : Expressao: (X1)
27 : Expressao: ((0.9840981429175355*X1))
28 : Expressao: (X1)
29 : Expressao: (X1)
30 : Expressao: (X1)
Erros: 

1 : 

x <- c(8.70489E7, 2.1049744E9, 1.3053769E9, 4.94209E7, 9.998244E8, 1.1082241E9, 5.308416E8, 1.0725625E9, 6100900.0, 5.673924E8, 7.95664E7, 4.734976E8, 3.606201E8, 1.1999296E9, 1.6443025E9, 3.89376E7, 2.6368225E9, 6.806881E8, 1.962801E8, 5.262436E8, 2.244004E8, 1.896129E8, 9.35089E7, 2.663424E8, 3.048516E8, 9.126441E8, 8.779369E8, 4.293184E8, 1.2845056E9, 8.844676E8, 4.613904E8, 4.5796E8, 3.444736E8, 4.511376E8, 1.075369E8, 2.742336E8, 1.014049E8, 1.6008001E9, 1.0297681E9, 6.98896E7, 8.667136E8, 9.431041E8, 1.879641E8, 9.096256E8, 1.737124E8, 1.1909401E9, 9610000.0, 3.24E8, 8.87364E7, 8.862529E8, 1.0923025E9, 4.95616E7, 1.1553201E9, 5.621641E8, 3.790809E8, 1.7397241E9, 4.950625E8, 1.11556E9, 3.51649E7, 6.492304E8, 2.782224E8, 2.2259524E9, 1.4531344E9, 7398400.0, 1.9377604E9, 1.59201E9, 1.674436E8, 1.9421649E9, 2.292196E8, 1.38384E9, 2.34256E7, 2.839225E8, 1.648656E8, 1.6573041E9, 1.7598025E9, 4243600.0, 2.1613201E9, 1.4531344E9, 1.669264E8, 7.080921E8, 8.06404E7, 6.066369E8, 1.27449E7, 1.503076E8, 6.285049E8, 8.433216E8, 2.0930625E9, 3.88129E7, 2.1261321E9, 7.745089E8, 1.179396E8, 2.719201E8, 4.756761E8, 8.2944E8, 3.38724E7, 3.790809E8, 1.183744E8, 9.928801E8) 

2 : 

x <- c(1.5027718819215205E8, 2.416108279827451E9, 1.439382042782696E9, 1.2334004948623605E9, 5.715279655118084E7, 8.057306175632236E8, 4.3317420174123293E8, 1.2985283666354074E9, 846371.4489460111, 4.898316990184714E8, 1.474382856817361E8, 3.594684103255038E8, 4.893651907113381E8, 1.4143678732578673E9, 1.8247914115430546E9, 2.039987016518799E9, 1793949.3071673885, 5.995308174096884E8, 1.27510462071126E8, 6.878222814423239E8, 2.8932865628962016E8, 1.5109457931766826E8, 5.980849957067111E7, 1.8591337928437784E8, 4.3052637864157844E8, 1.0766654233912342E9, 1.0251672996500016E9, 2.007205040129939E9, 5.371038011739649E8, 4.4437891725424385E8, 3.9801356183524376E8, 5.96144248054441E8, 4.037408597547549E8, 3.2572437116931677E8, 7.55426338493066E7, 1.9873706964188874E8, 1.7817901501306623E8, 1.8424048276204724E9, 1.2887243971953313E9, 7.311230086908228E8, 4.017537801558125E7, 8.082507069608722E8, 1.2169150440786603E8, 1.1181616358741062E9, 2.1584728732564297E8, 1.0510558029401946E9, 12979.855743191376, 2.2106214514699075E8, 1.547141092892261E8, 1.0928685489581997E9, 1.2063266551056187E9, 2.575059094437701E8, 3.562179387968495E8, 4.963460334360527E8, 2.7258809564800763E8, 2.0095492591997938E9, 5.622987589589913E8, 7.879491922126565E8, 1.4194016398005564E7, 5.224031808800182E8, 3.904766454241726E8, 2.5315215585648723E9, 1.849968045455732E9, 2.8555334197266564E9, 1.4027323611329174E8, 1.3140702306318E9, 1.0012681019759947E8, 2.2426810085039372E9, 2.8557803676558346E8, 9.42862301421815E8, 6517753.464276915, 2.0141572626680112E8, 2.6013052558028275E8, 1.903653968418542E9, 2.1127969670192208E9, 3.1290888517270694E9, 1.2860783445323157E8, 1.2199537022642884E9, 1.0011156992966639E8, 8.939313892088989E8, 1.183479421713296E8, 5.380095431722571E8, 300081.2648068253, 8.253865280626875E7, 7.995625003161442E8, 9.886355218285302E8, 2.3484444303324933E9, 2.1845425176913276E9, 1.9892549855224323E7, 6.8521158271259E8, 6.503213557963448E7, 3.901833881898771E8, 5.852976801379566E8, 7.38726020378536E8, 7.572543706717671E7, 2.888580605594935E8, 2.0072728586591497E8, 1.1934112776702714E9) 

3 : 

x <- c(8.497580112617777E7, 2.094731060010383E9, 1.2973130360946279E9, 4.7861933946050756E7, 1.0069051006799852E9, 1.115678105814414E9, 5.3600436172585434E8, 1.0652541878038272E9, 6665526.028130672, 5.727295198125963E8, 7.758495088972123E7, 4.7837423563479775E8, 3.5638764328271466E8, 1.1921988047474976E9, 1.6352506069364393E9, 3.755522739287632E7, 2.6483135661304517E9, 6.865326465522093E8, 1.9942433156783715E8, 5.2112817604858637E8, 2.2106432267736134E8, 1.9270348292576352E8, 9.568298529033922E7, 2.700029997477957E8, 3.0096115337593395E8, 9.059035692657729E8, 8.713260201507843E8, 4.246992259877697E8, 1.2925296226364458E9, 8.911280529837421E8, 4.6620444555237854E8, 4.5318882150189203E8, 3.4033726376643205E8, 4.558979969103024E8, 1.0986746049638727E8, 2.7794784838986933E8, 9.916638447978412E7, 1.5918689163811002E9, 1.0226073215695333E9, 7.177085311901973E7, 8.733069921811501E8, 9.499813829121264E8, 1.9104127076524514E8, 9.02896246066205E8, 1.7077868749291348E8, 1.1986668197449546E9, 1.031545371357392E7, 3.2803614024231106E8, 8.664318288540016E7, 8.796107251095747E8, 1.084927127001239E9, 4.800039858596355E7, 1.1629305810204659E9, 5.674766308516458E8, 3.83445638175012E8, 1.730412905166412E9, 4.9010131589455056E8, 1.1230385947753682E9, 3.650296061802533E7, 6.549385895869389E8, 2.745063114626732E8, 2.2154184631991563E9, 1.4446256994374344E9, 6802874.143288981, 1.9476129471871207E9, 1.6009415788315241E9, 1.7034864803859228E8, 1.9323261601860216E9, 2.258477569159807E8, 1.3921680316081963E9, 2.452000636860765E7, 2.87701573832375E8, 1.620078897358511E8, 1.6482164411750522E9, 1.7504376565243433E9, 3795607.908991354, 2.1717247811284614E9, 1.461668084736145E9, 1.6982697731841946E8, 7.021562988968804E8, 7.864553872920284E7, 6.121550839795947E8, 1.3555415637634756E7, 1.5306064355271703E8, 6.22913344350183E8, 8.368426063958819E8, 2.0828482196915061E9, 4.021802142061736E7, 2.1364518374451783E9, 7.80742399207243E8, 1.2037969314062092E8, 2.6824648330431673E8, 4.708132717383522E8, 8.358903291356205E8, 3.2583912516505107E7, 3.83445638175012E8, 1.1595482031278566E8, 9.858489724545408E8) 

4 : 

x <- c(8.70489E7, 2.1049744E9, 1.3053769E9, 4.94209E7, 9.998244E8, 1.1082241E9, 5.308416E8, 1.0725625E9, 6100900.0, 5.673924E8, 7.95664E7, 4.734976E8, 3.606201E8, 1.1999296E9, 1.6443025E9, 3.89376E7, 2.6368225E9, 6.806881E8, 1.962801E8, 5.262436E8, 2.244004E8, 1.896129E8, 9.35089E7, 2.663424E8, 3.048516E8, 9.126441E8, 8.779369E8, 4.293184E8, 1.2845056E9, 8.844676E8, 4.613904E8, 4.5796E8, 3.444736E8, 4.511376E8, 1.075369E8, 2.742336E8, 1.014049E8, 1.6008001E9, 1.0297681E9, 6.98896E7, 8.667136E8, 9.431041E8, 1.879641E8, 9.096256E8, 1.737124E8, 1.1909401E9, 9610000.0, 3.24E8, 8.87364E7, 8.862529E8, 1.0923025E9, 4.95616E7, 1.1553201E9, 5.621641E8, 3.790809E8, 1.7397241E9, 4.950625E8, 1.11556E9, 3.51649E7, 6.492304E8, 2.782224E8, 2.2259524E9, 1.4531344E9, 7398400.0, 1.9377604E9, 1.59201E9, 1.674436E8, 1.9421649E9, 2.292196E8, 1.38384E9, 2.34256E7, 2.839225E8, 1.648656E8, 1.6573041E9, 1.7598025E9, 4243600.0, 2.1613201E9, 1.4531344E9, 1.669264E8, 7.080921E8, 8.06404E7, 6.066369E8, 1.27449E7, 1.503076E8, 6.285049E8, 8.433216E8, 2.0930625E9, 3.88129E7, 2.1261321E9, 7.745089E8, 1.179396E8, 2.719201E8, 4.756761E8, 8.2944E8, 3.38724E7, 3.790809E8, 1.183744E8, 9.928801E8) 

5 : 

