med: 166.4849308086579/desvio: 551.9683344690056


Funcoes: 

1 : Expressao: (X1)
2 : Expressao: (X1)
3 : Expressao: ((Tan[(Sin[(Sin[X1])])]))
4 : Expressao: (((0.9097220756293202+X1)-0.8956720345826985))
5 : Expressao: (X1)
6 : Expressao: (X1)
7 : Expressao: ((Tan[(Sin[(X1*0.9476131133310429)])]))
8 : Expressao: ((Tan[(X1*0.890278677243033)]))
9 : Expressao: (X1)
10 : Expressao: ((Sin[(Sin[(Tan[X1])])]))
11 : Expressao: (X1)
12 : Expressao: (((0.9383342579734479*X0)-(X0-X1)))
13 : Expressao: (X1)
14 : Expressao: (X1)
15 : Expressao: (X1)
16 : Expressao: (X1)
17 : Expressao: (X1)
18 : Expressao: (X1)
19 : Expressao: ((0.9625802242874615*X1))
20 : Expressao: ((Tan[(Sin[(Sin[X1])])]))
21 : Expressao: ((Tan[(Sin[(Sin[X1])])]))
22 : Expressao: (((Tan[X1])*0.8958325364535195))
23 : Expressao: ((Sin[((X1*X1)/(Sin[X1]))]))
24 : Expressao: ((Sin[(Tan[(Sin[X1])])]))
25 : Expressao: (X1)
26 : Expressao: (X1)
27 : Expressao: (X1)
28 : Expressao: (X1)
29 : Expressao: (((Cos[(X1/0.7573096784804583)])*(Tan[(Tan[X1])])))
30 : Expressao: (X1)
Erros: 

1 : 

x <- c(15.52360000000001, 4.6656, 0.0529000000000002, 24.60160000000001, 116.64000000000001, 37.57690000000003, 5.017600000000009, 3.4595999999999716, 124.09960000000017, 2.3409000000000035, 108.5763999999999, 15.13209999999995, 56.10010000000003, 132.25, 46.23999999999977, 8.46809999999998, 44.488900000000214, 45.83289999999975, 0.7395999999999746, 196.5604000000003) 

2 : 

x <- c(15.52360000000001, 4.6656, 0.0529000000000002, 24.60160000000001, 116.64000000000001, 37.57690000000003, 5.017600000000009, 3.4595999999999716, 124.09960000000017, 2.3409000000000035, 108.5763999999999, 15.13209999999995, 56.10010000000003, 132.25, 46.23999999999977, 8.46809999999998, 44.488900000000214, 45.83289999999975, 0.7395999999999746, 196.5604000000003) 

3 : 

x <- c(15.523597243441246, 4.665863091610771, 0.053349823831984666, 24.61367885836945, 117.33854993294587, 50.94845323613907, 0.6834153882031919, 15.940227248945595, 196.9022964534357, 88.65876387884359, 395.675805707456, 322.3009479577275, 579.6969523027278, 1509.936104356656, 3025.7298081486256, 3452.815710795936, 3911.723993403969, 5769.261368492884, 6701.942306640789, 4487.057504682426) 

4 : 

x <- c(12.967056574126111, 3.315967965065096, 0.011885372094481376, 21.35345566471159, 109.43210143826006, 33.535448739206835, 6.6513444370491985, 2.313379997245784, 116.66116780178848, 3.4932359608880965, 101.62615667902212, 17.884610614043048, 51.13651419332076, 124.56747336317159, 41.74426186733638, 10.55613130891947, 40.0813070812816, 41.35750307055425, 1.4376490890177782, 206.18145690067962) 

5 : 

x <- c(15.52360000000001, 4.6656, 0.0529000000000002, 24.60160000000001, 116.64000000000001, 37.57690000000003, 5.017600000000009, 3.4595999999999716, 124.09960000000017, 2.3409000000000035, 108.5763999999999, 15.13209999999995, 56.10010000000003, 132.25, 46.23999999999977, 8.46809999999998, 44.488900000000214, 45.83289999999975, 0.7395999999999746, 196.5604000000003) 

6 : 

x <- c(15.52360000000001, 4.6656, 0.0529000000000002, 24.60160000000001, 116.64000000000001, 37.57690000000003, 5.017600000000009, 3.4595999999999716, 124.09960000000017, 2.3409000000000035, 108.5763999999999, 15.13209999999995, 56.10010000000003, 132.25, 46.23999999999977, 8.46809999999998, 44.488900000000214, 45.83289999999975, 0.7395999999999746, 196.5604000000003) 

7 : 

x <- c(15.101482540263504, 5.318723804015342, 0.21519533949572267, 27.05537937642939, 122.80666646901639, 28.483254347714393, 16.079678757896584, 0.16423223887430877, 88.65620539552621, 0.8048272359707034, 101.20814702477423, 66.78777301283324, 179.646690999295, 926.1565799508902, 2534.43172065262, 3005.1079278671027, 3412.317861413713, 5192.123980414282, 6039.307645265621, 3953.536086815916) 

8 : 

x <- c(14.645270555032031, 6.095052830430163, 0.5365879019105235, 30.031385275716087, 131.40082754044224, 12.00412239845679, 166.03223666669388, 24.087959788031657, 1.5861896937886104, 10713.294887420521, 3309.002701133834, 38080.3676527496, 3278328.336715991, 20385.418321484718, 9324.172203290207, 6811.237266014642, 8715.648419287192, 8358.651922418843, 7010.0190102585075, 4972.316235439229) 

9 : 

x <- c(15.52360000000001, 4.6656, 0.0529000000000002, 24.60160000000001, 116.64000000000001, 37.57690000000003, 5.017600000000009, 3.4595999999999716, 124.09960000000017, 2.3409000000000035, 108.5763999999999, 15.13209999999995, 56.10010000000003, 132.25, 46.23999999999977, 8.46809999999998, 44.488900000000214, 45.83289999999975, 0.7395999999999746, 196.5604000000003) 

10 : 

x <- c(15.523597240058704, 4.665865652478608, 0.053363356222619285, 24.614075961918807, 117.43046860913579, 61.74261138642624, 43.82193022896366, 43.277992280167986, 361.93915078208136, 275.46471795700944, 3351.069256845433, 3053.049389326449, 907.8802294709869, 6729.010400050564, 6794.301795974031, 5312.884228017088, 6796.8863822753365, 6818.605788499225, 5616.77036499293, 3817.3866111893235) 

11 : 

x <- c(15.52360000000001, 4.6656, 0.0529000000000002, 24.60160000000001, 116.64000000000001, 37.57690000000003, 5.017600000000009, 3.4595999999999716, 124.09960000000017, 2.3409000000000035, 108.5763999999999, 15.13209999999995, 56.10010000000003, 132.25, 46.23999999999977, 8.46809999999998, 44.488900000000214, 45.83289999999975, 0.7395999999999746, 196.5604000000003) 

12 : 

x <- c(13.547634399946269, 4.394018926920451, 0.16740744803131632, 27.79770146971477, 123.79979615347705, 45.73002341900123, 0.8866335906947491, 12.506116254437774, 160.73846697929093, 0.015120584816503496, 162.81561335966936, 2.7041382900827284, 107.70559475004708, 200.1730024961709, 98.21062253269444, 0.826796127972601, 118.99777977581003, 117.27077216974813, 13.035519185726107, 83.39432599032084) 

13 : 

x <- c(15.52360000000001, 4.6656, 0.0529000000000002, 24.60160000000001, 116.64000000000001, 37.57690000000003, 5.017600000000009, 3.4595999999999716, 124.09960000000017, 2.3409000000000035, 108.5763999999999, 15.13209999999995, 56.10010000000003, 132.25, 46.23999999999977, 8.46809999999998, 44.488900000000214, 45.83289999999975, 0.7395999999999746, 196.5604000000003) 

14 : 

x <- c(15.52360000000001, 4.6656, 0.0529000000000002, 24.60160000000001, 116.64000000000001, 37.57690000000003, 5.017600000000009, 3.4595999999999716, 124.09960000000017, 2.3409000000000035, 108.5763999999999, 15.13209999999995, 56.10010000000003, 132.25, 46.23999999999977, 8.46809999999998, 44.488900000000214, 45.83289999999975, 0.7395999999999746, 196.5604000000003) 

15 : 

x <- c(15.52360000000001, 4.6656, 0.0529000000000002, 24.60160000000001, 116.64000000000001, 37.57690000000003, 5.017600000000009, 3.4595999999999716, 124.09960000000017, 2.3409000000000035, 108.5763999999999, 15.13209999999995, 56.10010000000003, 132.25, 46.23999999999977, 8.46809999999998, 44.488900000000214, 45.83289999999975, 0.7395999999999746, 196.5604000000003) 

16 : 

x <- c(15.52360000000001, 4.6656, 0.0529000000000002, 24.60160000000001, 116.64000000000001, 37.57690000000003, 5.017600000000009, 3.4595999999999716, 124.09960000000017, 2.3409000000000035, 108.5763999999999, 15.13209999999995, 56.10010000000003, 132.25, 46.23999999999977, 8.46809999999998, 44.488900000000214, 45.83289999999975, 0.7395999999999746, 196.5604000000003) 

17 : 

x <- c(15.52360000000001, 4.6656, 0.0529000000000002, 24.60160000000001, 116.64000000000001, 37.57690000000003, 5.017600000000009, 3.4595999999999716, 124.09960000000017, 2.3409000000000035, 108.5763999999999, 15.13209999999995, 56.10010000000003, 132.25, 46.23999999999977, 8.46809999999998, 44.488900000000214, 45.83289999999975, 0.7395999999999746, 196.5604000000003) 

18 : 

