med: 7.737830725339655/desvio: 0.3452184961758368


Funcoes: 

1 : Expressao: ((Sin[X1]))
2 : Expressao: ((X1*0.5474778149055743))
3 : Expressao: ((0.5358800509336046*X1))
4 : Expressao: ((Sin[X1]))
5 : Expressao: ((X1*0.4743169988046291))
6 : Expressao: ((X1*0.579210473121588))
7 : Expressao: ((Sin[X1]))
8 : Expressao: ((X1*0.5475873254231173))
9 : Expressao: ((X1*0.5232669109099003))
10 : Expressao: ((0.4197465670943539*X1))
11 : Expressao: ((Sin[(0.9424178009927354*X1)]))
12 : Expressao: ((Sin[(Sin[(Sin[X1])])]))
13 : Expressao: ((0.9972574525208051-(Power[Abs[0.5631286951229897],X1])))
14 : Expressao: ((0.3160903290823296/(0.7220381761309144/X1)))
15 : Expressao: ((X1*0.5468830441120213))
16 : Expressao: (((0.3363167601346897*X1)/0.7455689282300579))
17 : Expressao: ((Sin[X1]))
18 : Expressao: ((Sin[X1]))
19 : Expressao: (((0.8757634536915886*(0.28021808904030887*X1))/0.7497616826982889))
20 : Expressao: ((1.1313902210145927+((X1*0.6655577975713316)-0.9721408701624067)))
21 : Expressao: ((0.4756169337074137*(0.834759823676944*X1)))
22 : Expressao: ((0.6165315378462185*(X1+0.2367545328304369)))
23 : Expressao: ((0.3792256865292334*X1))
24 : Expressao: ((Sin[X1]))
25 : Expressao: ((0.5085151467419107*X1))
26 : Expressao: ((Sin[(0.09631289028351217+(0.8805530212652583*X1))]))
27 : Expressao: ((0.6928108234246458*X1))
28 : Expressao: ((Cos[(0.9746518981312645+(0.5910360084730292-X1))]))
29 : Expressao: ((Sin[X1]))
30 : Expressao: ((Cos[((Power[Abs[0.4925848955164184],X1])/0.6020589848071943)]))
Erros: 

1 : 

x <- c(33.30318883388742, 0.6579481545615236, 2.5484915549243E-4, 5.083031505912839, 7.041528944386107, 11.368569787222397, 11.665632522095338, 67.49160840940047, 19.118529906860324, 18.085268928079937, 19.450043811431048, 15.635681774715392, 10.866171954481462, 37.67832229629634, 1.58301525509869, 6.526597836514429, 11.369661185027079, 13.553470201098122, 0.49802607300907437, 13.38990166389869, 5.512467334777244, 52.72397203064664, 563.6972906416578, 119.35112233641804, 61.37104102731939, 0.8622342918122089, 18.92176027328586, 13.398490729243969, 0.3837461794297041, 16.25375584747056, 0.008385499803040085, 53.156532509825745, 17.79676142098475, 10.622150370514625, 209.19351420823804, 1202.702399845174, 45.27061608594399, 88.98189643830665, 120.74049031209854, 34.25569264391922, 1.8597342266611734, 0.050268224534631825, 0.07831112781379446, 14.13473921058578, 12.888207599536019, 3.2593288808384777, 1333.0550482362473, 0.09469539256590088, 83.0874726693461, 32.317671774476715, 46.81517323311329, 713.8460130002028, 346.35597869711023, 2.16254428081713, 3.1542143940137906, 43.910043034287554, 62.28701165054546, 28.80721097403202, 15.374902817150774, 66.4933534703346, 2.6404258794996887, 0.03112473564175723, 6.0152999195899435, 2.7189169966210764, 37.96714069152295, 22.62944417002989, 9.359821245030714, 8.440686774090812, 11.807472529076259, 28.176573429201078, 1.9462090601670925, 8.664502437126854, 45.920048966560806, 92.49656157348856, 145.22127112715947, 119.73182632742783, 1.0601147187968938, 28.83686518443873, 6.630688360270898, 130.9554058951764, 17.779517314536427, 20.957137483986312, 0.9593654096366401, 236.15982019726772, 0.7881108518201669, 0.07830435117190108, 17.808129767026735, 2.4506407469318887, 1.4808226133456894, 3.7059306317220377, 53.04328560232816, 3.4642883823128754, 11.722086319802816, 23.961170856521186, 19.53537403883844, 44.56196200309665, 0.027452790392835873, 6.258914117680409, 43.745491883431825, 22.91643382647531, 7.792542361018878, 5.369312915210687, 46.95762659814681, 53.174966307543, 25.772613063439483, 16.12692494824416, 5.7590022399996625, 212.22671418784364, 1.0609005206615798, 18.569024977092937, 6.759863116167796, 4.9734451024481965, 0.96742115486816, 3.2506592248798447, 4.7791924634576315, 4.627534865227149, 1.9735304797744777, 12.560570891835306, 7.562605141348587, 32.63244992099956, 59.72955261502986, 0.3729856200515654, 73.80871612140248, 81.07326676714594, 5.023264022320425, 36.485138767882894, 34.81718344383089, 43.75585485582757, 37.53537284014724, 21.45986840850564, 2.585502343250145, 131.35656240636598, 3.2255661555155934, 9.410243291108418E-4, 12.893389330274108, 7.702582603950774E-5, 0.0026512116775734692, 2.47876491987635, 2.1596444037274205, 0.011761370751420376, 5.695520400283416E-4, 0.0040818782450255005, 105.99683720257417, 110.85893050723492, 0.007374975750952914, 1.656358706254361, 13.665182835883613, 54.598629983877615, 2.050497544156384) 

2 : 

x <- c(39.4861579106244, 4.472608452163297, 6.389807380118731, 0.05496854969571417, 17.322045451985016, 35.54674962146701, 50.812395346336054, 160.24259956368485, 81.17478418182056, 78.27579255623873, 81.14965489589642, 72.69589292775417, 62.96707810696189, 1.9358915322367873, 5.278483548708188, 30.76153500772832, 50.91122381938182, 66.32390232815654, 30.376147837267986, 69.54524191174788, 6.284181147569255, 9.225806368751009, 500.34110122735865, 42.89944974846073, 32.9406563100142, 5.402465225771284, 37.65191426098582, 0.054528701551389676, 6.41037695509167, 38.19005001450092, 12.262587284211303, 114.94008559705152, 81.92993052827984, 65.53530081812158, 92.9215549183504, 1202.218566697408, 129.81200186414702, 158.8152488262172, 37.55458201895426, 20.18038640654554, 6.909347250088973, 4.282700591341532, 2.69262719906352, 30.70922356194413, 0.13324480237504308, 12.416546386864413, 1160.4462797553847, 2.1706537524937866, 18.257524984627928, 14.648476075582538, 56.705190421841124, 542.1662344649475, 192.81436073527377, 0.022389710160034625, 7.512251256086595, 69.9199150675085, 142.8965405945094, 0.30020116234960137, 0.05832035008716906, 36.76655658835821, 0.0075211217997888866, 0.4052773763189259, 10.145244224758974, 0.023666546638938874, 25.917498411891895, 9.468021177957363, 6.788128725997828, 14.669831786997495, 1.6067185497335785, 21.677562101747824, 9.664697716489659, 0.4432365557468627, 60.265685051577194, 35.919970465240276, 157.28107343409783, 40.14404125121247, 0.4133268143809152, 27.99465103727546, 23.43568089227853, 214.55867596615408, 79.61090544123296, 85.17403498083013, 30.739146495611216, 110.34002205925805, 0.0364969597720588, 2.628769442940853E-4, 16.40649136793468, 0.019638197319620014, 4.955525023075985, 11.996890029069261, 92.418321924197, 7.007029153597083, 0.13390999195654862, 6.135530323650005, 17.30236527410443, 24.703293105230827, 1.246939853919795, 13.728585722917343, 78.71222179817114, 0.19628379702986445, 0.04862757749163218, 13.528556468938065, 84.25256557840814, 137.31081158117354, 96.85921707507278, 73.24950047180099, 49.27313372647313, 94.98465340688648, 1.1315653665974914, 14.517254730187357, 1.3676784319618027, 6.224596013052552, 5.035708798239683, 12.131184659943557, 0.05015328409286606, 13.015307976130897, 0.886508379560969, 3.3023522700496826, 8.367904436167217, 18.860180675696057, 42.69599085737619, 2.5816090581195485, 110.76506515183777, 19.633426077594404, 11.745081104786335, 66.85080574632622, 100.95811700683346, 131.64706939618253, 112.41194058348658, 76.53812291525414, 35.98720189722723, 43.79746709092976, 0.2728869579924193, 0.24855111784796943, 16.582199393469953, 4.148062662800965, 3.8612358844114834, 12.568622634858034, 1.2389004500146987, 3.3453271625516567, 3.410005442073448, 3.6288095546652053, 71.33501911673396, 62.171876698397725, 4.298681600489758, 10.803723982977374, 38.35949390171101, 13.296717261253445, 4.4001723318234225) 

3 : 

