med: 689.9878276645633/desvio: 26.521660917879924


Funcoes: 

1 : Expressao: ((Sin[X1]))
2 : Expressao: ((Sin[X1]))
3 : Expressao: ((Sin[X1]))
4 : Expressao: (((Sin[X1])/1.0670722361023328))
5 : Expressao: ((0.7457668088482898*X1))
6 : Expressao: ((0.6728054541684154*X1))
7 : Expressao: ((0.7412835392532972*X1))
8 : Expressao: (X1)
9 : Expressao: ((Sin[X1]))
10 : Expressao: ((Sin[X1]))
11 : Expressao: ((X1*0.8318828706559123))
12 : Expressao: ((0.815503355302176*X1))
13 : Expressao: ((Sin[(0.9548031956354225*X1)]))
14 : Expressao: (((0.9532293660080063-(Power[Abs[0.7218504766237145],X1]))/0.7730260858319535))
15 : Expressao: ((Sin[X1]))
16 : Expressao: ((Sin[X1]))
17 : Expressao: (((Sin[X1])*0.9683612523772391))
18 : Expressao: ((0.6522822276705743*X1))
19 : Expressao: ((Sin[X1]))
20 : Expressao: (((Sin[X1])*0.9569122012290194))
21 : Expressao: ((0.7853359826163377*X1))
22 : Expressao: ((Sin[X1]))
23 : Expressao: ((Tan[((Sin[X1])*0.8378365769414472)]))
24 : Expressao: (((Sin[X1])*0.8881324167089585))
25 : Expressao: ((Sin[(0.9611433534136357*(0.999952383408284*X1))]))
26 : Expressao: ((Sin[X1]))
27 : Expressao: ((X1*0.7580145841393484))
28 : Expressao: ((X1*0.8459937107320882))
29 : Expressao: ((Sin[X1]))
30 : Expressao: (((Sin[X1])-0.039871109422188696))
Erros: 

1 : 

x <- c(43076.580966978014, 529529.9433724893, 5103.067629673148, 621.5183357142388, 18698.756863359187, 168739.10682092074, 227174.8593082981, 2018613.4830139417, 34490.89570012659, 550385.210240361, 66121.76326155158, 5946.918969287566, 6137.224205784485, 774999.2865505047, 1257788.6091520276, 14586.766619244518, 41986.416473791374, 95598.67376531912, 86647.2408439692, 1575357.908228184, 354738.81850264035, 223826.8019143367, 98090.49196898226, 4793.967183394109, 266430.0752579535, 1842482.8302156024, 937132.6409566385, 106419.01178300368, 7313.699509886434, 182869.10846773224, 143083.11624025705, 1272482.336448642, 272131.52757273015, 504444.0724465777, 117919.28466330789, 75766.22992988727, 1008846.8618324471, 3570611.1569670863) 

2 : 

x <- c(43076.580966978014, 529529.9433724893, 5103.067629673148, 621.5183357142388, 18698.756863359187, 168739.10682092074, 227174.8593082981, 2018613.4830139417, 34490.89570012659, 550385.210240361, 66121.76326155158, 5946.918969287566, 6137.224205784485, 774999.2865505047, 1257788.6091520276, 14586.766619244518, 41986.416473791374, 95598.67376531912, 86647.2408439692, 1575357.908228184, 354738.81850264035, 223826.8019143367, 98090.49196898226, 4793.967183394109, 266430.0752579535, 1842482.8302156024, 937132.6409566385, 106419.01178300368, 7313.699509886434, 182869.10846773224, 143083.11624025705, 1272482.336448642, 272131.52757273015, 504444.0724465777, 117919.28466330789, 75766.22992988727, 1008846.8618324471, 3570611.1569670863) 

3 : 

x <- c(43076.580966978014, 529529.9433724893, 5103.067629673148, 621.5183357142388, 18698.756863359187, 168739.10682092074, 227174.8593082981, 2018613.4830139417, 34490.89570012659, 550385.210240361, 66121.76326155158, 5946.918969287566, 6137.224205784485, 774999.2865505047, 1257788.6091520276, 14586.766619244518, 41986.416473791374, 95598.67376531912, 86647.2408439692, 1575357.908228184, 354738.81850264035, 223826.8019143367, 98090.49196898226, 4793.967183394109, 266430.0752579535, 1842482.8302156024, 937132.6409566385, 106419.01178300368, 7313.699509886434, 182869.10846773224, 143083.11624025705, 1272482.336448642, 272131.52757273015, 504444.0724465777, 117919.28466330789, 75766.22992988727, 1008846.8618324471, 3570611.1569670863) 

4 : 

x <- c(50702.91158080362, 570854.2978563829, 1008.0664958622687, 3126.9105910823387, 11563.855964628903, 185352.14018300985, 263469.8920904722, 1904582.7118711793, 21853.301994650064, 514708.59218845423, 77422.1269010011, 11971.221390591547, 12223.579679424009, 832766.2990175792, 1335717.0262834139, 9723.052235486082, 48038.180474325716, 111809.80967980328, 109296.71083899931, 1477204.7621493, 316047.61127915594, 227639.3403922015, 117802.10303393588, 957.780186213384, 298471.0605950537, 1954814.056923504, 941138.2712958262, 134685.4815559903, 2009.1432311111782, 210407.6164322759, 175223.00079827022, 1182115.0170555103, 244244.76500272405, 512034.3987384603, 145748.48781443728, 99755.9665499392, 1091476.2614913906, 3658883.3916424853) 

5 : 

x <- c(73827.03652784799, 651328.8677727397, 98162.68462586659, 10070.980032201998, 3401.6331499884786, 230757.4238898447, 269675.34528057574, 2444623.346014047, 25427.947278238273, 440854.09577028285, 108720.55533402205, 22124.767993652735, 22570.70592336062, 906752.4503955774, 393292.6901752632, 1021037.1274277804, 67063.2782760334, 150398.47632367274, 116614.90874546808, 1619457.8328361502, 279414.16200404614, 239370.07321478822, 152495.64614784674, 2491.7927697796326, 351968.8287168595, 1595674.0984147992, 245049.28825112435, 52199.04806509899, 27270.873816584066, 252870.93427245284, 110480.91023496342, 1536852.2703741924, 195546.1349465618, 535229.0592190154, 130392.54018652638, 43899.53131101826, 919935.0655079699, 1063892.2344101574) 

6 : 

x <- c(85770.1553152123, 710058.9246251442, 51927.55490291389, 19939.68492411673, 421.6542608527828, 254317.2943982069, 327407.174427929, 2208774.917738227, 10620.872963954655, 401371.5098700726, 126365.09068120003, 36866.06181571629, 37384.60152304115, 990723.5736756583, 531092.6037232277, 790169.6693718381, 76114.26479476357, 175835.17264581178, 154674.76748806762, 1461764.5358930149, 233421.16896894513, 243956.42752545574, 184627.02903863633, 60.68237548293191, 400263.81067425787, 1784534.6869514363, 121569.88851213419, 90902.69859394508, 8837.187119931696, 295786.2430384463, 159722.02069549117, 1357883.4439251993, 165854.85622563848, 544334.8808459712, 175643.69309580477, 77909.4259881229, 1053343.3756551114, 1326047.1951714684) 

7 : 

x <- c(74535.09975873583, 654864.5718862044, 94900.73353565356, 10581.129202676728, 3136.1652535884623, 232172.09554583408, 273061.4621429469, 2429786.2150040613, 24334.619019288413, 438374.6008040849, 109766.52053013539, 22922.644059666534, 23373.770074706226, 911805.0312601735, 401164.43240698066, 1005998.926939978, 67602.92075060231, 151904.2120017992, 118798.84618123634, 1609535.151409658, 276468.83984821546, 239650.63678503962, 154381.51928639688, 2150.3514100969596, 354846.917641799, 1606974.5339145758, 236226.50416045633, 54269.69770406195, 25846.366832545827, 255411.01526325836, 113245.69336040264, 1525535.7718742397, 193651.2309840995, 535786.371523757, 132979.09202216947, 45709.97025119165, 927872.2515912193, 1079169.2071881434) 

8 : 

x <- c(39204.0, 466489.0, 373321.0, 1764.0, 36100.0, 157609.0, 112225.0, 3359889.0, 126736.0, 592900.0, 57600.0, 4.0, 0.0, 643204.0, 74529.0, 2056356.0, 40000.0, 77284.0, 25921.0, 2232036.0, 471969.0, 223729.0, 64516.0, 63001.0, 207936.0, 1020100.0, 1010025.0, 676.0, 170569.0, 129600.0, 9604.0, 2247001.0, 318096.0, 504100.0, 25281.0, 1089.0, 525625.0, 375769.0) 

9 : 

x <- c(43076.580966978014, 529529.9433724893, 5103.067629673148, 621.5183357142388, 18698.756863359187, 168739.10682092074, 227174.8593082981, 2018613.4830139417, 34490.89570012659, 550385.210240361, 66121.76326155158, 5946.918969287566, 6137.224205784485, 774999.2865505047, 1257788.6091520276, 14586.766619244518, 41986.416473791374, 95598.67376531912, 86647.2408439692, 1575357.908228184, 354738.81850264035, 223826.8019143367, 98090.49196898226, 4793.967183394109, 266430.0752579535, 1842482.8302156024, 937132.6409566385, 106419.01178300368, 7313.699509886434, 182869.10846773224, 143083.11624025705, 1272482.336448642, 272131.52757273015, 504444.0724465777, 117919.28466330789, 75766.22992988727, 1008846.8618324471, 3570611.1569670863) 

10 : 

