med: 1204.6032347786158/desvio: 35.467430900688946


Funcoes: 

1 : Expressao: (X1)
2 : Expressao: (X1)
3 : Expressao: ((((0.9405590260601594*X1)-0.06048697501618308)+0.6029944152020094))
4 : Expressao: (X1)
5 : Expressao: (X1)
6 : Expressao: (X1)
7 : Expressao: ((Power[Abs[(X0-0.3499304938598572)],(X1/X0)]))
8 : Expressao: (X1)
9 : Expressao: (((Sin[(X1-X0)])+(Power[Abs[(X0/0.2421189933084441)],0.5588004283330362])))
10 : Expressao: (((0.5486673263378674/X0)-(0.09873207777211457-X1)))
11 : Expressao: (X1)
12 : Expressao: (X1)
13 : Expressao: (X1)
14 : Expressao: (X1)
15 : Expressao: (X1)
16 : Expressao: ((0.023556132065859936+X1))
17 : Expressao: (X1)
18 : Expressao: (X1)
19 : Expressao: (X1)
20 : Expressao: (X1)
21 : Expressao: (X1)
22 : Expressao: ((0.8379855314630408*(((X1/0.9264387443634249)+1.0)-(1.0/(Sqrt[Abs[X0]])))))
23 : Expressao: (X1)
24 : Expressao: (X1)
25 : Expressao: (X1)
26 : Expressao: (X1)
27 : Expressao: (X1)
28 : Expressao: (X1)
29 : Expressao: (X1)
30 : Expressao: ((0.010977223111114376+X1))
Erros: 

1 : 

x <- c(1129583.3569200425, 285523.31360958645, 107247.68496779559, 3062.2821424413432, 143372.82341937622, 7499819.756741048, 1.1289975549434913E7, 388.09700291305876, 226498.93410562503, 1420639.099317556, 775320.8319553706, 2734677.6049883617, 1470736.4155272252, 372715.9096979394, 97578.95565682971, 1052353.376620497, 2861037.0238310085, 18965.13408391406, 243426.26148605024, 427904.78738506924, 540827.5260250058, 663040.8529580912, 151450.9933420784) 

2 : 

x <- c(1129583.3569200425, 285523.31360958645, 107247.68496779559, 3062.2821424413432, 143372.82341937622, 7499819.756741048, 1.1289975549434913E7, 388.09700291305876, 226498.93410562503, 1420639.099317556, 775320.8319553706, 2734677.6049883617, 1470736.4155272252, 372715.9096979394, 97578.95565682971, 1052353.376620497, 2861037.0238310085, 18965.13408391406, 243426.26148605024, 427904.78738506924, 540827.5260250058, 663040.8529580912, 151450.9933420784) 

3 : 

x <- c(782420.9957411105, 175767.0751645564, 168775.52210558645, 25008.288208344973, 74285.956473247, 7964611.494754568, 1.3006295428487765E7, 216963.56210736782, 821.0944523858268, 597421.4871139238, 283445.36585974036, 1843887.0927317704, 1030728.311325701, 235321.74035010682, 161196.0088763912, 1284882.6412276535, 3460050.1165810796, 165581.40969833874, 46653.243336257416, 164903.07837078976, 276919.0929461828, 420951.73906170833, 74040.0288262695) 

4 : 

x <- c(1129583.3569200425, 285523.31360958645, 107247.68496779559, 3062.2821424413432, 143372.82341937622, 7499819.756741048, 1.1289975549434913E7, 388.09700291305876, 226498.93410562503, 1420639.099317556, 775320.8319553706, 2734677.6049883617, 1470736.4155272252, 372715.9096979394, 97578.95565682971, 1052353.376620497, 2861037.0238310085, 18965.13408391406, 243426.26148605024, 427904.78738506924, 540827.5260250058, 663040.8529580912, 151450.9933420784) 

5 : 

x <- c(1129583.3569200425, 285523.31360958645, 107247.68496779559, 3062.2821424413432, 143372.82341937622, 7499819.756741048, 1.1289975549434913E7, 388.09700291305876, 226498.93410562503, 1420639.099317556, 775320.8319553706, 2734677.6049883617, 1470736.4155272252, 372715.9096979394, 97578.95565682971, 1052353.376620497, 2861037.0238310085, 18965.13408391406, 243426.26148605024, 427904.78738506924, 540827.5260250058, 663040.8529580912, 151450.9933420784) 

6 : 

x <- c(1129583.3569200425, 285523.31360958645, 107247.68496779559, 3062.2821424413432, 143372.82341937622, 7499819.756741048, 1.1289975549434913E7, 388.09700291305876, 226498.93410562503, 1420639.099317556, 775320.8319553706, 2734677.6049883617, 1470736.4155272252, 372715.9096979394, 97578.95565682971, 1052353.376620497, 2861037.0238310085, 18965.13408391406, 243426.26148605024, 427904.78738506924, 540827.5260250058, 663040.8529580912, 151450.9933420784) 

7 : 

x <- c(731656.6900093877, 236.40763930581846, 100368.69929697212, 645580.7175669203, 971625.8946812928, 6577355.1446456695, 1315913.154123757, 2371204.9647257254, 1074208.3758230119, 2502977.841056652, 647125.4728018703, 2662938.1516745165, 77587.92051858343, 2822.490630878456, 142626.70545120002, 33438.68301598071, 105016.85059807508, 2113461.1126825064, 1297408.0323754249, 712301.5373567069, 567612.5676281322, 497221.9184475165, 19401.705009510883) 

8 : 

x <- c(1129583.3569200425, 285523.31360958645, 107247.68496779559, 3062.2821424413432, 143372.82341937622, 7499819.756741048, 1.1289975549434913E7, 388.09700291305876, 226498.93410562503, 1420639.099317556, 775320.8319553706, 2734677.6049883617, 1470736.4155272252, 372715.9096979394, 97578.95565682971, 1052353.376620497, 2861037.0238310085, 18965.13408391406, 243426.26148605024, 427904.78738506924, 540827.5260250058, 663040.8529580912, 151450.9933420784) 

9 : 

x <- c(2510033.2688014787, 2251452.7383952644, 1202380.849512787, 2650945.399981095, 3599638.3230269114, 1548605.21541461, 8113293.740153358, 2819363.25309164, 321258.6152040726, 22280.132067104412, 13027.90998766763, 1676029.2040762987, 2159291.771012748, 2125941.2881051814, 1059643.450194901, 369838.4411725383, 80957.42406950983, 276966.25966710615, 442573.33220773516, 596384.7662626998, 1183155.3938266928, 2189050.076735999, 2009778.9931828042) 

10 : 

x <- c(1186838.081094039, 325658.6068831012, 78945.06635045723, 18.694083887182842, 182284.3543535021, 7240137.653459663, 1.0949980107759751E7, 10.78297040533944, 188783.9497698373, 1322311.5470551439, 724647.6306779701, 2722928.8351472183, 1498246.5182299141, 413885.43495607865, 71505.18518614295, 951833.7057132567, 2702277.673487673, 9944.397346719592, 261331.533295625, 448926.04773863545, 574600.6984618306, 713833.8511605384, 182931.36648289632) 

11 : 

x <- c(1129583.3569200425, 285523.31360958645, 107247.68496779559, 3062.2821424413432, 143372.82341937622, 7499819.756741048, 1.1289975549434913E7, 388.09700291305876, 226498.93410562503, 1420639.099317556, 775320.8319553706, 2734677.6049883617, 1470736.4155272252, 372715.9096979394, 97578.95565682971, 1052353.376620497, 2861037.0238310085, 18965.13408391406, 243426.26148605024, 427904.78738506924, 540827.5260250058, 663040.8529580912, 151450.9933420784) 

12 : 

x <- c(1129583.3569200425, 285523.31360958645, 107247.68496779559, 3062.2821424413432, 143372.82341937622, 7499819.756741048, 1.1289975549434913E7, 388.09700291305876, 226498.93410562503, 1420639.099317556, 775320.8319553706, 2734677.6049883617, 1470736.4155272252, 372715.9096979394, 97578.95565682971, 1052353.376620497, 2861037.0238310085, 18965.13408391406, 243426.26148605024, 427904.78738506924, 540827.5260250058, 663040.8529580912, 151450.9933420784) 

13 : 

x <- c(1129583.3569200425, 285523.31360958645, 107247.68496779559, 3062.2821424413432, 143372.82341937622, 7499819.756741048, 1.1289975549434913E7, 388.09700291305876, 226498.93410562503, 1420639.099317556, 775320.8319553706, 2734677.6049883617, 1470736.4155272252, 372715.9096979394, 97578.95565682971, 1052353.376620497, 2861037.0238310085, 18965.13408391406, 243426.26148605024, 427904.78738506924, 540827.5260250058, 663040.8529580912, 151450.9933420784) 

14 : 

x <- c(1129583.3569200425, 285523.31360958645, 107247.68496779559, 3062.2821424413432, 143372.82341937622, 7499819.756741048, 1.1289975549434913E7, 388.09700291305876, 226498.93410562503, 1420639.099317556, 775320.8319553706, 2734677.6049883617, 1470736.4155272252, 372715.9096979394, 97578.95565682971, 1052353.376620497, 2861037.0238310085, 18965.13408391406, 243426.26148605024, 427904.78738506924, 540827.5260250058, 663040.8529580912, 151450.9933420784) 

15 : 

