med: 31.46740661323046/desvio: 1.1011640326880583


Funcoes: 

1 : Expressao: (X1)
2 : Expressao: (((0.9886860662458804*X1)*0.9135550875449752))
3 : Expressao: ((X1*0.8847851759925848))
4 : Expressao: (X1)
5 : Expressao: (((0.8138140386405139/X0)*(X1*X0)))
6 : Expressao: (X1)
7 : Expressao: ((Tan[(Sin[(0.6178345321919835*X1)])]))
8 : Expressao: ((X1*0.7843227778490263))
9 : Expressao: ((0.8382084871687112*X1))
10 : Expressao: (X1)
11 : Expressao: (X1)
12 : Expressao: ((0.9569142912023489*X1))
13 : Expressao: ((0.715815415604517*(0.9030319681364458*X1)))
14 : Expressao: ((0.7194330229438417*(X1+0.09120498523409337)))
15 : Expressao: (((0.1190925890661001+X1)-(X0*0.11681941035810184)))
16 : Expressao: (((0.29671051502433443+X1)-0.28990604363555506))
17 : Expressao: ((0.8679217754358847*X1))
18 : Expressao: ((X1*0.9239888563374226))
19 : Expressao: (X1)
20 : Expressao: (X1)
21 : Expressao: ((0.8603057084545922*X1))
22 : Expressao: (((X1*X1)/(X1/0.7516620688154979)))
23 : Expressao: ((0.8283596488771114*(X1-0.10384160144221222)))
24 : Expressao: ((0.872481705294455*X1))
25 : Expressao: ((0.9830131774624363*X1))
26 : Expressao: (X1)
27 : Expressao: (X1)
28 : Expressao: (((X1*0.739702504736154)/0.906630245657153))
29 : Expressao: ((X1*0.8658836154958813))
30 : Expressao: ((0.84599949077265*X1))
Erros: 

1 : 

x <- c(852.6400000000002, 210.2500000000001, 102.00999999999996, 29.159999999999986, 8.999999999999957, 750.7600000000003, 1900.96, 1204.0900000000001, 23.04000000000011, 432.6399999999999, 441.0, 412.08999999999986, 285.60999999999996, 204.48999999999992, 44.890000000000036, 556.96, 3528.3599999999988, 3481.0, 234.0899999999995, 2.560000000000073, 2580.639999999998, 210.25, 1436.4100000000005, 309.76000000000005, 90.24999999999987, 1128.9599999999996, 10753.689999999997, 2352.25, 29.159999999999755, 665.6400000000006, 2180.8900000000003, 3410.56, 268.96, 92.1600000000001, 313.28999999999996, 24.010000000000055, 1017.6099999999999, 2190.24, 146.4100000000002, 0.16000000000000456, 1.0, 1436.4100000000005, 5.290000000000052, 954.8100000000004, 12.25, 361.0, 8.409999999999991, 222.00999999999996, 4225.0, 3956.4100000000008, 0.49000000000002386, 201.63999999999967, 605.1599999999997, 2430.490000000001, 428.48999999999984, 783.9999999999998, 20.250000000000032, 249.64000000000001) 

2 : 

x <- c(762.115717542479, 247.50976843648183, 162.19970979456699, 81.2386973747112, 1.290195219877175, 554.8132847960346, 1798.2916627895418, 1423.244484811745, 2.509711490805168, 221.42454862381564, 292.18370638464376, 339.5093334181383, 288.674697084065, 256.83348797976566, 96.23592295288108, 393.6882004146436, 3355.375689560771, 4003.647815729143, 28.255037947083576, 47.66116657742519, 1802.099505952847, 122.49194543654703, 1286.723600581815, 370.13614282435805, 164.9237685389481, 860.7368640419504, 10545.267459879786, 3309.2778521693767, 69.22560510976398, 158.82108523454968, 1295.9545533060018, 2726.8273879614917, 251.8896682486222, 113.59803119428936, 387.59110158096036, 1.4391506625923438, 822.1909381549369, 2177.2657208249952, 271.93731992284756, 26.641804615041053, 20.456241323228593, 1054.555685666475, 16.468045571556605, 836.3270779072479, 20.3387227426381, 414.06471443905644, 37.056629022473494, 130.68879514444902, 3965.7189003807907, 4511.097875203364, 93.16535630488873, 15.331346138855183, 246.17025874221713, 1829.3260961936585, 358.7961825889055, 797.7957787818035, 55.57913737156198, 153.99183495627463) 

3 : 

x <- c(745.44921737708, 254.95111735954262, 175.23944739747213, 94.118587005046, 3.7003658219005398, 520.8441850493876, 1779.0593652233324, 1467.063387833584, 7.841220146988658, 189.1398731233856, 267.299009479465, 326.4812777242995, 289.26028952162346, 267.47897201512916, 108.2090178448698, 365.79256569540667, 3322.9199885928824, 4107.340281473869, 11.65396675230255, 72.64873146597566, 1669.6148811275348, 108.44794393876536, 1259.1461354119992, 382.2451606706104, 181.67998871645, 813.7661792246299, 10505.800095569879, 3510.039054096199, 119.54145580876798, 101.78103063155238, 1153.3631716205393, 2605.2585337257597, 248.70169902926554, 117.93530146124998, 402.6389141885056, 0.24485990902586116, 787.3291343340541, 2174.798857050934, 300.2177383505803, 38.69949566882154, 31.078461282575763, 988.4993107150881, 19.298003441314208, 814.6489959521939, 22.11063480158932, 424.58442807211867, 44.81670808060016, 116.02195477649994, 3917.263961327874, 4620.874327556274, 135.1179725261619, 3.828380285472426, 195.79495977020878, 1724.4883976288218, 346.2223362227677, 800.4371264779007, 64.28852672408738, 138.3804180868634) 

4 : 

x <- c(852.6400000000002, 210.2500000000001, 102.00999999999996, 29.159999999999986, 8.999999999999957, 750.7600000000003, 1900.96, 1204.0900000000001, 23.04000000000011, 432.6399999999999, 441.0, 412.08999999999986, 285.60999999999996, 204.48999999999992, 44.890000000000036, 556.96, 3528.3599999999988, 3481.0, 234.0899999999995, 2.560000000000073, 2580.639999999998, 210.25, 1436.4100000000005, 309.76000000000005, 90.24999999999987, 1128.9599999999996, 10753.689999999997, 2352.25, 29.159999999999755, 665.6400000000006, 2180.8900000000003, 3410.56, 268.96, 92.1600000000001, 313.28999999999996, 24.010000000000055, 1017.6099999999999, 2190.24, 146.4100000000002, 0.16000000000000456, 1.0, 1436.4100000000005, 5.290000000000052, 954.8100000000004, 12.25, 361.0, 8.409999999999991, 222.00999999999996, 4225.0, 3956.4100000000008, 0.49000000000002386, 201.63999999999967, 605.1599999999997, 2430.490000000001, 428.48999999999984, 783.9999999999998, 20.250000000000032, 249.64000000000001) 

5 : 

x <- c(683.0032975866064, 284.62935380108513, 230.148872994416, 152.5505728695596, 24.567295636128808, 400.0806917333287, 1705.9801475518418, 1641.9693066059633, 55.97842818655319, 88.58234267178109, 181.83139783821179, 278.70274067853853, 291.5203664521262, 310.48238163318916, 160.85771539021556, 267.9632985632139, 3199.437818232759, 4518.934330485778, 15.272394202240372, 217.8382902468927, 1206.7669726224144, 62.359426773239086, 1155.7616691486803, 430.6846385705755, 253.75903171898867, 645.2320139437227, 10354.541155188672, 4338.165299467539, 440.7803328523394, 0.16862111389153464, 681.9531555715191, 2163.0979837977507, 236.61753308991118, 135.39247279538753, 463.2486698757276, 4.9226468465746205, 660.1614583634462, 2165.3144595972026, 422.15629954136955, 106.07542879678768, 92.6371263687275, 754.1267165123204, 32.287219036489496, 733.8457744638399, 29.623354924821644, 466.3174637579282, 81.57554765671179, 67.70232802788249, 3733.4926863543596, 5055.835806518829, 369.2353527442806, 31.194096562596492, 55.63180443075933, 1349.7429340459144, 299.9067387377272, 810.6470991874118, 103.73569090953777, 86.06442131858982) 

6 : 

x <- c(852.6400000000002, 210.2500000000001, 102.00999999999996, 29.159999999999986, 8.999999999999957, 750.7600000000003, 1900.96, 1204.0900000000001, 23.04000000000011, 432.6399999999999, 441.0, 412.08999999999986, 285.60999999999996, 204.48999999999992, 44.890000000000036, 556.96, 3528.3599999999988, 3481.0, 234.0899999999995, 2.560000000000073, 2580.639999999998, 210.25, 1436.4100000000005, 309.76000000000005, 90.24999999999987, 1128.9599999999996, 10753.689999999997, 2352.25, 29.159999999999755, 665.6400000000006, 2180.8900000000003, 3410.56, 268.96, 92.1600000000001, 313.28999999999996, 24.010000000000055, 1017.6099999999999, 2190.24, 146.4100000000002, 0.16000000000000456, 1.0, 1436.4100000000005, 5.290000000000052, 954.8100000000004, 12.25, 361.0, 8.409999999999991, 222.00999999999996, 4225.0, 3956.4100000000008, 0.49000000000002386, 201.63999999999967, 605.1599999999997, 2430.490000000001, 428.48999999999984, 783.9999999999998, 20.250000000000032, 249.64000000000001) 

7 : 

