med: 48.57170893849483/desvio: 0.4021471279426816


Funcoes: 

1 : Expressao: (((X1/0.807948596927874)-(0.2932508234724118*X0)))
2 : Expressao: (((X1/0.8490809584171992)-(0.253336664097385*X0)))
3 : Expressao: (((X1/0.7770009970455524)-(X0*0.3693389069946663)))
4 : Expressao: (((X1/0.8204649564322708)-(0.3060186981695805*X0)))
5 : Expressao: (((X1/0.7383724536462078)-(X0*0.38527141438140666)))
6 : Expressao: (((X1/0.7274590256949659)-(0.3859113302349808*X0)))
7 : Expressao: (((X1/0.8466461622105385)-(0.23425823750647556*X0)))
8 : Expressao: (((X1/0.7838155818446763)-(X0*0.3002742328757473)))
9 : Expressao: (((X1/0.7258681289166938)-(0.42403532476235783*X0)))
10 : Expressao: (((X1/0.7902218729383715)-(0.33525233621715655*X0)))
11 : Expressao: (((X1/0.8277403754514306)-(0.26985334258837124*X0)))
12 : Expressao: (((X1/0.7987810050495265)-(X0*0.3001136778671496)))
13 : Expressao: (((X1/0.7958368983135571)-(0.28896883820187647*X0)))
14 : Expressao: (((X1/0.7739949098896665)-(X0*0.3209437600299032)))
15 : Expressao: (((X1/0.7843789994071202)-(X0*0.323678090662311)))
16 : Expressao: (((X1/0.7306563344572772)-(X0*0.4317781122029063)))
17 : Expressao: (((X1/0.7972032145480777)-(X0*0.2935283843207729)))
18 : Expressao: (((X1/0.7799505403971834)-(X0*0.28334891646225435)))
19 : Expressao: (((X1/0.7666528501516644)-(0.3511718398404199*X0)))
20 : Expressao: (((X1/0.7819924355041372)-(0.30418786646680507*X0)))
21 : Expressao: (((X1/0.7442745938820636)-(0.3925309934662946*X0)))
22 : Expressao: (((X1/0.9089896161016555)-(0.12642544453564497*X0)))
23 : Expressao: (((X1/0.8533983354460309)-(0.2190677896921156*X0)))
24 : Expressao: (((X1/0.7790220446212556)-(0.31704258691533715*X0)))
25 : Expressao: (((X1/0.7499737537858772)-(X0*0.35417864311310465)))
26 : Expressao: (((X1/0.7677798227739181)-(X0*0.35928194568072946)))
27 : Expressao: (((X1/0.8149143860337739)-(0.2673196378516465*X0)))
28 : Expressao: (((X1/0.8135161954213855)-(0.28013803054980224*X0)))
29 : Expressao: (((X1/0.7242222210556424)-(X0*0.4244354859751641)))
30 : Expressao: (((X1/0.820854849450106)-(X0*0.288029944533325)))
Erros: 

1 : 

x <- c(86.15668138498671, 8579.154723664427, 72.42456487851898, 987.9695491936232, 1850.6474942795019, 332.40198571969677, 412.8004233642534, 5286.151297525806, 474.6102566637458, 1112.8579860151706, 2779.6259315638763, 5097.909667923228, 12.840040274855129, 7013.118626736598, 313.26045885374606, 463.96748239855236, 3688.699175712026, 39.90660413755105, 480.726550536041, 1745.0501771805764, 1721.7193608862192, 76.05800789487, 4959.3892523176455, 6834.896477834978, 507.6857553425893, 5657.419790188341, 31.50564974358773, 2225.9101719798377, 4749.2133368219) 

2 : 

x <- c(247.767344343266, 7666.917434309479, 101.24542902249144, 1001.7606109941784, 1735.4476026582392, 418.04379851887916, 316.90773451235043, 5361.788244271123, 279.27232715078424, 1244.6461861428024, 3190.026652552397, 5978.028764088311, 143.5845253163776, 6040.230747176075, 319.29382056856235, 450.94436385920864, 3669.473091969141, 110.94481107286644, 349.9300409638912, 1845.1291668835472, 2060.3775241197504, 196.5480741776495, 5580.764764702237, 8152.888690195128, 149.0882450329335, 4806.090954239496, 24.606075742253037, 2064.200785258071, 4662.093390359445) 

3 : 

x <- c(113.7639840719404, 7685.852866405154, 6.193686659329976, 670.7858697287818, 2260.3555967170537, 313.1696715071486, 397.29421392613807, 5734.812942157673, 542.3090192119665, 1385.3400974603564, 2985.395932011312, 5267.701012759736, 24.72655584439761, 5946.6705799674255, 30.249622380645757, 192.77992764705263, 4401.988587211262, 40.78417005224721, 367.72565364662165, 2182.560619441848, 1855.8072988223462, 107.46611816936112, 5583.351090075094, 7174.695730067219, 399.8816682395667, 4260.507403598316, 63.106808060579645, 1502.5120759603656, 5968.457835891919) 

4 : 

x <- c(232.12375499957358, 7342.920087906332, 10.927304577354082, 804.6632257201671, 1987.8049268986977, 387.37010698022885, 327.19963170262747, 5608.29485150144, 346.8659427080594, 1380.0534239944502, 3230.4646821596234, 5898.689832014856, 122.88825057938864, 5634.621168714887, 114.29924553942357, 282.7407273887111, 4082.571838586017, 94.37845986267727, 315.1403024186711, 2080.215678384769, 2072.6079846599437, 193.31960120169805, 5829.275951477536, 8087.435763531528, 164.5597915173765, 4186.519841050154, 8.093153478858158, 1669.5717923262612, 5371.867556450974) 

5 : 

x <- c(1.1147351081689856, 9888.558546542268, 5.10803869068479, 854.2559794081578, 2189.987370028679, 205.9824961183877, 595.1244458191023, 5306.249907667601, 946.6696819719892, 988.0129508151347, 2216.153356018524, 3831.286828697968, 99.95161635752343, 8393.231919301672, 178.5140085324571, 380.42499749077086, 3952.0291364119976, 0.5016029869756331, 696.6183786247082, 1717.4649831003924, 1260.5347970241203, 0.167893930981913, 4185.251207045878, 4985.589940355429, 1516.7835094278155, 6684.372379966532, 4.831244047459268, 2237.393635575715, 5292.356092028675) 

6 : 

x <- c(27.43462976093136, 10789.359852976715, 21.433658569167658, 945.411225604669, 2138.5256268477874, 174.7432283608249, 674.8693250300139, 5132.4866262213845, 1107.7243075475255, 850.440401785577, 1963.5222502323418, 3374.6609273369513, 234.51911917553002, 9429.55242600104, 285.42961837495096, 482.32370839264166, 3756.0044667781394, 10.173663200201958, 846.298224087621, 1542.963596354283, 1073.0040394555194, 10.067630207421912, 3710.539321426117, 4297.642266039424, 2090.825523901323, 7771.637958262694, 43.771244820473385, 2583.3681243816463, 4989.348672493454) 

7 : 

x <- c(145.81838740845518, 8527.016112777894, 218.09384826730286, 1174.9257069646585, 1604.5317939549238, 387.59441300002953, 366.8612429659616, 5111.488506675814, 335.4156162271327, 1055.5664015505586, 2894.4137266618663, 5476.46521187254, 55.035895107862906, 7017.445812071921, 566.6676950984836, 632.5345568116577, 3350.348208946058, 73.13568201024188, 464.33902185969714, 1597.7589328600416, 1832.6614756563959, 115.80612980087908, 4985.45167618763, 7357.062545066681, 332.21639975479815, 5921.0319931974045, 142.69591077439, 2539.120980172999, 4155.152226332554) 

8 : 

x <- c(5.471976450511128, 9941.438325043353, 135.63120662217813, 1126.4289725060705, 1801.157836811003, 265.0297439970775, 527.0008315942358, 5028.851311386403, 683.425169140899, 890.022939840558, 2324.306546962761, 4234.82174080208, 27.792037730593005, 8553.454344918624, 515.4752872682305, 629.2587240406231, 3423.546132117498, 4.574864203056273, 689.537101903564, 1483.429902371825, 1367.9273316159563, 7.891307798466993, 4145.653774242687, 5522.5287738182415, 1140.0415707981672, 7263.757169914193, 144.06374695431253, 2752.727967243025, 4356.422003020231) 

9 : 

x <- c(6.359520561069873E-4, 9315.34860787917, 12.70332469390398, 690.0426870227731, 2416.225965420312, 201.0880392026815, 578.7243847891218, 5549.358143134793, 980.2476562602575, 1129.3606066452166, 2333.059116163498, 3948.8959718878214, 77.65372711230339, 7698.258170646466, 46.5110609839613, 236.49190761519685, 4338.917534571669, 0.2029860906134342, 612.5104915325717, 1949.9866338297686, 1336.5776445430472, 2.466388952830046, 4519.29339264999, 5198.042870137463, 1372.3173633746853, 5792.9083015495635, 26.16349709357254, 1822.4687135077247, 5958.893254686225) 

10 : 

x <- c(98.59809239780655, 8102.296102517346, 6.285136940084092, 807.7800466062727, 2070.256799237909, 320.59228695456443, 405.9759741613734, 5526.49076357912, 514.5676258259366, 1255.0539200365147, 2884.012187259646, 5176.0473856863055, 17.65977261019766, 6438.234592584675, 122.45561605614901, 302.204074451682, 4068.894056353646, 39.51921479453804, 419.56668697490477, 1975.0782769156742, 1788.6306454194134, 90.81405977779718, 5283.850361793392, 6997.896202001852, 454.5993440459931, 4886.97524813493, 3.044541011239009, 1817.564244420807, 5396.139899584256) 

11 : 

