med: 656.7609749854884/desvio: 42.43460385005817


Funcoes: 

1 : Expressao: (((0.6703344640631398*X1)/(Power[Abs[X0],0.3271037128110149])))
2 : Expressao: (((0.6333742549576882*X1)/(Power[Abs[X0],0.35032246165812586])))
3 : Expressao: (((X1*0.6911912842344096)/(Power[Abs[X0],0.3187994170472246])))
4 : Expressao: (((X1*0.6514590807447762)/(Power[Abs[X0],0.32632885557352687])))
5 : Expressao: (((0.6885304839501919*X1)/(Power[Abs[X0],0.3497953155897825])))
6 : Expressao: (((X1*0.6617336872414591)/(Power[Abs[X0],0.32691502647251625])))
7 : Expressao: (((X1*0.6390366263157171)/(Power[Abs[X0],0.3338098704425496])))
8 : Expressao: (((0.6768048963280273*X1)/(Power[Abs[X0],0.3431124479158413])))
9 : Expressao: (((X1*0.6491629926255456)/(Power[Abs[X0],0.31761710976435265])))
10 : Expressao: (((X1*0.6706598367403288)/(Power[Abs[X0],0.3417915900054541])))
11 : Expressao: (((X1*0.7000223555584325)/(Power[Abs[X0],0.26773181715564376])))
12 : Expressao: (((X1*0.6468975322606575)/(Power[Abs[X0],0.3623625480436111])))
13 : Expressao: (((0.6372572374224814*X1)/(Power[Abs[X0],0.3568725863190494])))
14 : Expressao: (((X1*0.6530828878376779)/(Power[Abs[X0],0.3671019055734728])))
15 : Expressao: (((0.6369094324192115*X1)/(Power[Abs[X0],0.33931719425526097])))
16 : Expressao: (((X1*0.7335989453960668)/(Power[Abs[X0],0.29697138664324585])))
17 : Expressao: (((X1*0.6444621413520517)/(Power[Abs[X0],0.3300453249927986])))
18 : Expressao: (((0.6524359175097394*X1)/(Power[Abs[X0],0.3354745490677675])))
19 : Expressao: (((0.6815399548732944*X1)/(Power[Abs[X0],0.350493806774142])))
20 : Expressao: (((X1*0.6451964510936599)/(Power[Abs[X0],0.33914865036348973])))
21 : Expressao: (((0.711995779224032*X1)/(Power[Abs[X0],0.3121473107779289])))
22 : Expressao: (((X1*0.6184569650184881)/(Power[Abs[X0],0.3147597797725318])))
23 : Expressao: (((X1*0.6826469619037355)/(Power[Abs[X0],0.30947422884651676])))
24 : Expressao: (((0.6530511124732806*X1)/(Power[Abs[X0],0.3626221664038889])))
25 : Expressao: (((X1*0.6843844530273454)/(Power[Abs[X0],0.3375186354196651])))
26 : Expressao: (((0.651039349674758*X1)/(Power[Abs[X0],0.3526518591620691])))
27 : Expressao: (((X1*0.6749322729553167)/(Power[Abs[X0],0.3313607589333132])))
28 : Expressao: (((0.5970437200341491*X1)/(Power[Abs[X0],0.411067058756426])))
29 : Expressao: (((0.6394301773914037*X1)/(Power[Abs[X0],0.33263856198930275])))
30 : Expressao: (((X1*0.6198036118903117)/(Power[Abs[X0],0.36026913687397544])))
Erros: 

1 : 

x <- c(203886.03313549972, 330960.09533146507, 748537.2782329358, 918703.9043763739, 1264791.1295247227, 76683.4967623669, 15429.548191530796, 582473.1699716904, 158617.3963851221, 1167723.6373331046, 64619.13690164918, 65384.691957725205, 5168.5219868425675, 180614.07626115833, 368422.58957038925) 

2 : 

x <- c(189598.02191091547, 328572.67904570035, 758629.41076276, 918163.4674932978, 1666936.919762145, 42801.65473694831, 26122.312123978685, 545807.1118750925, 168012.47710253912, 1209699.52175748, 37681.269816482105, 46934.94238729496, 7033.41725188245, 173580.7884874746, 363194.42109167896) 

3 : 

x <- c(213055.9379092727, 332479.5390148865, 760400.0900785769, 919039.7653789936, 1205752.947541876, 100153.89252458408, 10910.549215408462, 603588.6556081551, 153152.2058027886, 1138693.9420432106, 84153.01281891654, 76463.15288567198, 4251.150332142903, 185662.04329915482, 372320.7111933535) 

4 : 

x <- c(193946.6652669723, 329227.59674307273, 704406.1158485904, 918333.4442417497, 1058409.1208545791, 58103.88435240776, 19318.82852608925, 563906.4647857618, 164285.19529405906, 1206583.9151355925, 47261.71622918659, 57445.71220860901, 6053.347743718049, 174018.8613845246, 362981.46241874306) 

5 : 

x <- c(218829.1855165997, 333607.74840783176, 892594.0485148738, 919239.6312953433, 2433441.0757362046, 97154.40744405494, 13956.948035127021, 600057.2818360793, 151601.30526506391, 1098920.474009019, 90748.47000030744, 69564.56919214533, 4432.775738696516, 192961.06287084005, 379021.7926467379) 

6 : 

x <- c(199360.1748897017, 330176.770969562, 728888.2307378028, 918536.3212805385, 1173329.48156942, 67899.06950849762, 17162.57576106306, 573971.6800138155, 161175.94623081217, 1185126.1173741124, 56411.997810413624, 61677.779123876615, 5563.435919278972, 177632.59230629393, 365974.11977305054) 

7 : 

x <- c(189150.71326845186, 328414.7236914464, 706080.5406239348, 918149.7269773509, 1159650.1608188823, 47309.46293872825, 22951.70344217174, 551656.8445886456, 167487.0339833926, 1221275.1504725895, 38837.94039156296, 51353.58914575276, 6695.109897465405, 171610.50736614031, 361163.31637841294) 

8 : 

x <- c(210893.08208540306, 332237.51591613755, 832031.5830551655, 918956.3690565263, 1945723.9567717675, 83725.83460727794, 15604.453874467465, 588489.1430503572, 155525.34586002774, 1131853.2626979344, 75598.20782048414, 65522.40025223575, 4919.239120688388, 186968.0783477054, 374003.7650009075) 

9 : 

x <- c(190989.3516075872, 328664.17575996305, 667278.0095519314, 918223.1351774976, 810486.7893669371, 55984.57079555688, 18971.486657431484, 561882.6527283326, 165610.85784322783, 1223464.1052535109, 43546.38557412707, 57835.48866259083, 6143.416741176603, 171197.17915207404, 360437.4828298703) 

10 : 

x <- c(207301.1999469043, 331619.0834898876, 811300.5822634945, 918826.0349359772, 1807966.616723823, 77098.10601954901, 16715.32506331569, 582412.1229761302, 157432.53256480797, 1146005.1176475734, 68822.960343777, 63079.14812111951, 5189.874696838883, 184454.13264549183, 371926.1761158149) 

11 : 

x <- c(206141.76295352716, 331051.1765745704, 591451.7263819135, 918799.4084175366, 233131.09868042715, 110742.45433529805, 6001.788892893741, 613980.620414963, 154437.35542722393, 1194820.0758680345, 78544.55351439223, 91272.44709880688, 3784.160255759224, 175790.02778065295, 363030.5439525213) 

12 : 

x <- c(199150.82820974165, 330314.01329973206, 844376.5579619007, 918521.1270895257, 2405143.743254353, 54143.07833486783, 24075.58255359363, 558569.9075040646, 163017.57383936297, 1164669.2913203125, 51275.37252896764, 50346.43493557777, 6372.369194038036, 181267.32589089716, 369839.76983333105) 

13 : 

x <- c(192940.74657463428, 329197.05002546345, 795603.1754090558, 918289.160005156, 1993846.6184978117, 45932.805393788214, 25858.641990713848, 549383.3165415667, 166349.34530404047, 1192396.7361018332, 41977.72952646077, 47491.08528232056, 6848.411820279126, 176503.82424219284, 365776.40272980917) 

14 : 

x <- c(203473.31723478963, 331087.7108395208, 882840.1919811309, 918680.246051925, 2765844.340514495, 59771.706360962155, 23100.687842310403, 564471.6902543507, 160801.16740513456, 1145152.5883279683, 58047.758035241015, 52036.67810914959, 6079.323047968541, 184696.45218410765, 372770.4732270535) 

15 : 

x <- c(189181.12278761133, 328446.2280602724, 722663.3839666978, 918149.7742593089, 1312301.7137976529, 45587.180125117135, 24050.54883732536, 549471.5287847484, 167733.29005561056, 1217898.3022429657, 38272.90185769392, 49759.637111259755, 6819.46276097599, 172185.36996188047, 361771.87454361486) 

16 : 

x <- c(230745.85288662373, 335291.002172833, 760207.2864923958, 919669.6995913585, 938179.2044476151, 157475.48098207123, 3797.0911827302543, 647875.0674548153, 142816.9093381993, 1089878.8391283536, 129291.49949329958, 103187.49215000604, 2649.679034389676, 194426.42479812802, 378787.22287523485) 

17 : 

x <- c(191142.83526750287, 328750.53259864135, 703516.2168720004, 918226.4421030862, 1100279.2716860792, 51885.83559310345, 21279.90135094841, 557001.6687304801, 166118.69619350618, 1215507.8326677848, 42321.61848281153, 54039.72246974826, 6409.63315658401, 172549.5042871613, 361853.57924126874) 

18 : 

x <- c(196357.78976367, 329694.85656656907, 742365.7060101272, 918422.3080756358, 1353289.9268245131, 59040.18179124969, 20008.16128980697, 564631.8886293824, 163321.9321973963, 1191672.4376810745, 50097.65588138555, 56448.884476480525, 6029.2809008496115, 176552.73591505832, 365294.4423098527) 

19 : 

