med: 7.133593595748372/desvio: 0.1414935021657728


Funcoes: 

1 : Expressao: (((X0-0.003586489396544268)/(X0/X1)))
2 : Expressao: (((X1/0.906807958426043)-(X0*0.1145413623076027)))
3 : Expressao: (((X1/0.9085845501405492)-(0.10195143669557771*X0)))
4 : Expressao: (((X1/0.7969704411871499)-(X0*0.2555288427006831)))
5 : Expressao: (((X1+X1)-(X1+0.0033093722773805956)))
6 : Expressao: (((X1/0.8913752294083689)-(0.11215327971039746*X0)))
7 : Expressao: (((X0*X1)/(X0+0.002741895993065957)))
8 : Expressao: (((X0-0.003252123359544723)/(X0/X1)))
9 : Expressao: (((X0*X1)/(X0+0.0014492042951343986)))
10 : Expressao: (((X0*X1)/(X0+0.002066215527677717)))
11 : Expressao: (((X1+0.17280561862302501)-0.1762979481103287))
12 : Expressao: (((X1/0.8847384866138869)-(X0*0.141962799858817)))
13 : Expressao: (((X1/0.9163950403024881)-(X0*0.09165647012104294)))
14 : Expressao: (((X1-0.005722238970705895)/(Power[Abs[X0],0.005563469838775537])))
15 : Expressao: (((X1/0.8889891672093627)-(X0*0.12561790916578008)))
16 : Expressao: (((X0*X1)/(X0+0.0013699459245783974)))
17 : Expressao: (((X1/0.9603737400869629)-(0.04556467177552481*X0)))
18 : Expressao: (((X1-0.005813422965460058)/(Power[Abs[0.9958260579418683],X1])))
19 : Expressao: (((X1/0.9325834630733655)-(X0*0.08630192841224027)))
20 : Expressao: (((X1/0.9179579188854501)-(0.09602966541400537*X0)))
21 : Expressao: (((X1/0.8765133742840433)-(X0*0.14652936817995688)))
22 : Expressao: (((X1/0.8737119207743632)-(X0*0.1534571097743631)))
23 : Expressao: (((X0*X1)/(0.0025334873367028887+X0)))
24 : Expressao: (((X1/0.8886978747553834)-(0.13277123855590867*X0)))
25 : Expressao: (((X1/0.9689173924157499)-(0.03666755158087631*X0)))
26 : Expressao: (((X1*X0)/(0.0029983360413372573+X0)))
27 : Expressao: (((X1/0.8975174478068847)-(0.11152130969979379*X0)))
28 : Expressao: (((X1/0.8868744319664423)-(X0*0.13627113316249984)))
29 : Expressao: (((X1/0.9492916043763515)-(0.05699735765192948*X0)))
30 : Expressao: (((X0*X1)/(0.002014537635062097+X0)))
Erros: 

1 : 

x <- c(1.6602392412024374, 94.10524101705484, 69.40040139329605, 2.9545331571102706, 53.40207878039232, 127.30014713582102, 0.07269832776465703, 114.44610411969926, 87.20526574220001, 0.07591223623813188, 22.070720991793102, 44.64632731495759, 86.92809571354175, 22.31356490057711, 0.46552401904086305, 10.923211375989576, 53.19088567722969, 1.6404355768985, 0.4917026377309, 10.925362679019852, 28.007929564444428, 0.5109802879207678, 265.8734815721936, 5.042299689974077, 2.9126358599003086, 0.4747138187959537, 215.9018980296353, 2.6688251146960202, 7.240837798847118, 69.09617902844819, 76.11966539711209, 13.432115630587338, 28.251992461556135, 32.647144371555854, 5.3920732304622945, 2.9043342775644447, 1.7120312941792801, 0.0893533627440266, 28.1117491119495, 53.08917725039551, 7.405581097076964, 32.34301991757926, 7.166272782960465, 32.355039392999934, 160.7561622791641, 28.523607093013673, 187.99542050647503, 21.709254987045405, 10.984473756839309, 161.41707806841694, 106.77806789306197, 0.518057722851794, 86.57190720023306, 5.203209008231817, 0.08823086514124256, 39.71585192396514, 45.067676681413346, 7.177839773300514, 0.47660208714690355, 151.40115728739974, 94.62046502605966, 18.741529264862404, 32.58006789454372, 44.65608157395193, 21.910112850598697, 160.9440593562322, 106.73032910058406, 0.5159448706920196, 59.22483320543449, 205.04456400162303, 52.901999327537126, 32.64739837671927, 39.89667506853699, 27.96686136680744) 

2 : 

x <- c(0.6823783141700817, 128.96156239707997, 60.62351150907703, 17.48459147129586, 35.28848869801032, 80.85504780615953, 5.460304951609154, 145.8484836869626, 81.96926668959365, 4.541974619422339, 37.213887406210794, 57.55455752413439, 73.27713453585788, 51.358822651916846, 2.630196707401141, 3.6415111583798776, 30.08988804781071, 0.7926984246266732, 4.801865455735923, 4.1046548012770705, 12.982657002255849, 6.589884863715071, 228.2637212847905, 0.4230871893642307, 9.140514492680019, 2.5239899501545167, 246.96186634895324, 1.6590004059469914, 14.444588344800778, 52.97833193067369, 118.53019008943585, 16.36932538608228, 18.78618026453269, 58.33460381606322, 2.407504235131414, 11.163439646734519, 0.008732525048171973, 1.533644637955708, 15.024440317070843, 28.75416122500961, 22.89036654618496, 44.546150765353346, 11.568830942831742, 45.97163574013862, 182.4457149834197, 26.435086929662358, 251.5833134495999, 23.521536660853865, 4.245111621776252, 219.65160476844022, 97.19943515289516, 13.379161170012507, 57.61461815824301, 0.20163324496663385, 2.636409142301451, 21.209528902863298, 81.202365575133, 12.99315609479753, 4.401954933179808, 113.65823453136362, 160.9526526193761, 13.804776324088781, 61.48148458259366, 60.314353018337, 32.879839559000146, 196.6175327632911, 94.89208819955543, 14.254203503888744, 90.76927373080989, 173.72089433257838, 14.63231412466052, 68.73380638700034, 26.29453875169239, 7.974727238798616) 

3 : 

x <- c(0.12092646784579202, 104.9213233843174, 78.58770681994513, 8.75833175135309, 49.80674917527357, 103.00617055076457, 1.5472567968936284, 123.70827050962608, 99.68667426332449, 1.0871434278714704, 26.266637435100076, 43.851328923584276, 91.63276530118846, 36.56230160782862, 0.3919370962118502, 8.79008087527808, 43.04693766104937, 0.026432116852733282, 1.499090242423591, 8.869622016066888, 20.925140120490692, 2.63351342723567, 255.6020706209513, 0.0760655635787691, 5.2633684283816455, 0.7904530718443978, 224.7709817755614, 0.3423654325477289, 8.48653319756411, 66.99047205991138, 98.52523493299051, 10.271121473501907, 27.878718614720132, 43.96804910435799, 6.163276167636839, 5.430484736997875, 1.1551711741102384, 0.052774499911764555, 23.738570847371733, 40.566189501434906, 14.633492521099662, 33.75465514704116, 6.3104040053439485, 33.894767215082325, 156.85301469011833, 38.09560208276476, 214.806261193951, 13.972125818590508, 11.141004825309288, 181.54279902137642, 124.10053270903965, 4.802484536427276, 79.72115209051792, 0.8486121520574995, 0.13137846170604825, 34.12243534094556, 60.2523234091514, 5.984076144821114, 0.7362636848633123, 142.48482207957758, 129.33619520541177, 23.5898697415253, 43.099568242194835, 42.94891510853672, 19.900160106079806, 160.5682916181399, 123.80251499787693, 4.8613246334956655, 65.36259687655958, 213.69291354671796, 29.095722289934148, 47.37467114788159, 41.401660508301916, 17.800175128922636) 

4 : 

x <- c(0.12987938027203189, 106.86380878333203, 109.52774427608514, 17.038332528732877, 55.145217450437535, 83.38727181364544, 8.305367409501075, 122.56894888254207, 137.62063850076723, 5.628282116428428, 25.731681549041905, 33.62703350242503, 114.63418412122887, 54.386665629020854, 0.03951604124776264, 10.086301985896997, 37.897690393121, 0.7405725099738947, 1.7599073798175677, 10.135726108694534, 17.337910243945302, 5.49100914946395, 262.0871418566669, 4.590092300350976, 6.571490958879118, 0.2947739631515186, 219.0174130084419, 3.1205556411820163, 6.537839013386148, 75.62524279795124, 123.39482749434164, 3.13759785702267, 35.377758923988566, 53.992416468241395, 11.959154691221524, 6.679512777397874, 2.0623421564814253, 0.10871769123201751, 24.263556708852676, 31.94563284566589, 23.55714914987685, 28.0965069100703, 2.3675677529058468, 28.17070573977656, 133.30283602573115, 67.78087371922952, 236.01314451567362, 2.305998881819788, 17.454038145851612, 192.2131641341922, 174.61672399274548, 13.359972479799943, 83.8123861736202, 0.15475055265704224, 0.3637624717503054, 34.90364210733981, 74.31439329665815, 1.700793716221623, 0.10797249260191269, 147.8552270026324, 173.0007653350363, 41.743065749038344, 50.600570047226, 30.944547086863732, 10.973938962785493, 139.89299961075875, 174.41139176117545, 13.416845485069969, 61.66742795474524, 253.7529037570076, 11.014892792300529, 62.20459167549797, 55.20821710730734, 11.34706229938253) 

5 : 

