med: 7.4280444999461235/desvio: 0.08602780034052399


Funcoes: 

1 : Expressao: (((0.7467133684666752*X1)/(Power[Abs[X1],0.3161014081452419])))
2 : Expressao: (((X1*0.7005627252582385)/(Power[Abs[X1],0.30063351268991856])))
3 : Expressao: (((X1*0.713122116447657)/(Power[Abs[X1],0.3186424542917019])))
4 : Expressao: (((0.7449079394366039*X1)*(Power[Abs[0.9053928310861956],X1])))
5 : Expressao: (((Power[Abs[0.913203147422767],X1])*(0.7232456202873371*X1)))
6 : Expressao: (((0.7618911413085212*X1)/(Power[Abs[X1],0.2987826961682428])))
7 : Expressao: (((Power[Abs[0.8887194804708757],X1])*(0.7661644236369121*X1)))
8 : Expressao: (((Power[Abs[0.8909984290670153],X1])*(0.71708573676111*X1)))
9 : Expressao: (((Power[Abs[0.9125199167148842],X1])*(X1*0.7226944726481046)))
10 : Expressao: (((0.7437042079332946*X1)*(Power[Abs[0.8995697338014943],X1])))
11 : Expressao: (((X1*0.7615087754393737)*(Power[Abs[0.8946780461020097],X1])))
12 : Expressao: (((0.7152757914911781*X1)/(Power[Abs[X1],0.3221402072012671])))
13 : Expressao: (((0.7398652849901919*X1)/(Power[Abs[X1],0.3374628972486281])))
14 : Expressao: (((X1*0.7439567453610512)/(Power[Abs[X1],0.31315205078279307])))
15 : Expressao: (((X1*0.7220076496330631)*(Power[Abs[0.9106428077707412],X1])))
16 : Expressao: (((X1*0.7432776706400303)/(Power[Abs[X1],0.33439398110464635])))
17 : Expressao: (((0.7132417814954366*X1)/(Power[Abs[X1],0.30041378465819646])))
18 : Expressao: (((X1*0.7342436529856318)/(Power[Abs[X1],0.3014066715191671])))
19 : Expressao: (((0.707292770107255*X1)/(Power[Abs[X1],0.3295857228358591])))
20 : Expressao: (((X1*0.7246684914944347)/(Power[Abs[X1],0.3177379254960474])))
21 : Expressao: (((0.742012607511107*X1)*(Power[Abs[0.9099330680013302],X1])))
22 : Expressao: (((0.7611402715402924*X1)*(Power[Abs[0.9049024922776692],X1])))
23 : Expressao: (((X1*0.7217122984262796)/(Power[Abs[X1],0.32307806266006656])))
24 : Expressao: (((Power[Abs[0.899636529843604],X1])*(0.7819612889627904*X1)))
25 : Expressao: (((X1*0.754896517162152)/(Power[Abs[X1],0.34072081099356966])))
26 : Expressao: (((Power[Abs[0.9029206806503031],X1])*(X1*0.7263050117053337)))
27 : Expressao: (((Power[Abs[0.9098399347963809],X1])*(X1*0.7118081159699295)))
28 : Expressao: (((X1*0.7386738467997324)/(Power[Abs[X1],0.3296127387322889])))
29 : Expressao: (((0.7729237871036477*X1)*(Power[Abs[0.890212994601295],X1])))
30 : Expressao: (((Power[Abs[0.8858440729210721],X1])*(0.7597899185164013*X1)))
Erros: 

1 : 

x <- c(24.287005414901472, 0.8111745418165385, 0.1183599279314781, 6.836130955373712, 3.3913272693910246, 9.43305475119841, 15.148109220133566, 86.6404601078514, 34.25418169158901, 32.56519937154171, 34.41318105781224, 29.092364842404443, 22.825160190220128, 21.123050635594826, 0.8140358864431732, 6.293519468630983, 15.116965223282527, 22.962562033684698, 4.704283267183595, 24.819079412824554, 0.6603922898634872, 40.509357401278216, 604.821390487651, 92.48502854848626, 70.65636149286617, 0.006978257644409518, 13.241308904518815, 11.563668870594363, 0.0014218299596134361, 12.156161180992362, 0.08582865636074967, 57.04965442278646, 32.69683985566938, 23.3896782730602, 166.12636568829058, 1208.8889876070598, 166.453467191502, 90.40594393572552, 88.65126944821573, 44.985300356572665, 0.23723761234658464, 0.21363382355691155, 0.8710322086816702, 9.283236759707192, 12.080508749728478, 1.1391233322936642, 1361.309995050935, 12.137842114552404, 57.78352871478318, 40.52631778819823, 35.35190464081213, 699.7725191712639, 291.72245231143285, 5.040449733536595, 0.7397585161182505, 34.75141972843059, 74.83272263709782, 14.394511751081733, 12.043155067458999, 76.17737834484227, 5.892322217780968, 1.1876864233012019, 2.397573533497782, 5.537388103463346, 49.981541022164556, 30.357032971703017, 15.006642807086482, 3.9534957310744385, 15.767779414074777, 38.39947342659551, 0.42931331930858635, 11.70471291219024, 34.35770498380947, 84.81372703000372, 125.84700250501363, 93.97868668157916, 3.253350422221208, 33.00371957357771, 4.372606557161875, 133.2475489258795, 32.912626007354596, 36.80226380523742, 5.829419393692819, 190.60513267789753, 3.1892172253612445, 0.9645031532840156, 22.767971536492208, 5.3288762059723185, 0.09205168271385687, 1.2605105112595718, 46.70106878443419, 0.5010419735145215, 8.333417848951289, 28.043621994737293, 25.87530052002192, 55.035541071144365, 1.0786090654540987, 2.6019604996228556, 37.52560985552872, 14.32318296200936, 9.63153873988908, 2.140364771129572, 40.97426065221479, 70.03603340191488, 43.92924274775228, 29.556061415036318, 14.971374342679493, 168.84431245010626, 0.6359137034644055, 26.478928486196796, 11.801744978523304, 2.4289203929974184, 0.0112366714928861, 1.1030845531522941, 6.714377126610218, 1.7511559031421589, 3.40521697419041, 18.308538034989837, 5.026519369410858, 43.09161807396499, 74.28457686265699, 1.2549084438429374, 63.0972131144129, 60.66260111062496, 1.8209736435118495, 30.13008241980076, 45.308830524994534, 66.57662699906896, 56.29768896626526, 33.1309476417346, 8.566442655096843, 97.67955078140376, 7.132986220287672, 0.6256726511866106, 7.630779256743216, 0.3653122689257761, 0.4368081289605558, 0.8905234554125343, 3.1492166949351703, 0.5691060701140019, 0.48922152457293305, 0.3897648939895024, 120.56244826988998, 116.57512081779149, 0.28854061761858785, 0.4485924110577336, 11.163276432789395, 47.4609866593687, 0.29189501838337073) 

2 : 

