med: 21.106806852166308/desvio: 0.7396710640329869


Funcoes: 

1 : Expressao: (((X1/0.6292963215224626)-(X0*0.5974561735375351)))
2 : Expressao: (((X1/0.7496829482004184)-(0.3175221887013321*X0)))
3 : Expressao: (((X1/0.7597750565720092)-(0.30670422676737175*X0)))
4 : Expressao: (((X1/0.6216161757021035)-(X0*0.6024676189788071)))
5 : Expressao: (((X1/0.823119113979866)-(0.22735340845257657*X0)))
6 : Expressao: (((X1/0.6689735667588129)-(0.4894119810489407*X0)))
7 : Expressao: (((X1/0.7722253837337537)-(0.29911884165685587*X0)))
8 : Expressao: (((X1/0.6893234725472206)-(0.45266431527044726*X0)))
9 : Expressao: (((X1/0.7527066115454505)-(X0*0.32051641837817757)))
10 : Expressao: (((X1/0.7545640562052296)-(X0*0.33659322491256494)))
11 : Expressao: (((X1/0.7056298878005758)-(0.41706742829586696*X0)))
12 : Expressao: (((X1/0.8228629544327088)-(X0*0.21480303325934924)))
13 : Expressao: (((X1/0.6975707638259785)-(X0*0.4326331015807925)))
14 : Expressao: (((X1/0.6492165228393305)-(0.5442802355321156*X0)))
15 : Expressao: (((X1/0.6415559612591757)-(X0*0.5516053119028079)))
16 : Expressao: (((X1/0.7097152265891037)-(X0*0.40802571175219093)))
17 : Expressao: (((X1/0.724822815020788)-(0.3724692555353043*X0)))
18 : Expressao: (((X1/0.9015023043786308)-(0.10773068509001804*X0)))
19 : Expressao: (((X1/0.856944819030366)-(0.1819406041627325*X0)))
20 : Expressao: (((X1/0.8411325683031681)-(0.19815975940817554*X0)))
21 : Expressao: (((X1/0.8610766831473432)-(X0*0.16684994490922145)))
22 : Expressao: (((X1/0.7157087313585334)-(X0*0.3947981973441502)))
23 : Expressao: (((X1/0.8067897238395284)-(X0*0.23507067588092234)))
24 : Expressao: (((X1/0.8974235378095852)-(X0*0.11175069778282332)))
25 : Expressao: (((X1/0.7839449315844217)-(0.2913584804617593*X0)))
26 : Expressao: (((X1/0.6149654316990062)-(0.6358210576894436*X0)))
27 : Expressao: (((X1/0.6799614517790262)-(0.45517860605817984*X0)))
28 : Expressao: (((X1/0.7459142571592778)-(0.3376404143558679*X0)))
29 : Expressao: (((X1/0.7235321080668881)-(X0*0.3825286516393728)))
30 : Expressao: ((0.9334790276993981-(0.9313312631984544-X1)))
Erros: 

1 : 

x <- c(264.1625927866595, 69.9181773047071, 465.64219685324093, 132.58544268192736, 250.23863909577324, 567.7501414114149, 1107.360580029871, 1590.137060064422, 18.988555168629624, 158.8374175564788, 73.39691059511681, 819.1396944618544, 32.40762222119605, 346.4216027073681, 2.853651690970471, 1045.8597418666154, 109.16648515788984, 243.3394083498058, 0.7217293268608109, 17.956619840502388, 299.1973731019174, 134.81372224643323, 179.34309224677813, 368.0809931646549, 120.97377505945009, 97.45185328803335, 6.885651015232727, 79.16101384454493, 900.5817285639015, 3.201025009154757, 283.7121640007123, 143.64178869608617, 33.508979519086374, 104.48733143100448, 25.615324114894523, 73.20521932573537, 25.957048398873177, 281.11853272632004, 34.578709961686435, 122.61704013583301, 134.07238371787915, 24.50352534677224, 139.78183578116676, 80.05931383215923, 2.6835423543239667, 527.9970918682139, 199.12215674693954, 494.3508323060733, 0.005330780100423429, 149.42982604667873, 18.56762895488464, 1163.738269132693, 303.81509640341864, 411.93872418455254, 405.7448866049243, 126.77437137686425, 522.2116266057395, 298.49333811756713, 1117.3948096664233, 296.01871943864074, 209.06394737100425, 18.95195232006715, 1185.9604589089984, 1048.1562917885567, 166.7460251174179, 500.8039896732569, 9.380478997268483, 952.7645766950676, 0.047026426395117324, 428.2858810880317, 56.478640323166694, 176.94670367724325, 31.666547986329167, 10.547367315705072, 7.2576328049389, 15.287716265553422, 1035.5186297942944, 414.8921349732073, 0.1995279723063567, 921.2786460423193, 27.706370487578464, 459.69695015162495, 602.8863624903156, 4.473796790090694, 455.79902875944043, 814.6799330388527, 1592.5233074037437, 2953.455259815779, 327.26010723283787, 221.42852660013503, 102.8434948751669, 3692.016978197004, 36.05045405032808, 237.55823809803942, 8.665532117133973, 36.584381588901934, 1532.5744393917132, 3.312262708911955, 34.93685762960901, 179.61928939360143, 795.5349624989261, 411.8620678695293, 2.03204055740785, 29.67175042324702, 549.0199525632219, 121.36293567595534, 118.77090923087925, 194.240810935093, 4.286849822659253, 3.1380225131615296, 3.7986955537354445, 1203.2198965682064, 392.74916053744096, 1485.0813117809528, 1.9833786106598615E-4, 9.388918774318906, 117.62356111386319, 1319.2157065265894, 15.32052632745571, 22.755903082307725, 240.7149573607478, 346.2924685959744, 3085.3089914477073, 912.7675024764162, 497.34500876442036, 982.1259962599939, 58.725112111153166, 0.8213466411309002, 7.355504656010493, 1265.0054606906792, 438.40314977110984, 1547.6501119579152, 2838.9833260734104, 3302.136308266533, 1232.35437712965, 39.561472909717665, 2056.736416908132, 188.79857829278785, 42.29989528700255, 1681.9602530823538, 323.3900521508448, 1425.5475861197872, 59.61888403210808, 0.046499765315138504, 132.48967895372735, 196.05257685727398, 217.21552565157128, 768.8626870712473, 394.8843136379512, 5.166503182601315, 281.9672717699093, 731.8989267479724, 2717.208844565325, 101.12759320137623, 946.0634720584451, 226.55189768390326, 5038.632332586796, 314.5232907422682, 0.0026569106820387624, 9.541170238884998, 230.1767452401642, 3287.4503100834218, 225.00384526618626, 24.171126838696463, 4.523990270118128) 

2 : 

