med: 24291.471857447337/desvio: 110.38847490978131


Funcoes: 

1 : Expressao: (((X1/0.7211377088336838)-(0.4462677405994625*X0)))
2 : Expressao: (((X1/0.7874824907811395)-(0.33441098806522274*X0)))
3 : Expressao: (((X1/0.7384572803180752)-(0.4159748929430752*X0)))
4 : Expressao: (((X1/0.7795362329797328)-(0.3750517120335277*X0)))
5 : Expressao: (((X1/0.7606508977110553)-(0.3639311929469541*X0)))
6 : Expressao: (((X1/0.7662125813263606)-(0.34178338786659*X0)))
7 : Expressao: (((X1/0.7715890847205862)-(0.36263560549723384*X0)))
8 : Expressao: (((X1/0.8178620441837938)-(0.2828917664090995*X0)))
9 : Expressao: (((X1/0.7385069935084883)-(0.4257780284067798*X0)))
10 : Expressao: (((X1/0.8128378467360602)-(0.2911343979879978*X0)))
11 : Expressao: (((X1/0.7919821349646501)-(X0*0.3288669211426398)))
12 : Expressao: (((X1/0.8131164350617357)-(0.29257263843940096*X0)))
13 : Expressao: (((X1/0.7715634767572569)-(X0*0.3828501475975631)))
14 : Expressao: (((X1/0.7525082728733509)-(0.3772177849751427*X0)))
15 : Expressao: (((X1/0.8599619966432758)-(0.226727164267026*X0)))
16 : Expressao: (((X1/0.796238614240326)-(X0*0.3218696018066267)))
17 : Expressao: (((X1/0.754590307258896)-(0.35873369846907965*X0)))
18 : Expressao: (((X1/0.73446454451042)-(X0*0.4365444640735724)))
19 : Expressao: (((X1/0.7945048888070352)-(X0*0.3326701951162844)))
20 : Expressao: (((X1/0.7739225021773425)-(0.31953450874799527*X0)))
21 : Expressao: (((X1/0.7368275957967804)-(0.3877500701696853*X0)))
22 : Expressao: (((X1/0.7705204760049033)-(X0*0.34616365403160154)))
23 : Expressao: (((X1/0.7790788001945973)-(X0*0.3281333129867915)))
24 : Expressao: (((X1/0.7969793210791065)-(X0*0.3335444983273407)))
25 : Expressao: (((X1/0.8431984144770827)-(X0*0.2732661534692147)))
26 : Expressao: (((X1/0.8330501834772005)-(X0*0.24110899213665005)))
27 : Expressao: (((X1/0.7991888066894716)-(0.32257093489705635*X0)))
28 : Expressao: (((X1/0.7636484767061593)-(0.33671170582375354*X0)))
29 : Expressao: (((X1/0.8011544067726607)-(X0*0.3244033439975147)))
30 : Expressao: (((X1/0.7469414768587731)-(X0*0.4097417234974794)))
Erros: 

1 : 

x <- c(4.4485449796095955E8, 1.9306452376806862E9, 4.2481727746876514E8, 3942320.9289152315, 7.4149246287309E8, 1.83215602763337E8, 2.0462372944821727E7, 2.0538776014166622E9, 1.6503595149628675E8, 3.469360750840544E8, 4.9384562744645095E8, 5.07907503560332E8, 9.368770166262478E8, 8.528894749176924E8, 9.116587763886678E8, 1.881988713597208E7, 2.1386024419473197E9, 2744361.019412647, 827564.5313296593, 1.0007235662863815E9, 7.312231865886734E7, 2.4819452218944433E8, 126541.99564540385, 7.569021995781428E7, 7.330818728690677E8, 6.6515780311304E8, 4.545573553815377E8, 2.0834746962452358E8, 1.3627332246903148E9, 5.943336302230625E7, 1.5548431790478017E7, 1.1540365823991723E9, 1.760916303018732E8, 5.83561975073656E8, 1.029871368903929E7, 7.139423262776867E7, 3.982581643334747E8, 1.4908994409328358E9, 3.886539517712751E8, 2.337733510117429E8, 3.540465205027288E8, 1.545681021777864E8, 1.0921847955297021E7, 1.5032342553274705E9, 1.6083563007326283E7, 1.2472769849256222E9, 2.3470048580082908E8, 1.8994350585279962E8, 3.692211904425452E8, 7.778307682716423E8, 5.693697147917666E8, 2701088.94654143, 9.3922034068668E8, 1.6655559573919313E7, 3.411915542013819E7, 2.733913174747433E9, 6.414154585576494E7, 1.4161188464747424E9, 1.608789280334345E8, 3.7940882442428154E8, 8.933086932614665E8, 1.8119708191044884E9, 5.155896435655588E8, 4.0696809247322604E7, 1.3808281838237169E9, 2.1913519437730905E8, 6.306450757689981E7, 2.719528822415692E9, 162110.73216178763, 1.4535121199822516E9, 2.364427148477203E8, 1.291143422087579E8, 5.1452171529057807E8, 1.4491925153060105E9, 8.582483393040537E8, 7.479712060973872E7, 1.5424626596721091E9, 1.4417551555296263E8, 5.164747863796734E7, 1.2041612052841394E9, 1030673.829201384, 5.852596216634771E8, 1.0815394559464708E8, 6.243140695208828E7, 1.0612207408324791E9, 4.571313141633698E8, 1.4477157893755627E9, 3.483054747922745E8, 1.2757089543617964E9, 5696266.859161213, 2.2731021048594534E7, 5.710958509344335E8, 3.238019992936465E8, 1.135044574120703E9, 4.752212742570013E8, 3.4571902388671917E8, 4.788552460603617E8, 8.771464037388685E8) 

2 : 

x <- c(3.4970848646511173E8, 2.0401694766246455E9, 6.841717482889857E8, 7017560.669872259, 6.664578906282068E8, 2.756152065307923E8, 6.3071907967284486E7, 1.8432827743376644E9, 7.796159351151314E7, 3.445125297819777E8, 3.9129776136725396E8, 4.524834337061418E8, 8.027956333405344E8, 9.974254683470606E8, 1.1898517992386937E9, 680652.6046266587, 2.0149867160276244E9, 1.3572444059414532E7, 3010879.7856854303, 9.163274100607353E8, 1.3075913395039544E8, 1.8731374249565697E8, 740772.4957572543, 9.036180429621491E7, 6.474293706847181E8, 7.854076071793182E8, 6.315763441604694E8, 3.358974486971728E8, 1.1502674686797361E9, 1.2576444054875287E8, 4.780125769228076E7, 1.0123576842981372E9, 2.5661519761613506E8, 4.679940209178165E8, 1381863.1242513363, 8.68403295247219E7, 3.3534330353242725E8, 1.5997559521987145E9, 6.074740706974605E8, 1.2284041828620712E8, 3.6771828609999114E8, 2.3398902088481224E8, 21296.530131939366, 1.402209114360521E9, 5.993924337787637E7, 1.1168296136055875E9, 1.3716468095510012E8, 1.9299308513963842E8, 3.00980233190823E8, 8.489772035775644E8, 7.58085348624709E8, 6551438.307440802, 8.59546319776691E8, 5.6413657795713454E7, 6.787990392517674E7, 2.526725905878717E9, 1.7002359553976443E8, 1.20180120279162E9, 8.569725879349446E7, 3.944878994807931E8, 7.393775827457956E8, 1.9953448482972596E9, 8.096765041907752E8, 2117315.849288591, 1.3090935706914964E9, 3.7141556040430874E8, 1.3949305012619212E7, 2.5901981976293178E9, 3.2988511001897965E7, 1.2920264527124486E9, 1.3264954526923496E8, 1.3517694216655862E8, 4.406720425460809E8, 1.581035766103262E9, 1.1771548302296882E9, 1.0807421759722412E7, 1.4718620657821085E9, 2.8088870678245085E8, 1.011827731138583E7, 1.1188952144909954E9, 1.8645759876870185E7, 5.206008005889821E8, 6.230289724084409E7, 6.512312579097358E7, 9.843820169088608E8, 5.992388525138961E8, 1.7418960927369623E9, 1.6587394726439095E8, 1.2801093835400827E9, 5.095552552966868E7, 3695866.769356615, 5.2425377591544884E8, 4.0540764565191865E8, 9.51517630117686E8, 3.549104063937636E8, 3.116146753216255E8, 3.95931207410142E8, 9.660197369212663E8) 

3 : 

