med: 25320.979503758925/desvio: 994.8091598074586


Funcoes: 

1 : Expressao: (((X1/0.7148556278161825)-(X0*0.48006644691622435)))
2 : Expressao: (((0.012415386995884736+X1)/(Power[Abs[X0],0.08477773144390643])))
3 : Expressao: (((0.9565662229288072*X0)-(X0-X1)))
4 : Expressao: (((X1/0.85684707466833)-(0.26163785602025924*X0)))
5 : Expressao: (((X1+X0)-(X0/0.9514958127198094)))
6 : Expressao: (((X0*0.9513026838349691)/(X0/X1)))
7 : Expressao: (((0.9754831657482723*X1)/(Power[Abs[X0],0.20920688956785116])))
8 : Expressao: (((X1+X0)-(X0/0.9145095610237312)))
9 : Expressao: (((X1*0.9904047917350445)/(Power[Abs[X0],0.1579023007928686])))
10 : Expressao: (((0.9267030672227904*X1)/(Power[Abs[X0],0.10305071940538857])))
11 : Expressao: (((X1*0.9579837797258238)-0.005990680135976341))
12 : Expressao: (((X1+0.0010842496202227991)-(0.08176229529723666*X0)))
13 : Expressao: (((0.9324800547955802*X0)-(X0-X1)))
14 : Expressao: ((0.2611456433028142*(X1/0.27359362993203207)))
15 : Expressao: (((0.9242398368609385*X0)+(X1-X0)))
16 : Expressao: (((X1-X0)+(X0*0.9095994307166361)))
17 : Expressao: (((X1-X0)+(0.9278460585915733*X0)))
18 : Expressao: (((X1*X1)/(X1/0.9551834888333463)))
19 : Expressao: (((0.9415093408300141*X0)+(X1-X0)))
20 : Expressao: (((X1*0.9956819437240818)-(X0*0.06621548093132801)))
21 : Expressao: (((X1-X0)+(X0*0.9704715130196964)))
22 : Expressao: (((X0*0.9618186184938174)-(X0-X1)))
23 : Expressao: (((0.9293044923822282*X0)+(X1-X0)))
24 : Expressao: (((X1/0.9878173198704234)-(0.10805173810457858*X0)))
25 : Expressao: (((X1/0.7601321903556023)-(0.4293992981732744*X0)))
26 : Expressao: ((0.5173551777317007/(0.54122798718083/X1)))
27 : Expressao: (((X1/0.7861620493702156)-(0.26023076352892216*X0)))
28 : Expressao: (((X0*0.9405411350578166)-(X0-X1)))
29 : Expressao: ((0.5538859033421202*(X1/0.5787721452536323)))
30 : Expressao: (((X0+X1)-(X0/0.9385459618868852)))
Erros: 

1 : 

x <- c(5.04492141530236E8, 1.974043833088163E9, 4.3507458255002725E8, 394112.4498431881, 6.119259256486211E8, 1.0856726796859111E8, 4286635.435007299, 2.2022796983796883E9, 1.5415021188998026E8, 2.909857732131968E8, 5.758725340421233E8, 4.6984388148992145E8, 1.0263067706783284E9, 8.800106010899055E8, 9.532098992092953E8, 8887203.199995318, 1.9003916835277882E9, 2.6469159650937703E7, 8882108.086162467, 1.0885852860367765E9, 8.386143970862286E7, 2.1184705693113154E8, 4968705.732623041, 5.146984390247812E7, 8.107284364308083E8, 6.982328906151241E8, 4.917650204171748E8, 2.5439146655274722E8, 1.2006814498972878E9, 1.8557798336995993E7, 1933912.3575577682, 1.2802225265322495E9, 1.9859166573632458E8, 5.215562914160415E8, 2.9319187123137336E7, 4.6723598404029705E7, 4.588918636408408E8, 1.5519739527879794E9, 4.141235785481925E8, 1.8748997926248178E8, 2.5704736269794956E8, 9.16406313871729E7, 3.073211975383281E7, 1.6111804996556265E9, 2.067943557830307E7, 1.1506356313741558E9, 3.091174859771243E8, 1.5999254193868643E8, 4.1872977153015584E8, 8.073670831524715E8, 5.925163665046445E8, 313459.3152371596, 8.140647912305115E8, 1726833.8158353982, 1.5476455919552626E7, 2.8761640930453367E9, 6.700308270261643E7, 1.3188557279376428E9, 2.2976939196957198E8, 3.26188594698048E8, 9.869697524427533E8, 1.851632441116421E9, 5.363284756159088E8, 2.301265835719048E7, 1.1779984627939043E9, 1.285351412221915E8, 1.0827665841362563E8, 2.853964893402033E9, 492300.72218478814, 1.3337784651445494E9, 3.22050076668961E8, 9.984246649600421E7, 5.80595588503632E8, 1.5019316416090612E9, 8.952216031121937E8, 5.125727773218496E7, 1.3244018368393643E9, 7.206795272726865E7, 9.211928214789693E7, 1.294655789005535E9, 2354897.5651979796, 5.236244287382845E8, 1.516017146011459E8, 4.593255980275149E7, 1.1376537050376437E9, 4.7582832399972546E8, 1.5190637225958774E9, 2.997274674978209E8, 1.072205722228593E9, 878284.35389161, 4.7227713138151065E7, 6.347311723828375E8, 3.505415644299526E8, 1.067368497717651E9, 5.715684776375531E8, 3.0729807349131644E8, 5.466401159202377E8, 9.195198664789888E8) 

2 : 

x <- c(6.653092729510507E7, 1.8129641947239416E9, 1.0181966992659303E9, 9.084668360454358E7, 6.352663041247847E8, 7.963825881786016E8, 4.5975915412778676E8, 1.0285230882122554E9, 3.6120654898455665E7, 5.564902490048684E8, 7.533831255832523E7, 5.704266236841086E8, 3.214182570457593E8, 9.639528530331407E8, 1.4885383306353955E9, 8.523483448210832E7, 1.935594664978493E9, 4.641940923833525E8, 1.7866674223140094E8, 4.7838966791136277E8, 1.461955241182043E8, 1.9914034022272617E8, 7.960703982555218E7, 2.786307683054521E8, 2.701171729896034E8, 7.470557865851812E8, 8.080254569858377E8, 5.548766728405793E8, 8.458573193071508E8, 5.57089216785722E8, 3.6491990644325334E8, 4.577357607670283E8, 2.7824716833883196E8, 4.2727589903397816E8, 7.709267748534872E7, 2.768294634449814E8, 8.495016359785603E7, 1.4151438912157717E9, 9.108712585433561E8, 2.2093928804035883E7, 5.410752417640632E8, 7.164924461941212E8, 1.629500273205465E8, 8.481122570737305E8, 1.0314050224419245E8, 1.1533760451234891E9, 5546683.721002394, 3.7858957220899904E8, 6.499474399870532E7, 7.051682949141525E8, 8.819267089795597E8, 5.541828693619572E7, 8.976173798256584E8, 4.3068146712187475E8, 3.71179628523257E8, 1.6412502302007391E9, 3.013073187162084E8, 1.0588445170775887E9, 1.8077766721784413E7, 6.793880498603619E8, 2.4818832745711234E8, 1.9024490835423493E9, 1.2560201794694724E9, 4.909052359688946E7, 1.2904784505576334E9, 1.1910504141806715E9, 1.4065546899697012E8, 1.8323237306861377E9, 1.2550298540843016E8, 1.2476173516426866E9, 9647478.475605844, 3.082823569588943E8, 1.4017243344844526E8, 1.4433707457596433E9, 1.6010755038280735E9, 3.789806882991959E7, 1.4584984852808304E9, 1.074144926032114E9, 1.4154379128979725E8, 6.432730387816353E8, 3.3051464145191424E7, 6.163274689866534E8, 1.157081626134828E7, 1.8922730505171043E8, 5.543728089814072E8, 6.42209344040967E8, 2.0142836545342767E9, 7148612.634264463, 1.4764439854347148E9, 5.513564639123466E8, 1.0429732611024095E8, 2.3493955959898117E8, 3.732334310174471E8, 8.779573901569946E8, 4.1108595070235424E7, 4.371025890750505E8, 1.0051638209941217E8, 8.324908566923257E8) 

3 : 

