med: 31.110979539556183/desvio: 5.673013984401601


Funcoes: 

1 : Expressao: (((X1/0.8893254842657183)-(X0*0.5109635322073285)))
2 : Expressao: (((X1/0.6962500589195797)-(Sin[X0])))
3 : Expressao: (((X1/0.8896904023435855)-(0.45494281610321785*X0)))
4 : Expressao: (((X1/0.843415348844779)-(0.6234729497985128*X0)))
5 : Expressao: (((Sin[X1])-(X0-X1)))
6 : Expressao: (((Sin[X1])+(X1-X0)))
7 : Expressao: (((Sin[X1])-(X0-X1)))
8 : Expressao: (((X1-X0)+(Sin[X1])))
9 : Expressao: (((Sin[X1])+(X1-X0)))
10 : Expressao: (((X1-X0)+(Sin[X1])))
11 : Expressao: (((Sin[X1])-(X0-X1)))
12 : Expressao: (((X1/0.7111887401465087)-(0.6396214645282309*X0)))
13 : Expressao: (((X1-X0)+(Sin[X1])))
14 : Expressao: (((X1/0.6628468992947852)-(0.7824288908250794*X0)))
15 : Expressao: (((Sin[X1])+(X1-X0)))
16 : Expressao: (((X1/0.6852092281907365)-(Sin[X0])))
17 : Expressao: (((X1-X0)+(Sin[X1])))
18 : Expressao: (((Sin[X1])+(X1-X0)))
19 : Expressao: (((Sin[X1])+(X1-X0)))
20 : Expressao: (((X1-X0)+(Sin[X1])))
21 : Expressao: (((X1/0.8711750640576336)-(X0*0.40928057271171026)))
22 : Expressao: (((Sin[X1])+(X1-X0)))
23 : Expressao: (((Sin[X1])+(X1-X0)))
24 : Expressao: (((X1/0.719047404711551)-(Sin[X0])))
25 : Expressao: (((X1/0.6454331685866429)-(X0*0.8866456763064526)))
26 : Expressao: (((X1/0.7231125144631861)-(Sin[X0])))
27 : Expressao: (((X1/0.6939479217542138)-(Sin[X0])))
28 : Expressao: (((Sin[X1])-(X0-X1)))
29 : Expressao: (((X1/0.8295196813208505)-(X0*0.45394124892637977)))
30 : Expressao: (((Sin[X1])-(X0-X1)))
Erros: 

1 : 

x <- c(263.87876953517787, 20.26712471039025, 174.70351586150647, 215.1970219203275, 115.74121724841243, 110.44212004483148, 616.6365707762102, 600.575840213584, 8.79907528614556, 28.02756980662753, 27.352841398612803, 4.3457458690534025, 47.45268626848326, 157.70297488174518, 139.56270474758875, 144.32070071460862, 1718.3457030970487, 2090.270783530574, 31.043858044682622, 1614.3678515603337, 276.87059622530774, 633.2758566127296, 501.19939052491594, 22.847311000189514, 191.96447061109873, 459.4236730887628, 6806.014750954898, 996.1422882813611, 605.7961493885574, 880.1116286835908, 84.97563732864472, 97.08019381257135, 241.89023631877467, 29.664439233303575, 429.79969569415033, 0.6957837863446793, 272.6466450682137, 896.7542127126961, 32.734861429019915, 244.25672720543926, 452.0366120398911, 247.0802036635566, 822.9336095710776, 583.9437526365499, 68.15694678586704, 510.64628826344693, 35.06238672985328, 6.4071817931648605, 2430.0143872310437, 2182.7053164920744, 72.32313256281701, 741.5284718568107, 332.7159620551778, 113.50271441567163, 132.52162458741495, 338.6568252290327, 3.980185806786378, 20.775322702346543) 

2 : 

x <- c(93.29163731653138, 49.65566313188435, 115.19032454676132, 202.54330839344019, 107.24218116283686, 97.8239053598538, 244.60776206181893, 79.66883079515993, 30.124869623219617, 68.32641645193932, 0.6520074507836802, 24.257252354212238, 4.426175851843339, 55.558589439118684, 98.27153389077309, 140.4098105126982, 1101.8463385004575, 618.7151181696888, 615.8817775694775, 407.1538963731767, 3276.208400060597, 4.737029456706534, 261.6116343909647, 95.63323399725147, 117.77171178172797, 507.4323511906521, 5302.586843970731, 6.257839688471307, 1570.898543898701, 10524.806909150959, 11499.46535665842, 5361.331967340641, 424.0694908249032, 0.38245048251087577, 381.6666854519445, 3.8490000004621954, 193.93285589555055, 321.2544810832184, 83.27510846762662, 110.80524762383878, 176.27544533366492, 539.821438275726, 1113.2099046411383, 497.2367392599314, 424.81128253432956, 539.8139444425991, 4.743394649601034, 1.6847057427249859, 1851.8211164076265, 562.2250561400755, 142.04909534842068, 1951.915539706604, 2280.1966231017077, 2527.7204318174577, 108.40491682303998, 87.69755488229006, 39.54481953510158, 12.33611047781149) 

3 : 

x <- c(319.7600248901238, 29.48698111569844, 156.6682202580307, 173.21520680925727, 75.45563287095456, 166.018821345605, 731.8338340613291, 635.6474318341952, 1.5505843679193043, 2.6467240117218958, 3.3199361196409454, 18.809785174250194, 63.583051586141785, 156.59682940667182, 117.27573436157664, 190.3195483093003, 1902.8297561407003, 2170.9346117116393, 63.97297545614136, 1186.1348694202634, 463.19381100645785, 414.06827768180364, 593.6348597010134, 35.54789635727224, 166.98780201227595, 545.1525526999359, 7218.303391191725, 1036.149604472073, 378.4387651331965, 474.7063253185752, 2.656628673237209, 256.55833324584637, 143.4615503141582, 33.15155035631664, 405.15772404784406, 0.08914994818154867, 347.39585171966144, 1012.0420721795417, 33.90402634676869, 171.97184404724888, 326.4600768485768, 356.82395410353416, 653.0253706614006, 633.6870070514663, 50.47265125459076, 484.852636831947, 26.583572603325337, 19.0071704231247, 2630.9706566300374, 2295.60899206018, 37.02778770349571, 453.16787083936686, 152.0261436336567, 249.0157189141557, 59.91857880234578, 377.1927637741454, 3.486232176807194, 39.09244235837122) 

4 : 

x <- c(194.553959271139, 3.4966089029419622, 168.5668152913276, 238.6581959716768, 152.35220502225278, 66.14855506504514, 445.91231083525577, 449.66124244580436, 5.984843803685906, 80.49770866924118, 92.94916269184353, 1.6168179882801434, 21.64654579549459, 133.8998142074177, 140.50140191941102, 116.09846065749842, 1445.228597651897, 1705.8709447934225, 47.84748190519194, 2153.7251952153456, 144.81336569455829, 1069.2832850724853, 387.3230479458158, 1.9169538515847309, 186.230510540074, 409.8184345586144, 6112.574741934841, 609.061847006864, 698.4938521950812, 1389.0537742554134, 316.59683664626465, 1.748542367303315, 501.92875664789244, 17.32477801911864, 428.69572163772426, 0.6467496753841336, 203.07987481677822, 690.8075703399115, 7.746929958861562, 296.3711646415673, 587.273125822287, 162.0532808203349, 1148.0477561669902, 546.3335398131433, 125.37196055568282, 525.260299955754, 29.95657358139701, 1.03867665689157, 2166.42000839191, 1736.1355795915865, 47.81687358119686, 1073.3081468322894, 603.255403615586, 19.580038934732222, 323.6561131661631, 262.56001295447516, 0.1691194117893568, 10.673064219049161) 

5 : 

x <- c(250.44590778725947, 209.66232506328896, 5.221678074116346, 0.4032982755026419, 0.25986406905632603, 324.24294166154414, 255.9926063726766, 32.76754672015877, 162.63525635522197, 33.039758140157204, 42.14481779216173, 2.1591739485599586, 11.5594052144403, 3.991792112315798, 17.291141716923697, 591.3547999734802, 1254.8383722337808, 68.47526928858352, 83.00906914785233, 4951.806575119891, 24.174150095864672, 1672.274845302381, 502.9126731232855, 391.40871311624676, 14.822872195965854, 1190.1755155254898, 4897.005822761119, 109.2594347882803, 11059.567233407952, 16451.963524476287, 5871.293699469685, 163.53839936700896, 1765.4695267860207, 44.36036432631637, 81.2868093099212, 285.0116468112445, 536.7478889998526, 222.00057076004458, 641.6624393480096, 33.55862003062116, 300.6818385295653, 392.99939920899953, 1667.5774965118324, 1042.848622506801, 744.1225499779018, 249.2706368106177, 153.7839953372443, 170.71463926973468, 2413.7592384446475, 42.49265258430353, 728.2483998969749, 5738.360265009644, 2831.212004072886, 13.904096697673953, 854.7426940548372, 53.31548198845862, 421.7945434709117, 251.78509110637208) 

6 : 

