med: 20.67604493708685/desvio: 0.5546153056422554


Funcoes: 

1 : Expressao: (((X1-0.9317852060206061)+0.9342235648289555))
2 : Expressao: (((X1*0.6838499739936057)*1.4588484487924462))
3 : Expressao: ((0.06534674873850611+(X1-0.06317744159860994)))
4 : Expressao: (((X1/0.9105936207504134)-(X0*0.08744442924915419)))
5 : Expressao: (((X1/0.8026096866146968)-(X0*0.2524655696802831)))
6 : Expressao: (((0.8996031453475454+X1)-0.8978878442776298))
7 : Expressao: ((0.32378918029747455-(0.3223972617704294-X1)))
8 : Expressao: ((0.0029996590189932393+X1))
9 : Expressao: (((0.7633150539424132+X1)-0.7620076502901038))
10 : Expressao: (((X1/0.7141670316366299)-(0.4208647192461634*X0)))
11 : Expressao: (((X1-0.8098517288895771)+0.8110354982333148))
12 : Expressao: (((X0*0.9939815157526655)-(X0-X1)))
13 : Expressao: ((0.9566376851694922-(0.9503419013708654-X1)))
14 : Expressao: (((0.8289996482359828+X1)-0.8271303500501032))
15 : Expressao: ((0.7678433890766472+(X1-0.7651506720170955)))
16 : Expressao: (((0.2666097087328957+X1)-0.2646759854791324))
17 : Expressao: ((X1+0.0014524547274454847))
18 : Expressao: (((X1+0.4618858845588699)-0.46084105804421155))
19 : Expressao: (((X1+0.7469912498773541)-0.7438646455750245))
20 : Expressao: (((0.08348123568467303+X1)-0.08034034893422987))
21 : Expressao: ((0.4881364990566841+(X1-0.48588885780818425)))
22 : Expressao: ((0.021142224239325595-(0.01847221848908942-X1)))
23 : Expressao: ((0.6783172136097424*(X1/0.6800689382163196)))
24 : Expressao: ((1.0-(0.9980713705275605-X1)))
25 : Expressao: (((0.00724613358556514+X1)/0.9910030633546959))
26 : Expressao: (((X1/0.3336059364159657)-(X1+X1)))
27 : Expressao: (((X1/X0)*(0.0025207107444397137+X0)))
28 : Expressao: (((X1+0.04351545817404778)-0.04107698431099614))
29 : Expressao: ((0.3044688278599091/(0.3057146476962104/X1)))
30 : Expressao: ((0.0018761522547524612+X1))
Erros: 

1 : 

x <- c(181.8627090295217, 4.138586996447219, 347.6601990869108, 431.6275606803674, 29.859139923415285, 343.941069434635, 594.109022678221, 544.5524797786068, 54.84362617120413, 108.66710917057715, 0.03085231172399624, 705.2024545818622, 60.460705884621575, 270.087917068853, 109.5026573096664, 568.1381280399816, 1.7839562781136398, 298.40322798974444, 139.34271996918247, 25.54647149774359, 145.8212809324455, 44.94833223520644, 386.2935422655981, 28.57595533433978, 145.09764203676363, 219.50343340477826, 14.78901055021528, 77.01200240737225, 743.3448757274708, 281.3788762511173, 841.25241977789, 52.48063211292111, 0.14772625898420227, 66.35158559803904, 4.470483274627178, 29.005207195249987, 14.70225325549789, 157.3932902981385, 128.4969215056118, 246.66738731002496, 349.1534509478215, 187.0233553688456, 304.0018302943824, 277.41061900663857, 76.3115505464619, 638.352982067514, 4.684418448489495, 317.0411100077999, 52.935057623246735, 174.65335896837828, 0.013374520359030749, 942.8368351512687, 7.976962743474449, 660.7136983029632, 1.627278486748653, 72.17603938099988, 591.7371633361321, 42.95952671361919, 1689.5677318526168, 116.08665538761157, 21.955299629324767, 24.347827080473493, 792.1775160530328, 366.5062034921986, 3.8194907182672555, 727.0762646842982, 263.87896340817366, 327.452485999396, 60.92814478030364, 486.8928331947179, 296.3785450593765, 398.2278975317107, 188.9428461254379, 56.785994719161515, 4.77139251803442, 1.888842701462249, 749.9737306957436, 67.47557448585246, 74.03486884198173, 446.71562742855787, 9.645051123380822, 569.9846709395986, 38.38605737867798, 2.774384130620983, 601.4438281998102, 2224.4760749247484, 5135.779310117395, 73.02810420713853, 405.44433090580816, 37.01933607931117, 287.7892299117948, 2263.4423074900656, 359.69581397418824, 534.7956075088302, 49.78217238824142, 32.65381579272849, 1017.3323780133442, 172.28264228133295, 5.264049900532001, 360.40561093583545, 163.98462739405178, 565.2814502486165, 70.6549226939538, 23.759304871837895, 259.39190591912774, 258.74807998867334, 250.13472992753145, 344.31208239986637, 66.67781152849373, 2.5142804088012416, 37.01933607931117, 676.8139544595703, 90.90386307582573, 764.834880756885, 123.55763627060622, 17.519651367949958, 193.3309972714071, 509.20848145609284, 15.410714272035127, 2.0610859303885105, 113.96946580059516, 368.47291217442137, 2503.4363539044684, 27.29385108887454, 187.02335536884408, 1148.2371580936167, 483.80854243811825, 63.13332629348837, 1.6528914519764186, 908.7601090985322, 87.87847051946413, 2633.162694355346, 278.077244937093, 2872.354538283474, 6.5758998393900425, 181.0195807066433, 3470.9008407824654, 701.950674049983, 200.06268610594742, 775.9371400614248, 39.493076774758954, 847.1387607148614, 398.6271104969469, 40.90431668322707, 99.11493230421489, 209.8340055522697, 136.2904885171387, 232.73480387478628, 545.4863057090635, 108.06950277422584, 272.3936263122622, 1823.6616574162094, 448.40807928946634, 9.146703438925439, 1456.5177436294966, 169.89432524620227, 3365.8154431875796, 126.68961778378832, 1.0113284256065045, 4.386309205082248, 492.5892490978199, 1481.1451220982583, 1028.8472113874432, 64.89346891099288, 0.4565005730988138) 

2 : 

