med: 996.8446952896612/desvio: 255.7829675520997


Funcoes: 

1 : Expressao: (((0.5194686854147372*X1)/(Sqrt[Abs[X0]])))
2 : Expressao: (((X1*0.5721300984856892)/(Sqrt[Abs[X0]])))
3 : Expressao: (((X1-X0)+(0.7104445648397695*X0)))
4 : Expressao: (((0.5587582242382357*X1)/(Sqrt[Abs[X0]])))
5 : Expressao: (((X1*0.48165592289569426)/(Sqrt[Abs[X0]])))
6 : Expressao: (((X1*0.5444937115872983)/(Sqrt[Abs[X0]])))
7 : Expressao: (((X1*0.6629571846991602)/(Power[Abs[X0],0.24447295830492954])))
8 : Expressao: (((X1*0.5935752833587947)/(Sqrt[Abs[X0]])))
9 : Expressao: (((X1*0.5640202876758446)/(Sqrt[Abs[X0]])))
10 : Expressao: (((X1*0.5021252141527194)/(Power[Abs[X0],0.4663341204367796])))
11 : Expressao: (((0.579884790572355*X1)/(Sqrt[Abs[X0]])))
12 : Expressao: (((0.5987288643309914*X1)/(Power[Abs[X0],0.2485563934968552])))
13 : Expressao: (((X1*0.7559899885906285)/(Power[Abs[X0],0.22118592826924366])))
14 : Expressao: (((X1*0.5518860529954462)/(Sqrt[Abs[X0]])))
15 : Expressao: (((X1*0.6123410816863926)/(Sqrt[Abs[X0]])))
16 : Expressao: (((0.5224251484919354*X1)/(Power[Abs[X0],0.5260367390399627])))
17 : Expressao: (((0.6330778303528191*X1)/(Sqrt[Abs[X0]])))
18 : Expressao: (((X1*0.6467336445156805)/(Sqrt[Abs[X0]])))
19 : Expressao: (((X1*0.5141607099363176)/(Sqrt[Abs[X0]])))
20 : Expressao: (((X1*0.7842166744018573)/(Power[Abs[X0],0.3272118980867472])))
21 : Expressao: (((X1*0.5502594586841115)/(Sqrt[Abs[X0]])))
22 : Expressao: (((0.5143738027592938*X1)/(Sqrt[Abs[X0]])))
23 : Expressao: (((X1-X0)+(X0*0.7195289077320547)))
24 : Expressao: (((X1*0.5051897164763929)/(Sqrt[Abs[X0]])))
25 : Expressao: (((0.7548199134876152*X1)-(0.0888624740411813*X0)))
26 : Expressao: (((X1*0.7286645469287646)/(Power[Abs[X0],0.3705721751646973])))
27 : Expressao: (((X1-0.012102563360466667)-(0.23229674853571025*X0)))
28 : Expressao: (((0.5891909485665717*X1)/(Power[Abs[X0],0.48164257819970324])))
29 : Expressao: (((X1*0.6137570505679171)/(Sqrt[Abs[X0]])))
30 : Expressao: (((0.5287416115701526*X1)/(Sqrt[Abs[X0]])))
Erros: 

1 : 

x <- c(158566.6376815009, 323464.2455214076, 1152598.3305572066, 916899.3165498412, 1.1753413256464029E7, 73.11832419651795, 84447.59092534421, 439304.69871913816, 194669.15105327187, 1258385.256160231, 1139.372447482366, 6976.067822924331, 14764.143349087422, 166128.9395798761, 360448.1371220946) 

2 : 

x <- c(186849.05335101899, 328790.7210708659, 1396153.6441200504, 918028.1230683918, 1.5745457842301099E7, 8395.48351928001, 64150.02357913962, 485552.3489011573, 176758.15324462016, 1131114.9533451733, 20315.487379809227, 15540.041912883677, 11069.366470668409, 187681.5557233576, 378702.3962387005) 

3 : 

x <- c(469098.83714579674, 521533.6481034087, 301432.67532348033, 1235123.4548659292, 886624.0175049716, 388652.0427866691, 44487.53941128058, 486352.3122211663, 16450.46822232037, 1310477.8335720974, 220778.54841718386, 51002.6087038144, 68081.5986629292, 118120.57485064148, 474350.4498360096) 

4 : 

x <- c(179447.81229684668, 327434.09322082676, 1332100.0553718933, 917741.4288487053, 1.4676604221177312E7, 4381.057484366961, 69040.15778977414, 473589.8730549411, 181224.28365218343, 1162789.0879063602, 13204.621276264701, 13044.876055351793, 11957.236808190632, 182084.40294459637, 374024.5355147511) 

5 : 

x <- c(139689.6263540816, 319666.4769628767, 992105.3106393149, 916089.2217498744, 9246344.179722749, 6477.374312202117, 100740.1268387181, 407524.5758254498, 208062.93096660468, 1353953.9613637992, 1967.0767777690999, 2914.3956916146058, 17744.750842770354, 151463.94846586196, 347619.0372227677) 

6 : 

x <- c(171717.37283079827, 325989.9954548233, 1265428.5787988144, 917435.6457355369, 1.3577809391309747E7, 1525.228771945847, 74454.72077267092, 460993.3179974985, 186049.97473893495, 1197059.7728511277, 7301.100349235134, 10623.701034962902, 12942.130111617369, 176207.01462052928, 369066.45139048266) 

7 : 

x <- c(183143.0312280971, 326924.7760253103, 468386.9751605643, 917936.0127443146, 14671.195026735579, 68739.14520356157, 9889.20505721713, 577301.355183102, 166854.51874230392, 1297582.3174329286, 39597.7897766925, 76706.14690323362, 5301.190222675476, 159197.55083660939, 348779.52035179007) 

8 : 

x <- c(199031.0847347132, 330972.2728705765, 1502020.0732144266, 918488.0032958146, 1.753806642344477E7, 17535.597325822175, 56682.44858916312, 505048.7248515991, 169711.92171836767, 1081230.6540220457, 34905.353872654334, 19997.28778927428, 9716.94692701582, 196834.91167354537, 386265.2271057373) 

9 : 

x <- c(182342.48116725706, 327967.6150340168, 1357126.7694329144, 917854.2426322862, 1.5092733936406543E7, 5806.375921391511, 67094.37326680715, 478279.5094445993, 179460.1349978198, 1150272.5765773498, 15820.789796195048, 14000.726742159324, 11603.757701516703, 184276.8684446405, 375861.88541851623) 

10 : 

x <- c(144593.2498937928, 320538.22220466967, 897715.5894386868, 916310.4284014197, 6197866.187090744, 1744.3718277819387, 86802.63964408483, 425139.6564325726, 202990.81823133738, 1347190.843495862, 247.6477037035977, 6019.847844518645, 15989.672905709112, 152367.06591800522, 347694.80457515386) 

11 : 

x <- c(191209.7395762098, 329578.7491171211, 1433988.9939601943, 918194.4048949683, 1.6382522616444472E7, 11316.410901546838, 61396.389680675115, 492558.04737045366, 174193.65675525746, 1112946.6826610968, 25138.27986069682, 17087.022623554712, 10570.157259123893, 190966.30389764608, 381428.52542473096) 

12 : 

x <- c(154735.40269451853, 321659.2935454065, 391549.10175083723, 916784.1127263345, 1487.8202969930628, 19669.421267478727, 24035.718435700957, 515288.13388207665, 185921.66608130373, 1418194.5290881323, 6533.229176484263, 47369.26902980827, 8679.562514631192, 141613.2229883636, 333853.73967205983) 

13 : 

x <- c(223982.7385096294, 333789.04736586893, 535405.7068413044, 919450.5379435022, 26620.945966526255, 192382.58015062526, 115.49255900436033, 673964.2174955468, 142481.07231890893, 1159130.0414238197, 129499.57523951607, 137043.59702999762, 1846.006105572446, 181725.40432963442, 366701.245115535) 

14 : 

x <- c(175702.29556865856, 326737.976184592, 1299766.279043091, 917594.1062800636, 1.4141904811589409E7, 2821.376075575453, 71623.20154851471, 467500.07351512264, 183541.22677517417, 1179237.4402911165, 10143.743543043485, 11847.43449054884, 12426.860780586785, 179240.83497663017, 371631.76453787397) 

15 : 

x <- c(210006.66459565956, 332887.1769142298, 1597833.0778651757, 918890.5200233461, 1.918596895090617E7, 28264.407428656636, 50526.85826318199, 522424.0286210815, 163663.62966672966, 1038501.8522362228, 50891.985938313235, 24358.096746679053, 8605.765249528287, 205023.42092703088, 392944.49109416123) 

16 : 

x <- c(164540.86660874053, 324737.585889432, 1342575.083409988, 917140.7577232054, 1.73391941102248E7, 7.551278512788082, 87037.53075869799, 441381.26391977235, 191864.67610074635, 1214662.6940529444, 2599.8202076034872, 6369.671276657745, 14624.974504829692, 173345.06890326075, 367276.12474873284) 

17 : 

x <- c(222477.58449204196, 335009.6253607928, 1707154.4033199018, 919335.4151807987, 2.1092995275305744E7, 43084.36270668777, 44136.15587499722, 541966.0053949804, 157107.72724004136, 992287.151259283, 72052.79029333185, 29676.769979242763, 7456.325440402337, 214266.04114629372, 400391.86107747303) 

18 : 

x <- c(230886.50621791638, 336411.00904185866, 1781121.2871106833, 919628.4517140875, 2.2398167638697542E7, 54543.35259864415, 40163.54914284336, 555030.9731909477, 152863.63404609123, 962427.6989827477, 87991.76680661002, 33465.875639544385, 6744.360265530203, 220463.8786089697, 405334.3724797355) 

19 : 

x <- c(155844.61518346384, 322929.77975885884, 1129343.4407717753, 916785.5776993971, 1.1383359279414397E7, 347.7585755332672, 86648.00773370628, 434771.5721689081, 196522.42295649642, 1271589.7191385983, 519.4021886522692, 6300.627860490126, 15166.023697733208, 164029.45957977566, 358633.22354110325) 

20 : 

