med: 1070.7428350779364/desvio: 69.4823819848571


Funcoes: 

1 : Expressao: (((X1/0.9711211578722198)-(Sin[X0])))
2 : Expressao: (((0.15594850743457178+X1)-(Sin[X0])))
3 : Expressao: (((0.14823796563615876+X1)-(Sin[X0])))
4 : Expressao: (((0.2251618849855762+X1)-(Sin[X0])))
5 : Expressao: (((X1/0.3783469967389047)/(Sqrt[Abs[X0]])))
6 : Expressao: (((X1+0.1824693954902924)-(Sin[X0])))
7 : Expressao: (((0.16984109570519912+X1)-(Sin[X0])))
8 : Expressao: (((X1/0.9686248035966284)-(Sin[X0])))
9 : Expressao: (((X1/0.38355398791125617)/(Sqrt[Abs[X0]])))
10 : Expressao: (((X1+X1)*(Power[Abs[0.9059185249356955],X0])))
11 : Expressao: (((X1/0.979980712084293)-(Sin[X0])))
12 : Expressao: (((X1+0.15650245565466836)-(Sin[X0])))
13 : Expressao: (((0.21477956485709715+X1)-(Sin[X0])))
14 : Expressao: (((0.17746962085539908+X1)-(Sin[X0])))
15 : Expressao: (((0.18789171537523586+X1)-(Sin[X0])))
16 : Expressao: (((Power[Abs[0.9024968365470761],X0])*(X1+X1)))
17 : Expressao: (((X1/0.37571680449256994)/(Sqrt[Abs[X0]])))
18 : Expressao: (((X1/0.9786385899648327)-(Sin[X0])))
19 : Expressao: (((0.17309972927060002+X1)-(Sin[X0])))
20 : Expressao: (((X1/0.3709653017866542)/(Sqrt[Abs[X0]])))
21 : Expressao: (((X1/0.9713477833107258)-(Sin[X0])))
22 : Expressao: (((X1/0.3816768760192374)/(Sqrt[Abs[X0]])))
23 : Expressao: (((X1+0.24937807275143797)-(Sin[X0])))
24 : Expressao: (((0.12454072938862759+X1)-(Sin[X0])))
25 : Expressao: (((0.17062942111893975+X1)-(Sin[X0])))
26 : Expressao: (((0.1597715507881704+X1)-(Sin[X0])))
27 : Expressao: (((X1/0.9603798377705647)-(Sin[X0])))
28 : Expressao: (((0.12333395804342806+X1)-(Sin[X0])))
29 : Expressao: (((0.20828042596679952+X1)-(Sin[X0])))
30 : Expressao: (((X1/0.3889906529495537)/(Sqrt[Abs[X0]])))
Erros: 

1 : 

x <- c(1837993.6047948878, 2113252.7722784034, 752565.5911849852, 1067456.2009609328, 2436354.9053693865, 2428997.323466668, 4831805.954428808, 18135.170509735388, 1530410.8334819577, 279829.6632141859, 923223.4628244232, 32544.02700657085, 177440.93239244111, 1748014.5901024016, 783251.6856514447, 9839.138041285692, 216347.57471642972, 894176.9942064112, 33270.06836799217, 36493.54756868076, 552726.6710348817, 1943122.227891378, 2022438.4616133948) 

2 : 

x <- c(2101463.4883045102, 2493952.0448343144, 1017914.5615285457, 1356878.2495465383, 2859178.54093862, 2008558.4922027139, 4572275.2955607455, 8948.361480872405, 1632657.0491952547, 308573.0556654524, 906123.07438731, 46450.814630979796, 255569.6468772171, 2080779.1402858847, 1047625.1506148075, 52177.356801031165, 134253.87711599743, 988104.3549592496, 51406.77287287564, 62517.32214338814, 675536.700380411, 2232881.78916059, 2392166.5241686474) 

3 : 

x <- c(2137064.6392319454, 2532722.194230782, 1042737.5919259487, 1385514.704672522, 2900680.0056032846, 1974048.8859326146, 4520132.05830446, 11411.259124365724, 1601558.523828802, 295137.7388240201, 882993.3445323224, 51871.076583122915, 268082.33751807845, 2116205.3875581827, 1072805.6727874193, 57913.072397373704, 125442.75992611951, 1012563.4118304634, 57101.08500556845, 68781.54425191828, 695786.3908808712, 2269574.642708853, 2430140.3530632765) 

4 : 

x <- c(1795280.8919603273, 2159323.0574024925, 808481.3435080356, 1113213.9732681038, 2500032.008590844, 2331722.371783112, 5053726.775539455, 230.00252588684577, 1925201.4941607676, 442564.39860953996, 1127135.9374249163, 11185.790369982782, 156639.71327265765, 1776166.559776518, 834982.9216251855, 14080.675213389473, 226736.27234643974, 781938.331092648, 13681.747860939464, 19676.522473978774, 507155.88947111124, 1916899.5668440966, 2064685.6766452142) 

5 : 

x <- c(665592.9379940574, 566456.8060563842, 208457.57459680052, 914867.1464352949, 1530022.3828327756, 3538956.081648461, 6459278.796433379, 71886.57400946904, 1786667.1887132167, 574672.9051225701, 1056816.1075605366, 146156.42770564498, 102628.57404068661, 423688.9293988875, 144875.15802900525, 4113.647278970161, 882648.531687123, 10726.879667829095, 2552.002629804251, 46.45365793640908, 108398.12635232348, 560067.6446299698, 519321.28270504635) 

6 : 

x <- c(1981294.2631219437, 2362882.852328681, 934817.3522303585, 1260664.5287268858, 2718714.819699902, 2129539.5767844454, 4753908.350604086, 2760.219428737768, 1741905.508864228, 357067.81108846824, 987962.366293005, 30090.634112515778, 214814.61678601016, 1961211.5071029325, 963298.3261223802, 34732.15385439842, 166843.4102456349, 906259.0552409469, 34103.979714469606, 43254.28817880043, 608169.778086527, 2108957.58491768, 2263836.32555444) 

7 : 

x <- c(2038073.343064177, 2424852.10745337, 973944.0621146205, 1306036.8529842293, 2785157.413912328, 2071491.4911139163, 4666979.962587106, 5265.578046990097, 1689444.0801847149, 333535.12675043393, 948552.2044733115, 37439.554187247886, 233779.49304477326, 2017704.1304188438, 1003010.5348504421, 42597.722861386705, 150884.22476055427, 944789.6504911347, 41901.73826600595, 51985.44339863103, 639806.2870552472, 2167524.651791616, 2324501.369602273) 

8 : 

x <- c(1756352.2370617816, 2017623.4589797575, 693580.6894747658, 998713.1301572059, 2332364.9762478243, 2538297.2648656596, 4953066.1644871645, 13496.028433824373, 1576380.5501983631, 301065.65691667877, 967692.3371553875, 24085.329109752547, 153384.70612204808, 1662327.51491488, 723490.8695000992, 4301.919415972848, 246028.65244334668, 844960.3380093497, 24452.901656720114, 26796.664987633063, 510344.3821346136, 1857593.289807658, 1929154.3679965578) 

9 : 

x <- c(950559.1753862723, 846165.9914141793, 388608.2234811651, 1244924.631022602, 1953142.6090679644, 2942769.89415713, 5819678.861466862, 28946.557366909314, 1482831.682759457, 397907.0645007696, 783444.8661116499, 279311.5785638598, 234117.49320963322, 669474.6946895636, 299596.12738414144, 8968.619576230218, 626840.1629094037, 55367.13012958193, 8100.726559257287, 24161.33671447751, 233742.03097307298, 824411.2069979263, 784807.2813850592) 

10 : 

x <- c(480840.8283208805, 647044.8794756045, 598436.3722863081, 1960838.566032745, 2548090.7791992086, 2326901.3953559524, 4764054.659064368, 139939.9985597372, 2490239.0920543578, 1029299.4500697247, 1832063.0715858373, 2239.7008803037156, 513.338623021096, 397714.6394951015, 424383.70682538656, 124085.95295390046, 395400.0014403384, 30288.345459244898, 65012.49629830562, 51709.282122087374, 24929.32445536036, 475357.2112075558, 675118.3911432965) 

11 : 

x <- c(2139044.699576938, 2466213.9962864076, 978506.9182816755, 1326686.3652315116, 2819069.7841968755, 2064604.836247728, 4418322.519897846, 39817.467826996726, 1374533.207491072, 211476.65298317635, 775501.9714227433, 72262.06451152223, 275676.02306712524, 2065618.8379063292, 1011632.7581470268, 47118.9002341705, 127310.01613610804, 1077837.1566506382, 74911.0624019671, 82325.34681058103, 714763.1670276711, 2258366.2981796092, 2367080.708524059) 

12 : 

x <- c(2098917.309367099, 2491178.1956362003, 1016142.7147768181, 1354832.4350379305, 2856208.465940692, 2011049.2782639551, 4576032.934037028, 8782.933067053984, 1634902.7730747887, 309549.8021917188, 907796.2963330903, 46072.920383010576, 254682.21149050636, 2078245.5269464548, 1045827.6205923416, 51776.79942648761, 134898.40740722933, 986358.657146507, 51009.19004611458, 62078.795291551985, 674093.4159479177, 2230257.179064974, 2389449.885000151) 

13 : 

x <- c(1839673.559534857, 2207982.8124855584, 838361.1661163192, 1148228.609661609, 2552369.5064613326, 2281710.217400152, 4979970.764147155, 1.6871542681187264, 1879782.3936580357, 420928.981562178, 1092446.8982072996, 14939.595035021786, 169943.5427037662, 1820323.71786458, 865344.1104137686, 18259.24130316434, 211327.3854672042, 811328.0597793809, 17804.56378097376, 24566.727764079154, 530877.665069495, 1962762.2227010017, 2112273.178365163) 

14 : 

