med: 20.7141091871469/desvio: 0.581596408194527


Funcoes: 

1 : Expressao: ((1.0-(0.9978233036095586-X1)))
2 : Expressao: (((X1/0.5854389860894628)-(X0*0.7114651111788002)))
3 : Expressao: ((0.2066801583982083-(0.2046102377771558-X1)))
4 : Expressao: (((0.6341682285979715+X1)-0.6327234178423873))
5 : Expressao: (((0.22960638317794524+X1)-0.22611805115637673))
6 : Expressao: (((0.00433941517122316+X1)/0.9961839681171428))
7 : Expressao: ((-0.29095786585903693+(0.29321312574858727+X1)))
8 : Expressao: ((0.0024886029823494304+X1))
9 : Expressao: ((0.4993581208319204*(X1+X1)))
10 : Expressao: ((0.002792077569180207+X1))
11 : Expressao: (((X1-0.9153948140516927)+0.9165936464759408))
12 : Expressao: ((0.6340155737340423-(0.6331588799818113-X1)))
13 : Expressao: (((X1-0.7572515345058426)+0.7579313024422087))
14 : Expressao: (((0.7117288989508*X1)/0.7131679852516472))
15 : Expressao: (((X1/0.8883215682675126)-(X0*0.14249056151991657)))
16 : Expressao: (((0.7413543483956772+X1)-0.7394654769799768))
17 : Expressao: ((0.49402858537411604/(0.49280687069098517/X1)))
18 : Expressao: ((0.6749786046139835+(X1-0.6728136230581184)))
19 : Expressao: (((0.5959542921572308+X1)-0.593143860710338))
20 : Expressao: (((X1+0.8481858952966527)-0.8467299591361678))
21 : Expressao: (((0.6391513360937686+X1)-0.6380509954684359))
22 : Expressao: (((X1-0.972364328626242)+0.9734581397887602))
23 : Expressao: ((0.07436815114816464-(0.07181755567795334-X1)))
24 : Expressao: (((X1/0.8321908653662528)-(0.2083677955937865*X0)))
25 : Expressao: (((X1-0.7315478571523285)+0.7338169765334118))
26 : Expressao: ((0.5817789741269561-(0.5795697081486725-X1)))
27 : Expressao: ((0.9141388478248093*(X1/0.9186685039969736)))
28 : Expressao: (((0.9958247763209939/X1)*(X1*X1)))
29 : Expressao: (((0.6066438557448686+X1)-0.6044267237920139))
30 : Expressao: (((0.5353965328645302+X1)-0.5326433076522485))
Erros: 

1 : 

x <- c(183.58701719278895, 3.883151379798596, 350.04272103267584, 434.2817871526287, 29.166170726541026, 346.31083529934386, 591.0038785536265, 547.5332619259057, 55.79236460625692, 107.34143835331679, 0.0573260864164845, 708.5939825391694, 61.456641819581264, 267.9956057801193, 108.17188405998476, 571.1826905925612, 1.9584005930575759, 296.2037656201372, 137.8410152333471, 24.90580223319896, 147.3657283528209, 44.097187633235194, 383.79048516685424, 29.26191849963569, 146.6382626328222, 221.3973974460924, 15.283632499668807, 78.13549915289443, 739.8710808603532, 279.2431942867908, 837.5566691003953, 51.5606046732466, 0.10276597976219974, 67.3947190329074, 4.204842793133629, 29.696272792967747, 14.217208179838401, 158.99769129947788, 129.94697392617033, 248.67488047273895, 351.54107532600904, 188.7719000861196, 306.23000365936394, 279.5392949393861, 77.42994485955961, 641.5799565791967, 4.412399926467873, 319.3164808726932, 53.86721315292652, 176.3432257127939, 0.03219464641783056, 946.7577404724066, 7.62075408648218, 657.4388983003275, 1.7940691530588933, 73.26381909956284, 594.844230685887, 42.1275162332307, 1684.3284953673362, 114.7163382866571, 22.557072659650025, 23.722465113196257, 795.771865699133, 364.06820240683686, 3.5742599664631274, 723.6407380603491, 261.8108886734485, 329.7648494993522, 61.92790753957927, 489.71161311260363, 298.57865504603853, 400.7775241393114, 190.7003200994512, 57.751316059585584, 4.496822779801568, 1.717597219784264, 753.4711341258169, 66.43181305993323, 72.94135869994346, 449.41577579262133, 10.045278073018778, 566.9433072202847, 39.18044723294983, 2.990923513050242, 598.3195499536314, 2218.4638199274555, 5126.641815261342, 74.12226196622956, 408.01691845931003, 36.2472791798881, 285.62931139346165, 2269.5151636853666, 362.1191553793287, 537.7496018859113, 50.68626453959603, 31.928956393213213, 1021.4050806990575, 173.96102855279506, 4.975448473138386, 357.9880195801722, 165.62219420613715, 568.318359152557, 71.73122193956817, 23.141596553194358, 261.45042340606636, 260.8040462594007, 252.15625477940722, 346.68312387268935, 67.72349617957333, 2.7206149263863324, 36.24727917988537, 680.1365995791742, 89.69172137996087, 768.36672560581, 124.97962531284251, 18.05764399299442, 191.5614148333924, 512.0910417792594, 15.91554108633358, 2.2482863263886013, 115.33532808618435, 370.9255925659953, 2497.0579993808633, 26.63149648653446, 188.77190008612428, 1152.5637067923558, 486.6183930992646, 64.15094756624441, 1.8209577263922883, 912.6095803657555, 86.68673855329344, 2626.621061994199, 280.2084720860593, 2865.52206727427, 6.252856993143772, 179.30740063338132, 3463.3897462610735, 698.5751010069979, 198.26248907339794, 779.4944970724621, 38.69550771322359, 850.855568739114, 401.1780127126624, 41.724218699612656, 100.38895080619972, 211.68587452610515, 134.80536668667636, 234.68489467274753, 548.4696390725737, 109.39964803285778, 270.29238576678733, 1818.218323634021, 451.1133300859522, 8.764982619820833, 1451.653535927258, 168.23572071337614, 3373.220034245181, 128.1294653395032, 1.1436776730651323, 4.1232199397990055, 489.7621875402496, 1486.0584505255654, 1032.942875019065, 65.92512187291071, 0.5467547530720972) 

2 : 

