med: 956.7230796841048/desvio: 272.8971174243881


Funcoes: 

1 : Expressao: (((0.6371399592690621*X1)/(Sqrt[Abs[X0]])))
2 : Expressao: (((X0*0.7189154622006088)+(X1-X0)))
3 : Expressao: (((X1*0.5427851828096305)/(Sqrt[Abs[X0]])))
4 : Expressao: (((X1*0.8155904553044964)-(0.21791545744196938*X0)))
5 : Expressao: (((X1*0.5942931635988056)/(Sqrt[Abs[X0]])))
6 : Expressao: (((X1*0.7051196788344488)/(Power[Abs[X0],0.22876487557505754])))
7 : Expressao: (((0.5767723329082844*X1)/(Power[Abs[X0],0.4513834159702277])))
8 : Expressao: (((0.5876660238869419*X1)/(Sqrt[Abs[X0]])))
9 : Expressao: (((X1*0.5698230593597454)/(Power[Abs[X0],0.2510154298494087])))
10 : Expressao: (((0.5734666562202724*X1)/(Sqrt[Abs[X0]])))
11 : Expressao: (((0.5502876732666221*X1)/(Sqrt[Abs[X0]])))
12 : Expressao: (((X1*0.700632855223585)/(Power[Abs[X0],0.16965766935905668])))
13 : Expressao: (((0.5550165217145805*X1)/(Sqrt[Abs[X0]])))
14 : Expressao: (((X1*0.5901869291002965)/(Sqrt[Abs[X0]])))
15 : Expressao: (((X1*0.7042783287007558)/(Power[Abs[X0],0.39021647935475745])))
16 : Expressao: (((X0*0.7315678504875537)-(X0-X1)))
17 : Expressao: (((0.7798865838818203*X1)/(Power[Abs[X0],0.2511123742275385])))
18 : Expressao: (((0.5817521224634525*X1)/(Sqrt[Abs[X0]])))
19 : Expressao: (((X1*0.5275186067351515)/(Sqrt[Abs[X0]])))
20 : Expressao: (((X1*0.49463287906527786)/(Sqrt[Abs[X0]])))
21 : Expressao: (((0.5816243237215402*X1)/(Sqrt[Abs[X0]])))
22 : Expressao: (((0.6189998895823715*X1)/(Power[Abs[X0],0.2802091083695002])))
23 : Expressao: (((0.488634853310731*X1)/(Sqrt[Abs[X0]])))
24 : Expressao: (((0.5922768121457774*X1)/(Sqrt[Abs[X0]])))
25 : Expressao: (((0.5520166069314241*X1)/(Sqrt[Abs[X0]])))
26 : Expressao: (((X1*0.5600741381537023)/(Sqrt[Abs[X0]])))
27 : Expressao: (((X1*0.5865007004200385)/(Power[Abs[X0],0.31114091235786767])))
28 : Expressao: (((X1*0.5389120605917961)/(Sqrt[Abs[X0]])))
29 : Expressao: (((X1*0.8551868941025489)-(X0*0.2342823626040179)))
30 : Expressao: (((X1*0.5187509406905966)/(Power[Abs[X0],0.5170708967318446])))
Erros: 

1 : 

x <- c(224962.6473261911, 335426.1825502429, 1728993.0711833464, 919422.5784602916, 2.147714496805573E7, 46351.987622069886, 42934.871552762976, 545836.1188487425, 155839.18523664353, 983357.3417703923, 76627.80244552834, 30780.116657878243, 7240.80848952825, 216100.44854718266, 401858.91800674837) 

2 : 

x <- c(463150.5177136561, 515753.635979343, 300853.8038256355, 1225300.7510204238, 886755.8522165975, 398769.13124806626, 37971.24136074368, 498200.0698767741, 17913.002304909383, 1304138.4625994244, 225953.07199282528, 57699.13804792681, 63565.003612791574, 120004.46334830316, 471062.6158412545) 

3 : 

x <- c(170802.87460586065, 325817.24299646, 1257557.795433457, 917399.0240490589, 1.3449068156060025E7, 1281.9295246011836, 75116.95484257772, 459495.95446877717, 186632.22299437103, 1201197.9136245204, 6710.448370639091, 10350.35812983653, 13062.70900588224, 175509.5176426773, 368474.8164713481) 

4 : 

x <- c(314389.637288886, 457993.7648305437, 200857.0082334022, 1150016.7491659105, 1249272.0535548748, 116970.947402486, 67038.45526164748, 419021.32857312274, 55602.49065597779, 1538823.1052327312, 41356.04512291413, 24244.887260681757, 60466.909723283796, 99049.661588832, 409567.80692842114) 

5 : 

x <- c(199445.53382749506, 331045.42536690383, 1505630.8810368911, 918503.3998358082, 1.7599745499213148E7, 17899.139546150476, 56440.46125153574, 505708.00656201434, 169478.52728837656, 1079580.2299532439, 35461.63704609914, 20156.20330012344, 9673.198208812213, 197145.09104335282, 386519.6872000995) 

6 : 

x <- c(200188.7482364954, 329841.1407876678, 486032.35735071165, 918587.7105034924, 9036.19988498354, 117032.60181932864, 3302.3856125697057, 620307.4079470587, 155899.10042377046, 1240101.8769942336, 72693.02528274895, 102918.9560727654, 3505.1838923719715, 168198.74884510867, 355900.795328718) 

7 : 

x <- c(179898.05223580138, 327291.4652058401, 1089723.9992307439, 917768.5690104158, 7817231.418936658, 10017.831225080208, 55793.05694175715, 490737.5376171721, 178679.92890090586, 1189994.0431119932, 16774.946482774227, 19872.01919531732, 10623.343471661445, 177236.06093464524, 368720.60074801743) 

8 : 

x <- c(195635.9088532787, 330370.42233978945, 1472462.2713543451, 918361.270973419, 1.703446632413519E7, 14684.800643377075, 58694.04489960025, 499638.16030285537, 171639.21902700115, 1094864.0807904785, 30493.378706710006, 18713.06510474719, 10080.816604768377, 194290.93645483808, 384173.8123241336) 

9 : 

x <- c(142779.576068666, 319314.50071409263, 359870.31626052, 916268.0059946214, 11546.111044591362, 7288.73611147619, 32456.206469417313, 488522.0872786881, 194817.3754292616, 1473811.79048237, 772.0163484490672, 36426.70383665536, 10471.330002846273, 134090.495534862, 327298.0608063552) 

10 : 

x <- c(187597.05059203092, 328926.47414456477, 1402638.6668814037, 918056.781451016, 1.585435787799442E7, 8867.876781408511, 63671.11357814511, 486756.23508577736, 176314.81359101424, 1127973.0747683397, 21110.11746167295, 15801.43685094071, 10982.503900233, 188245.66513092685, 379171.5601162094) 

11 : 

x <- c(174836.7983172888, 326576.1743861336, 1292302.7962657802, 917559.8426172483, 1.4018962715999544E7, 2507.6087447987666, 72230.78446084677, 466089.31226491375, 184082.22788708887, 1183079.6770211435, 9489.590260189301, 11577.186478863066, 12537.38595587357, 178582.66500638, 371076.3370282466) 

12 : 

x <- c(185889.36966527379, 327068.6704911034, 348857.23613415303, 918057.4684656541, 161705.48910298638, 110914.00159654376, 1347.6833872185596, 617371.8337792252, 161535.79619424767, 1329249.421864767, 53523.15011932858, 114684.49021139716, 3547.321303542542, 154185.29365621597, 342999.09425221424) 

13 : 

x <- c(177403.5858259871, 327054.9853571151, 1314445.9667200246, 917661.2144178549, 1.4384245143989675E7, 3489.467771215692, 70440.66918516198, 470269.26278091146, 182483.96845315694, 1171730.4239226803, 11488.082606381096, 12385.755528366013, 12211.812008028628, 180533.38554338962, 372720.7873214347) 

14 : 

x <- c(197080.72724780368, 330627.1063279803, 1485035.7805992132, 918415.334237055, 1.7248406166938413E7, 15870.047500916084, 57831.60287176583, 501942.75723937573, 170815.69815273088, 1089037.5791821051, 32339.093349070794, 19255.705573750303, 9924.77085362114, 195374.1790147585, 385065.3208504015) 

15 : 

x <- c(237788.9368851405, 336937.5599753822, 1162335.5220514385, 919890.4064772296, 5701385.442987173, 116961.31097441002, 14596.048934311473, 614875.0053670479, 143999.06443816616, 1008126.1186966288, 125256.59939153041, 69420.7017191627, 3889.7384212423326, 210579.0621621394, 394194.34682251635) 

16 : 

x <- c(454336.60959922976, 507180.4152695501, 299990.2199745129, 1210702.2933278834, 886952.7827775823, 414122.40486350225, 29198.784818665754, 516161.75699307333, 20213.460417474624, 1294698.4105291942, 233793.51979701198, 68470.26686448693, 57107.54012424969, 122846.05216417744, 466173.1010100065) 

17 : 

x <- c(244265.4025837236, 337204.1355179472, 669465.0038840211, 920142.4182961356, 305720.98530661257, 234538.44954337738, 14.230308705957524, 698829.4255349275, 133840.11419536552, 1073617.272588708, 177413.93354368376, 144384.55698279952, 1295.942208904973, 197281.45504621533, 379821.0483103461) 

18 : 

x <- c(192267.30835248498, 329768.64738789323, 1443175.3237032064, 918234.4478520163, 1.6537815343734434E7, 12084.790820147538, 60742.337708611165, 494252.5177441692, 173578.9248973266, 1108593.7332821283, 26376.2721679101, 17470.499881333766, 10451.668245736148, 191761.52914041345, 382086.43866013887) 

19 : 

x <- c(162739.74917352083, 324275.6440657681, 1188318.2690062812, 917071.8230470958, 1.2325921643017126E7, 45.73057476319793, 81164.507377422, 446224.3699748567, 191875.28731923786, 1238491.2648660706, 2538.40340076467, 8066.035974214554, 14164.961127973324, 169338.42687100943, 363209.3236127592) 

20 : 

