med: 948.5450648158302/desvio: 1404.7191193466083


Funcoes: 

1 : Expressao: (((X1/0.8636683390491439)-(X0*0.2025052800382091)))
2 : Expressao: (((Sqrt[Abs[X1]])*(X1-0.19603279771958348)))
3 : Expressao: (((X1-X0)-(Power[Abs[X0],0.9499952876159646])))
4 : Expressao: ((0.9649976194767457-(Power[Abs[0.4694870973470935],X1])))
5 : Expressao: (((Tan[X1])-(0.12508497214952974*X0)))
6 : Expressao: (((Sqrt[Abs[X1]])*(X1-0.1997582104448492)))
7 : Expressao: (((Sqrt[Abs[X1]])*(X1-0.20270187323217947)))
8 : Expressao: (((X1-0.1980809034995188)*(Sqrt[Abs[X1]])))
9 : Expressao: (((Sqrt[Abs[X1]])*(X1-0.16095585644958232)))
10 : Expressao: (((X1-0.2071255645645944)*(Sqrt[Abs[X1]])))
11 : Expressao: (((X1-0.18368496586292737)*(Sqrt[Abs[X1]])))
12 : Expressao: (((Tan[X1])-(X0*0.12309544975713094)))
13 : Expressao: (((Tan[X1])-(0.16683557115482717*X0)))
14 : Expressao: (((X1/0.9237217461217382)-(0.11652425256192411*X0)))
15 : Expressao: (((X1/0.7041902106061777)-(X0*0.45980471758854846)))
16 : Expressao: (((Tan[X1])-(0.1495047765515437*X0)))
17 : Expressao: (((Tan[X1])-(0.16447255168755914*X0)))
18 : Expressao: (((Tan[X1])-(0.15930145528392925*X0)))
19 : Expressao: (((X1-0.09396076116700836)-(0.21229253976535145*X0)))
20 : Expressao: (((Tan[X1])-(0.13802006406757195*X0)))
21 : Expressao: (((X1-0.20178763312450543)*(Sqrt[Abs[X1]])))
22 : Expressao: (((Tan[X1])-(X0*0.14413901342678304)))
23 : Expressao: (((Tan[X1])-(0.1411560893233924*X0)))
24 : Expressao: (((X1/0.6919193686770339)-(X0*0.47081702704407935)))
25 : Expressao: ((Tan[(X1*0.8894675770316445)]))
26 : Expressao: (((X1-0.1743985498545938)*(Sqrt[Abs[X1]])))
27 : Expressao: (((X1-0.1685292813906073)*(Sqrt[Abs[X1]])))
28 : Expressao: (((Sqrt[Abs[X1]])*(X1-0.16661027761588854)))
29 : Expressao: (((X1-0.18619387923784925)*(Sqrt[Abs[X1]])))
30 : Expressao: (((Sqrt[Abs[X1]])*(X1-0.18326516086764755)))
Erros: 

1 : 

x <- c(10.574549606962542, 2.225642183026264, 3.5229043074209017E-4, 26.521211244753932, 105.13438168321795, 23.84497651666936, 5.141298183114736, 11.747773099888526, 143.04844492460515, 4.374471960236436, 152.66822382094512, 15.278335985054293, 103.94613182551929, 149.70358277873734, 52.37141331379049, 1.4829695586148215, 104.01169622378664, 74.93412900605527, 1.7121806452875807, 107.01454440778585) 

2 : 

x <- c(16.802336008173942, 32.47269036239847, 26.4373533041937, 99.81078432495086, 304.61760804101567, 142.45701385380502, 1.2335951988349894, 39.0785890578855, 215.4541701594616, 27.427876684305936, 62.58057610400187, 246.97461654563986, 0.2991437015874935, 17.163406015952162, 525.0588017078304, 1780.9461510638557, 807.3244013411811, 1458.7741925605847, 3213.339560383322, 4681.466888595087) 

3 : 

x <- c(18.696037563499516, 5.459148927899908, 40.51207457429128, 240.30376022603107, 475.57613269344387, 733.8036758387523, 1601.1588652493376, 3143.7207226428463, 3719.666005915434, 2697.75471698032, 7303.610432446548, 4651.069691441478, 9926.688623665523, 9248.703932040864, 11203.164158712065, 13949.685886473468, 19778.207705432582, 18278.688219458865, 19670.140394356546, 19581.451409480927) 

4 : 

x <- c(20.657492866470854, 14.517345186931598, 6.751766013601537, 54.916503007874965, 233.11864639146063, 268.122410797924, 142.90775288463556, 212.07878086549866, 628.8916765534016, 419.35276574352815, 977.1227748755418, 636.128593077747, 1117.7338780057082, 1902.5585337609643, 2392.6915500930886, 2055.735393122401, 2732.9401790571396, 3418.6270388956004, 3264.2159870610867, 1863.502259348129) 

5 : 

x <- c(11.660067050908488, 4.0660617153002665, 0.2679779254135799, 30.326081645211943, 116.56966048769, 0.08081507139224126, 534.877328752633, 106.5991272507626, 58.499897132096166, 1.8641201884552827E8, 115198.62221754431, 12028.467636282097, 28922.604614646687, 11992.237320085103, 8221.814794675964, 6536.986134175117, 8405.878763518947, 8250.021992319544, 7054.171862331185, 5139.419830558506) 

6 : 

x <- c(16.95529158675547, 32.82915490888709, 26.86258314142895, 100.65397284074392, 306.66668125257945, 144.46853897993492, 1.4546481195448286, 40.229667729231174, 218.24456120274363, 26.259847190716496, 64.33995941347754, 243.0539766220006, 0.18234298332453133, 16.103466113015912, 518.4794323123324, 1768.1637607176535, 798.9092404281998, 1446.8962739504202, 3194.894781396979, 4659.3192576795245) 

7 : 

x <- c(17.07664074133182, 33.11219425415419, 27.200981084115384, 101.32273291647263, 308.2906297006743, 146.06793446455094, 1.6421923395388773, 41.15101768339076, 220.4621071926037, 25.354894519432616, 65.74739915204766, 239.97823936284, 0.11039509761858746, 15.289837729090305, 513.3100328722115, 1758.096218926798, 792.291119245991, 1437.5451883851536, 3180.3580488209823, 4641.856281518068) 

8 : 

x <- c(16.88634003414247, 32.66842167849734, 26.670710402100745, 100.2739018877633, 305.74326903584847, 143.56113694876618, 1.3528691696497357, 39.70934537536557, 216.9860107354241, 26.78258825767383, 63.544806943849345, 244.81529919341978, 0.23137080263268983, 16.576506265192208, 521.4365532427348, 1773.9131280385245, 802.6925744067305, 1452.2381057977914, 3203.19267494994, 4669.284371830701) 

9 : 

x <- c(15.396152730941196, 29.2117818819503, 22.599917754732232, 92.04557681316754, 285.66118588665825, 124.20882085686017, 0.045066495609868557, 29.059757834854157, 190.06133931192528, 39.671750215748666, 47.21089667035442, 285.4278923893596, 2.8092922745289663, 28.799747466396504, 589.0414835694245, 1903.5572303322729, 888.7198896055901, 1572.9926264001158, 3389.6111675180614, 4892.57476991124) 

10 : 

x <- c(17.259816118087187, 33.539826139354204, 27.71350364783152, 102.3318995040097, 310.73913928814557, 148.4880393674624, 1.94540943435406, 42.55522525310077, 223.81568100994588, 24.02478570255624, 67.89111502317405, 235.39289983572087, 0.036045114660697576, 14.106791802673127, 505.59024455757947, 1743.0209248674787, 782.3972731960303, 1423.5495306321566, 3158.5748041335182, 4615.674846502839) 

11 : 

x <- c(16.300322113143125, 31.305106440596948, 25.052191897432028, 97.04140579593141, 297.87509371401393, 135.89067303466337, 0.6311075186624179, 35.38281587392168, 206.3338249967144, 31.4810138470524, 56.923514614270175, 260.1938189911416, 0.8919416549861464, 20.91809586808287, 547.1626417249528, 1823.6423880564382, 835.5315774743398, 1498.49057631321, 3274.8541384694913, 4755.250402560241) 

12 : 

x <- c(11.717267695205187, 4.074368287058942, 0.26202705016534206, 30.21519211947145, 116.34228359149523, 0.09283171334147845, 536.8166935592226, 107.71888752995474, 59.26153935270503, 1.864105625992214E8, 115249.87391021801, 12012.58129683957, 28890.919783139245, 11973.531590972907, 8203.627985696541, 6517.075987779831, 8380.821945737132, 8226.248898073345, 7029.96500812671, 5116.83375437079) 

13 : 

x <- c(10.491984587613514, 3.8937016291343864, 0.4082722797249526, 32.699978436891854, 121.39242398572244, 0.020702323029511104, 494.98888572034684, 84.45030593644785, 43.65302130594111, 1.8644257983161548E8, 114125.72270360714, 12364.267873907413, 29591.52410677142, 12388.149486792614, 8608.114563565794, 6961.810443261583, 8940.329857782657, 8756.81876609657, 7571.75601780303, 5624.867822656477) 

14 : 

x <- c(12.499699289359814, 3.238270518359412, 0.0225776362759545, 26.142341754756828, 111.72862977438503, 31.20679405624193, 4.126713877405565, 8.808043787620461, 140.0252648289456, 2.371435291503771, 140.05483637562446, 12.350014817523912, 88.38159887090653, 152.2599794025096, 57.19136350215271, 1.8741558927577815, 85.44536324558915, 71.46658817111583, 1.0856831701808118, 126.74601570994189) 

15 : 

x <- c(5.959967854154236, 0.2151162787813649, 0.31574979563756106, 25.65063616267531, 79.68863868741315, 4.00286209158217, 15.827889705165884, 15.063198076615505, 128.8188506563121, 26.466018151926825, 158.01544819838168, 46.515401362912534, 120.67068145171426, 101.20459919792592, 15.786096325937244, 10.926697439323817, 112.85923559521042, 43.34403078017551, 0.6779281282794621, 110.44381072804306) 

16 : 

