med: 700.7872802126462/desvio: 30.576636319270776


Funcoes: 

1 : Expressao: (((X1*0.6225356296863974)*(Power[Abs[0.7475567328553838],X0])))
2 : Expressao: ((1.0-(Power[Abs[0.5540841315677174],X1])))
3 : Expressao: (((0.5663044239349706*X1)*(Power[Abs[0.7430425162680488],X0])))
4 : Expressao: (((X1-0.10758443856199784)*0.7087259273277987))
5 : Expressao: (((Power[Abs[0.9412883780262704],X0])*(0.6620641069157549*X1)))
6 : Expressao: (((0.6801324841693557*X1)*(Power[Abs[0.7732736579625249],X0])))
7 : Expressao: ((0.6950482982566828*(X1-0.09738562155298935)))
8 : Expressao: (((0.7032283459882037*X1)*(Power[Abs[0.8428854064273186],X1])))
9 : Expressao: ((1.0048120118193156-(Power[Abs[0.5402301227879954],X1])))
10 : Expressao: (((0.756680000880845*X1)*(Power[Abs[0.9281441584329253],X0])))
11 : Expressao: ((1.0-(Power[Abs[0.5757972460472203],X1])))
12 : Expressao: (((X1-0.14443055285355166)*0.6850683547262639))
13 : Expressao: (((X1*0.656338429871571)*(Power[Abs[0.8087209717876596],X1])))
14 : Expressao: (((Power[Abs[0.7839431586472061],X1])*(X1*0.6935956664190074)))
15 : Expressao: ((0.999889418691723-(Power[Abs[0.5768021388526965],X1])))
16 : Expressao: (((0.6172446784275523*X1)*(Power[Abs[0.8893816616295332],X1])))
17 : Expressao: (((0.7337952878308617*X1)*(Power[Abs[0.8376192882869324],X1])))
18 : Expressao: (((Power[Abs[0.729213903490047],X0])*(0.5900833798771621*X1)))
19 : Expressao: ((1.0-(Power[Abs[0.5515197841379171],X1])))
20 : Expressao: (((Power[Abs[0.8772592558382301],X0])*(X1*0.6994672064235588)))
21 : Expressao: (((Power[Abs[0.8634159709577525],X0])*(X1*0.6582558772895188)))
22 : Expressao: (((X1*0.6939849423342221)*(Power[Abs[0.8131748416919012],X1])))
23 : Expressao: (((Power[Abs[X1],0.03742047967449058])-(Power[Abs[0.5704574197622327],X1])))
24 : Expressao: (((X1*0.7858935543599622)*(Power[Abs[0.8751220990904646],X0])))
25 : Expressao: (((X1*0.6495728266155799)*(Power[Abs[0.8173968856916437],X1])))
26 : Expressao: ((1.0-(Power[Abs[0.5485534012661628],X1])))
27 : Expressao: (((Power[Abs[0.8908715569847592],X0])*(X1*0.6190051554988321)))
28 : Expressao: (((X1*0.7322137166936995)-0.040155432376253505))
29 : Expressao: (((X1-0.0891384213281905)*0.7497620682069484))
30 : Expressao: (((0.751990214090757*X1)-0.060930036873033125))
Erros: 

1 : 

x <- c(104082.9023918101, 817582.8829329527, 665.2767878206004, 97169.31361882707, 5941.603507577999, 317066.2118997579, 449354.96922289935, 1562059.1312756839, 13883.930492778509, 518570.5662247674, 107615.47571014248, 76082.53696233724, 95436.8252792776, 1233600.1638574733, 1001201.4285421731, 104639.86918944343, 132144.61247271573, 218645.54166382202, 256827.27566965122, 1035213.92481322, 106559.21993642619, 234553.8654060137, 217267.04935459516, 23374.78794680321, 577832.932016383, 2308046.4321067077, 40758.37889158781, 520437.40234347736, 30431.87795101787, 484382.281302272, 329259.0282181818, 808294.7539258089, 74925.39687377788, 532013.4016708425, 228053.4697082468, 255137.5568682667, 1618277.6660836306, 2499151.2249823003) 

2 : 

x <- c(113881.87766612963, 880382.0048480404, 18119.24219235525, 67023.47758818504, 7068.965842229226, 310832.8802977442, 557315.0957457578, 1379747.3532682746, 60123.16622388628, 425652.85672291776, 171971.36751576178, 102627.88789683988, 103069.9153933535, 1261230.153769651, 1439292.990863369, 75343.12018813849, 95157.21170976546, 249048.72268544236, 316008.58961615595, 956887.0227587719, 312401.50931515405, 250262.66156563224, 291745.1215290437, 42839.92883667936, 553608.9959152091, 2621833.0953038284, 208469.01349850805, 344589.29343201505, 32495.909892281565, 438482.4267026349, 424415.1147541488, 759436.7211779652, 193124.03065074485, 557523.6948609034, 384189.3736553834, 296395.8214374894, 1632585.8450896235, 3080483.707604135) 

3 : 

x <- c(114126.41291612267, 862950.9456172312, 872.2888101704319, 110480.10984941681, 10186.839167001695, 334564.53466706985, 499302.2216253812, 1449219.7078946133, 21767.526990160237, 475232.26593247, 123225.21879307546, 93168.70129088289, 112772.94923157965, 1294095.59213731, 1132152.3790632351, 71174.97830638247, 137386.77928110427, 240062.5927457522, 292688.20467945613, 959345.0494717233, 90474.95388938622, 238907.95162381209, 245653.87393870877, 35951.43307665716, 613132.8627879923, 2450520.1307877223, 78841.36153813335, 560387.8506303687, 45252.00592364067, 515879.75376817875, 379740.02481976256, 735894.6681133788, 65048.17220196536, 540292.0093974859, 271360.7172270522, 297534.5041971182, 1713206.810749597, 2713914.55488274) 

4 : 

x <- c(110180.25403093049, 764936.3153316565, 48599.71523858119, 29096.891815783434, 107.01073979867164, 293766.73790833086, 354785.02325139573, 2174990.3628274207, 32511.613780500396, 487208.6648833949, 153887.03287497893, 48483.70435801724, 49109.93141493498, 1047772.5328064997, 530288.949379443, 808691.505915326, 100514.49777714434, 205476.38358601776, 174113.6032117073, 1418089.5519776666, 308025.979718463, 292795.88781198964, 211488.51706179458, 833.0393683228705, 439241.0474403521, 1821348.9187806635, 137818.82599337658, 99243.88618696506, 6327.112591220243, 328513.14073312026, 173072.07869615534, 1328108.3099328117, 224623.24603751098, 615005.5977902028, 193624.21631362097, 86636.0916615393, 1087281.7879969548, 1303939.614696091) 

5 : 

x <- c(89672.96693327237, 733603.1989141534, 32696.76705881481, 34433.23423956056, 6.105725941283344, 268382.29175873625, 353351.7354632264, 2041891.995019982, 2171.0681380502583, 422103.84698289016, 122503.43547419587, 44555.31786304264, 48725.85967613512, 1045854.5690927301, 629098.5028818024, 542718.862807495, 90282.04686670538, 184972.24687756362, 175950.63894250436, 1351986.8547758653, 197378.26454663175, 242137.29408713497, 191461.02161640578, 1751.7606485049132, 440730.61737216596, 1901457.0161233798, 43831.515442797725, 180868.7478154946, 677.2729258569801, 338984.0864591057, 194225.38296066158, 1207163.699815628, 139380.18226684962, 541893.7573482193, 186441.32165702005, 111879.7605786657, 1183967.2771310145, 1584779.7960129716) 

6 : 

x <- c(93311.88745576136, 765779.0249803099, 9305.710536667964, 77542.17399731954, 2093.726987178836, 295146.6425999876, 393074.967561351, 1726567.006953687, 5123.368434086022, 545011.5295536085, 95953.15609995717, 57737.509168436125, 74620.63050051894, 1155444.1363191558, 839622.065997223, 176868.588712207, 122784.98153874475, 195323.70601882375, 215325.93360017525, 1145294.943345995, 132523.38609581185, 231626.14553867068, 189122.98603921419, 11041.48626924067, 529253.8377948054, 2128738.4935886087, 6634.221802204378, 445467.7870975836, 13439.091184256073, 438512.09637584875, 268376.1631956982, 922549.4347387083, 91477.28396802464, 525761.5192167353, 185903.51987184375, 200187.1778315255, 1480388.2335546245, 2195473.9625722496) 

7 : 

x <- c(109127.40244856637, 766893.936592198, 44097.136184925184, 29818.841368924583, 140.97661783925142, 292608.0065002173, 359998.03169129463, 2148695.1734600193, 26955.305709812055, 471616.657248262, 153316.3569725241, 49615.21701939595, 50236.42278428, 1052952.6928421461, 550127.9335927431, 777998.246624654, 99009.1351239338, 205796.064354182, 177598.25875590695, 1402989.7713400184, 292598.1958428194, 287752.0862673555, 213136.82498326837, 1164.527367821769, 441669.6267184624, 1843187.1052045678, 122051.36873741615, 104435.63624110189, 5150.030765292633, 330960.00202607986, 178991.4783094926, 1308829.5539769074, 213292.96274629698, 608133.6913231775, 198332.15019807243, 91102.73698507067, 1102014.729302922, 1342953.896908546) 

8 : 

