med: 0.7480064176995131/desvio: 0.20913258316638839


Funcoes: 

1 : Expressao: (((Power[Abs[0.269300005062052],X0])*(0.4151344651665452+X1)))
2 : Expressao: (((Power[Abs[0.3765317560155145],X0])*(X1+0.3120499014713799)))
3 : Expressao: (((X1+0.5205115846929862)*(Power[Abs[0.5822872833619299],X0])))
4 : Expressao: (((X1/X0)*(Sin[X0])))
5 : Expressao: (((X1+0.16851997546540998)*(Power[Abs[0.679008023439472],X0])))
6 : Expressao: (((Power[Abs[0.6049888144018485],X0])*(0.26056167590349044+X1)))
7 : Expressao: (((Power[Abs[0.37213598119054403],X0])*(X1+0.4780219729490114)))
8 : Expressao: (((Sin[X0])/(X0/X1)))
9 : Expressao: (((Power[Abs[0.5385532312890688],X0])*(X1+0.4052875592057682)))
10 : Expressao: (((Power[Abs[0.5668751826802209],X0])*(0.3730873248925175+X1)))
11 : Expressao: (((Power[Abs[0.5395783447443084],X0])*(X1+0.34405556243159574)))
12 : Expressao: (((Power[Abs[0.46275690861722696],X0])*(X1+0.2773224944682604)))
13 : Expressao: (((Power[Abs[0.6424307604244136],X0])*(X1+0.3572196476877021)))
14 : Expressao: (((Power[Abs[0.5054443183598659],X0])*(X1+0.3561091256457807)))
15 : Expressao: (((X1+0.3441412153151491)*(Power[Abs[0.28623480317346817],X0])))
16 : Expressao: (((Power[Abs[0.6751748236683034],X0])*(X1+0.21836996039678558)))
17 : Expressao: (((X1+0.31317378877914503)/(0.9970348049687858+X0)))
18 : Expressao: (((Power[Abs[0.6100606034262679],X0])*(X1+0.39720629668212726)))
19 : Expressao: (((Power[Abs[0.4447108244817425],X0])*(0.3130309502633938+X1)))
20 : Expressao: (((X1+0.4840171998020105)/(0.9537289422043728+X0)))
21 : Expressao: (((Power[Abs[0.5006340897012781],X0])*(0.5077340263572963+X1)))
22 : Expressao: (((Power[Abs[0.24367459736347552],X0])*(0.32961456605178974+X1)))
23 : Expressao: (((Power[Abs[0.4784001788527794],X0])*(0.3094457662862147+X1)))
24 : Expressao: (((Power[Abs[0.4023372706822198],X0])*(X1+0.2525794643880226)))
25 : Expressao: (((0.3390291306509585+X1)*(Power[Abs[0.48571431879717253],X0])))
26 : Expressao: (((0.4520223918652506+X1)*(Power[Abs[0.2477377913038964],X0])))
27 : Expressao: (((0.36025963796854643+X1)/(0.9934859237861197+X0)))
28 : Expressao: (((0.3276947816070549+X1)*(Power[Abs[0.40514825534400933],X0])))
29 : Expressao: (((X1+0.48714115040312667)*(Power[Abs[0.30639596587645956],X0])))
30 : Expressao: (((Power[Abs[0.1818006650619669],X0])*(0.4679083347654135+X1)))
Erros: 

1 : 

x <- c(1.0382226847716087, 0.13400883520181026, 0.07548206209160856, 0.03261506350783774, 0.13033191258327084, 0.038663797766194, 0.001352599511663176, 0.035799497078101296, 6.503059855012941, 29.474556272653917, 0.3792611822903418, 3.515322070540043, 0.5026760919889788, 0.02685020474512817, 0.662145240978491, 0.8141824095404866, 0.5551414142333861, 0.21545507430093142, 0.04983221981479375, 1.330844257296681, 2.6150991056429542, 0.18252934261390166, 2.4548115553689023, 0.5643984129952316, 0.6691475600391351, 0.6567737087143192, 0.0036917727062602376, 0.48132848009180107, 0.34984213244680984, 0.27540627974015797, 0.03106937223034002, 0.10594514959638454, 0.043159414736041714, 0.15991518817819575, 0.5127144776800043, 0.13531770937121682, 0.14508783248763396, 0.3017542281234228, 0.40865655053928923, 0.3795063106391539, 0.40865655053928923, 0.404547944047324, 0.6068115777723857, 0.15623645489017196, 0.031017833794743647, 2.050389101060068, 0.6469686812872165, 0.02876678120940564, 0.6185353411597092, 0.11591258709818988, 0.12983681325089078, 0.010974639851133582, 0.03485998832346434, 0.02797033808078639, 0.43060547326205373, 0.23682926825958583, 0.0528403716208066, 0.02571538180883961, 0.0015104989702471544, 0.6774392431966092, 0.04725534157987297, 0.7476922820956824, 0.5433332284178523, 0.4905903208524294, 0.4536602536680075, 0.44568312874430943, 0.2056599095763463, 0.11654749735444683, 0.1666733854647544, 0.33652340748607756, 0.9540234290373596, 0.4878244529489129, 0.34859758406948566, 0.5312695092813879, 0.5030586158494309, 0.2907344484235643, 0.4478145793437447, 0.21855581349496866, 0.548068685047876, 0.14279037219868468, 0.3438476586594511, 0.3566466953802278, 0.8310867259684582, 0.45270310128411323, 0.3192980022244889, 0.6072017594701771, 0.6962592245967222, 0.17361505806662456, 0.1333809568610052, 0.2437796628970688, 0.7127701487782694, 0.001401265628730604, 0.6128124093678117, 0.49281213896676407, 0.43389839467087865, 0.4737751807297936, 0.6453684046525991, 0.45038534361022464, 0.39780648950512515, 0.3771404183037084, 0.38599573822019567, 0.5261289951606085, 0.5104525399349428, 0.03947615013075543, 0.2995837944579199, 0.7604029136407233, 0.2304727890133201, 0.3708658211736969, 0.4881431780765934, 0.5810621611733461, 0.6467774824974175, 0.26172215437385615, 0.3027939089245971, 0.708444493793374, 0.8892648104575257, 0.2178845392900225, 0.0036578209651998463, 1.0701966012102293, 0.5463925700939621, 0.41472297229466504, 0.42376333260010335, 0.5643343842074078, 0.7598765827059842, 0.3676358650257675, 0.04257030525863605, 0.8720808680320818, 0.395748174472282, 0.02919197433412278, 0.05538587857280019, 0.7738167623585327, 0.5119420063074834, 0.26469773980670447, 0.5248871740028558, 0.5279074854858443, 0.7405890340622274, 0.13340582217199745, 0.28496348208461003, 0.7971493944282357, 1.085776139699714, 0.37984977278083537, 0.012820628625776827, 0.32851680988983994, 0.9383338511632872, 0.2533106655592629, 0.28977053466360664, 0.5392232321830316, 0.892741079331062, 0.28253540529239407, 0.07172075653526315) 

2 : 

