med: 1240.6287937847403/desvio: 178.91457128679536


Funcoes: 

1 : Expressao: (((X1+X0)*0.458462165429199))
2 : Expressao: (((X1-0.019640981657439216)/(Power[Abs[X1],X1])))
3 : Expressao: (((X1+X0)*0.4626478863341403))
4 : Expressao: (((X1+X0)*0.47518845753686567))
5 : Expressao: (((0.59268385669638*X1)+(X0*0.34665656625782926)))
6 : Expressao: ((0.4750807994691282*(X0+X1)))
7 : Expressao: ((0.46794695226628824*(X0+X1)))
8 : Expressao: ((0.4600687829239513*(X1+X0)))
9 : Expressao: (((0.9381272098845076*X1)/(Power[Abs[X1],X1])))
10 : Expressao: ((0.46834634925031576*(X0+X1)))
11 : Expressao: (((X1*0.9368687453832375)/(Power[Abs[X1],X1])))
12 : Expressao: ((0.4608761152066082*(X1+X0)))
13 : Expressao: (((X1+X0)*0.46526780087894803))
14 : Expressao: ((0.48155622863640163*(X1+X0)))
15 : Expressao: ((0.46183839164170115*(X0+X1)))
16 : Expressao: ((0.45824655812411735*(X0+X1)))
17 : Expressao: (((0.9521144577445146*X1)/(Power[Abs[X1],X1])))
18 : Expressao: (((X1*0.9782529367507297)/(Power[Abs[X1],X1])))
19 : Expressao: ((0.4574790327612843*(X1+X0)))
20 : Expressao: (((X1-0.12274030468426478)/(Power[Abs[X1],X1])))
21 : Expressao: (((0.9458154218483306*X1)/(Power[Abs[X1],X1])))
22 : Expressao: ((0.47137229349396864*(X0+X1)))
23 : Expressao: ((0.4631849871614483*(X1+X0)))
24 : Expressao: (((X1-0.08271806183512509)/(Power[Abs[X1],X1])))
25 : Expressao: ((0.4621242476654413*(X1+X0)))
26 : Expressao: (((X1+X0)*0.4600546788729707))
27 : Expressao: (((0.4183469777554789*X0)+(X1*0.5217339853546863)))
28 : Expressao: (((X1-0.027299533147719157)/(Power[Abs[X1],X1])))
29 : Expressao: (((X0*0.45704038074799525)+(X1*0.47951058531002333)))
30 : Expressao: (((X1*0.9744050967093782)/(Power[Abs[X1],X1])))
Erros: 

1 : 

x <- c(2721129.627804864, 155.69668426192348, 604.2050737172522, 1152952.541675965, 111878.97680686045, 400598.106072829, 1494531.2689021556, 136951.09114931937, 371.0661459285767, 2204004.523785074, 1473087.0045673433, 1272638.4378441111, 8111674.900627642, 56199.39428593589, 3666753.7928777365, 404031.7600258056, 420402.12330743705, 301590.52987552044, 2676582.0009032455, 149258.21160252628, 135991.99685220676, 233841.79316165432, 1076856.2524797292, 1444758.394378246, 2676994.719258862, 3223.247094047351) 

2 : 

x <- c(2283633.1054362725, 507133.3570352697, 250377.49333696062, 1957563.3950112555, 945242.6936523617, 1838717.1305263315, 6182971.071329179, 3534276.7098076795, 2577803.708400871, 8552588.344547743, 1889190.7179459773, 2963.9806550592302, 8359512.125878154, 4569357.2124786815, 34644.096821014886, 885229.3545686495, 10962.768948224606, 739415.8414372494, 3323783.722975676, 1773396.2528869153, 454215.17548506433, 1020240.8747588105, 24107.86176250396, 758894.9176899816, 3714794.6561108055, 848.9613967748472) 

3 : 

x <- c(2698145.4239554964, 644.5668485198363, 1644.5250493974934, 1125020.4202254817, 124042.72131069806, 379102.53086882463, 1452621.2765554357, 154954.21935968904, 1726.6471000123943, 2146788.0590583417, 1535004.9937961143, 1321840.7033051678, 8045309.186298194, 67350.10392044151, 3769240.5204072, 387087.3527145186, 437436.80090019974, 288462.5687163851, 2640423.997228471, 164925.6214249923, 150659.9912912976, 219758.52064804215, 1110623.735469083, 1473414.422987709, 2665667.927337589, 4305.691023914361) 

4 : 

x <- c(2629867.4520116146, 4104.7811739744575, 7815.605867546495, 1043385.0962164529, 164242.4012357922, 318249.1380703172, 1330625.227717109, 215545.18849313978, 11736.296324373765, 1979869.8818501956, 1728143.713379821, 1474838.5291736291, 7848106.938512421, 106794.70558591138, 4084750.4296858693, 338494.0326832284, 490498.433854664, 250879.37554375216, 2533565.261176664, 216545.5477406369, 199101.74243323004, 180182.61937745957, 1214912.8460406843, 1560953.447840265, 2631876.1975305397, 8485.183891792174) 

5 : 

x <- c(2792885.405465297, 68433.50558615389, 3274.2850895573297, 997903.8470145263, 228622.54215887998, 486808.12427697645, 1132095.7793322147, 256400.0243990161, 1019.9498330886191, 1979051.9766271717, 2037246.622086386, 870160.8012992205, 8153405.302781602, 425865.1076591128, 3068697.274027047, 563139.8791911198, 673036.6997430924, 463812.2900661359, 2165077.662101173, 313084.5903166643, 83445.99865693416, 199898.2331624062, 1263247.7923482, 1133976.5868634768, 2906290.0645792186, 100140.42042848076) 

6 : 

x <- c(2630449.8798560495, 4062.3420348877025, 7743.138734025972, 1044072.8341437586, 163873.32373872548, 318748.9098505335, 1331649.7703032189, 214982.57445130154, 11612.408496243217, 1981274.0943690098, 1726436.969861452, 1473489.4304472983, 7849789.463733216, 106417.56106146963, 4081987.886716636, 338897.33106011414, 490029.9885947325, 251190.86054822677, 2534473.227298036, 216072.53918748413, 198657.19126322193, 180505.66327870282, 1213997.6341730074, 1560191.1951049548, 2632165.374870809, 8443.328169973704) 

7 : 

x <- c(2669187.5555875287, 1741.6270459950636, 3693.391938509581, 1090150.0163291222, 140342.00093516448, 352739.60064930975, 1400418.6855474818, 179340.06625765932, 4868.077793670838, 2075432.1067076114, 1615220.6183625825, 1385468.595432441, 7961682.099307464, 82913.21477322608, 3901013.4858278995, 366156.57819786074, 459487.7170750428, 272261.74741207546, 2595001.152770499, 185881.6895716301, 170306.75059225093, 202556.61684121424, 1154120.6252837237, 1510096.2008881422, 2651362.8062391453, 5900.436126017744) 

8 : 

x <- c(2712296.006256777, 303.92038420480947, 943.179306769969, 1142190.770902234, 116473.6117649093, 392277.30538207275, 1478374.3540964527, 143729.8594154995, 773.8779411502563, 2181953.978614011, 1496702.4375706832, 1291413.5379205572, 8086169.318531241, 60360.152819188595, 3705924.5304777212, 397485.0174618708, 426900.5882959244, 296517.04252765025, 2662674.291092517, 155179.43260300334, 141533.2419743615, 228384.4505958585, 1089755.6803496212, 1455724.2447867661, 2672644.2839278826, 3620.225653868093) 

9 : 

x <- c(2354773.431472718, 559634.3322065687, 308548.56179066433, 2109867.5519969733, 1011031.369217695, 1990448.6391763247, 6347861.373292235, 3602432.72145718, 2713934.2957755765, 8762814.57818175, 1916225.7612264021, 12022.288820284059, 8667481.851981893, 4589760.50686105, 51835.977809951415, 970765.139473164, 3601.6878624855985, 794307.1096714124, 3511025.624807538, 1837910.6189479465, 527747.0279778794, 1130003.2829776634, 12179.55968418444, 710839.6697408478, 3627226.849644616, 327.770361990442) 

10 : 

x <- c(2667011.297731669, 1845.9662080445428, 3880.9572615670727, 1087544.0387744855, 141611.25853685642, 350791.09342028457, 1396522.825443387, 181250.2440057336, 5169.392388566353, 2070102.7973389425, 1621349.357146669, 1390324.9172696248, 7955396.731025052, 84151.72546378194, 3911037.1235793415, 364602.5755567444, 461171.6945767524, 271059.64556689933, 2591593.54949851, 187511.95135042316, 171836.3329009345, 201288.49596033126, 1157432.8970447688, 1512879.228465453, 2650286.171752932, 6030.794855916874) 

11 : 

x <- c(2358396.7162644975, 560946.757111022, 310293.7376640092, 2113979.314173111, 1012651.2075677984, 1994643.5756792992, 6351875.9677652735, 3604031.3375649517, 2717359.6411118177, 8767969.085233584, 1916846.4993345232, 12356.44996645843, 8676826.81967039, 4590220.610357381, 52306.37238314645, 973743.628726899, 3468.3134842424543, 796656.1116074488, 3515937.5929895323, 1839451.1914339685, 529751.1759667064, 1132972.0678560056, 11931.834148123398, 708714.164004258, 3627794.8410679237, 372.62337785216647) 

12 : 

x <- c(2707862.4946153522, 396.9440624670649, 1141.8923915688595, 1136801.983845822, 118817.33905581609, 388129.03256430145, 1470288.5826453855, 147198.0326450576, 1031.558226700873, 2170915.3343820227, 1508640.1876467934, 1300900.0076196804, 8073367.813927571, 62507.03895262913, 3725686.5611716276, 394215.437784671, 430184.9106958831, 293983.83983492124, 2655699.2823173855, 158198.35205354012, 144359.5133611605, 225666.43696627184, 1096266.6917238093, 1461250.2833154937, 2670459.5068120337, 3828.4097024533817) 

13 : 

