med: 842.4855215928218/desvio: 1357.0482136181206


Funcoes: 

1 : Expressao: ((0.9538514531646358-(Power[Abs[0.486371875251138],X1])))
2 : Expressao: (((X1-X0)-(Power[Abs[X0],0.9841849863017755])))
3 : Expressao: (((X1-0.18595133537857678)*(Sqrt[Abs[X1]])))
4 : Expressao: (((Tan[X1])-(0.1168703650109928*X0)))
5 : Expressao: (((X1-X0)-(Power[Abs[X0],0.9885600121904535])))
6 : Expressao: (((X1-0.1495886089296974)/(Power[Abs[X1],X0])))
7 : Expressao: (((X1-0.1834830891027246)/(Power[Abs[X1],X0])))
8 : Expressao: (((Tan[X1])-(0.1679051977265099*X0)))
9 : Expressao: (((Sqrt[Abs[X1]])*(X1-0.1718788063057214)))
10 : Expressao: (((Sqrt[Abs[X1]])*(X1-0.1628082419207969)))
11 : Expressao: (((X1/0.7587755031669594)-(0.3190615076505554*X0)))
12 : Expressao: (((Sqrt[Abs[X1]])*(X1-0.2128275225195968)))
13 : Expressao: (((Power[Abs[X1],0.20728959766575805])*(X1-0.07381860629931736)))
14 : Expressao: (((Sin[X1])-(0.006909237727488304/X0)))
15 : Expressao: (((X1-X0)-(Power[Abs[X0],0.9821606099568648])))
16 : Expressao: (((Tan[X1])-(0.12373106367209208*X0)))
17 : Expressao: (((Tan[X1])-(X0*0.15450024312540167)))
18 : Expressao: (((Tan[X1])-(X0*0.17273845825262224)))
19 : Expressao: (((X1-0.1803415658453036)/(Power[Abs[X1],X0])))
20 : Expressao: (((Tan[X1])-(0.14096175617010387*X0)))
21 : Expressao: (((X1-0.17637058707937914)*(Sqrt[Abs[X1]])))
22 : Expressao: (((X1-0.1921147397975136)*(Sqrt[Abs[X1]])))
23 : Expressao: (((Tan[X1])-(0.1177862026756753*X0)))
24 : Expressao: (((Sqrt[Abs[X1]])*(X1-0.1726859795966581)))
25 : Expressao: (((Tan[X1])-(0.10949769817019561*X0)))
26 : Expressao: (((Sqrt[Abs[X1]])*(X1-0.16743403184783245)))
27 : Expressao: (((X1-X0)-(Power[Abs[X0],0.9863052165702821])))
28 : Expressao: (((X0*0.9512983979985814)+(X1-X0)))
29 : Expressao: (((X1-0.1750482215066902)*(Sqrt[Abs[X1]])))
30 : Expressao: (((X1-0.17940700186473613)*(Sqrt[Abs[X1]])))
Erros: 

1 : 

x <- c(22.812715603649906, 17.414197495660925, 9.12424784881776, 61.444021072720695, 249.7006059348708, 290.1562938236352, 159.80491175805497, 232.33951228030492, 663.7674018661422, 448.03653757318693, 1020.8097615586273, 670.0495492709058, 1163.4385367030113, 1959.6612311403717, 2451.538447183084, 2107.3277863124235, 2793.844968872871, 3482.9698308834286, 3323.5232134901516, 1908.7142401162716) 

2 : 

x <- c(16.465797667971586, 4.8966673414477615, 37.69243549492741, 231.56046445525797, 463.06948391710915, 717.1803190341471, 1593.281870246256, 3156.1123544543098, 3723.1220316403223, 2707.7411794457544, 7402.8474607328835, 4720.275029932716, 10134.819013113864, 9409.144088117371, 11467.381223243916, 14410.565770128089, 20452.40910844186, 18874.365886827363, 20414.736898038573, 20458.57450975033) 

3 : 

x <- c(16.39189323874897, 31.51780765800973, 25.303637293736912, 97.54678903184436, 299.10698734959664, 137.0842768605634, 0.7267027570773666, 36.0473998246689, 207.9930307249458, 30.71616525172095, 57.941757501709716, 257.74169358774895, 0.7594607083616924, 20.201139503496737, 543.0714701762115, 1815.7678581946166, 830.3180310370932, 1491.1609074538237, 3263.5198110575384, 4741.664660643336) 

4 : 

x <- c(11.897148840515142, 4.100413756003407, 0.24383877110059504, 29.869538086207477, 115.63227008991852, 0.13580904521839263, 542.9075085934028, 111.26033572167673, 61.6764883439408, 1.8640600613702467E8, 115410.31071524533, 11962.941796095867, 28791.892199045466, 11915.096905571496, 8146.852733247156, 6454.974607730178, 8302.662407265987, 8152.086022511601, 6954.492104713773, 5046.4846975204) 

5 : 

x <- c(16.199745918851892, 4.831024830442503, 37.3531429782235, 230.48625201821338, 461.527028239359, 715.1015155469828, 1592.2779480531892, 3157.703440790734, 3723.5646755205357, 2709.0230076993544, 7415.706165822808, 4729.238466513007, 10161.952333649098, 9430.004505663901, 11501.900272921563, 14471.172290190922, 20541.270616307684, 18952.780695579535, 20513.077068920644, 20574.832743932373) 

6 : 

x <- c(31.225766010913436, 32.58559031870861, 12.520828914718495, 63.00438977352017, 169.95692579067753, 75.67544880714287, 13.684226866307311, 39.111940501863714, 293.7477839011993, 244.9266830151317, 879.7788555038167, 732.1003958557582, 1412.824981572893, 2433.2468822882515, 3672.8480864023836, 3768.8689588253524, 4751.048280913116, 5751.584021363483, 5818.982255076732, 3947.2382226375657) 

7 : 

x <- c(36.72889670457552, 41.67038444615057, 20.479670441590233, 82.11961199585485, 196.65979247373005, 91.50434130974239, 19.680368868941745, 49.58609426211833, 319.4324737040521, 260.65280814878776, 905.3613488118201, 748.4580779962466, 1432.977479574816, 2455.0192362544517, 3686.680953438856, 3775.7091084513227, 4757.515254917652, 5757.755393314865, 5822.484151849179, 3949.3794324773417) 

8 : 

x <- c(10.46286874873891, 3.8893349018119174, 0.4122531296722822, 32.76197144391126, 121.51726470474871, 0.02397923765182519, 493.98727147983186, 83.91671490554256, 43.301153594782704, 1.8644336281958553E8, 114098.3015761711, 12372.93162099798, 29608.761911038164, 12398.377002794912, 8618.12784999979, 6972.869894156298, 8954.238581975938, 8770.001067745197, 7585.256942528905, 5637.592494645731) 

9 : 

x <- c(15.827450462172532, 30.208732621357523, 23.762647987843938, 94.42994994043798, 291.498924085439, 129.7572623065188, 0.2421087007536394, 32.02081398264842, 197.79801367803896, 35.61744632385941, 51.765185775304026, 273.15539278763384, 1.7542369218523663, 24.85511572491025, 568.7230051457025, 1864.938595296601, 862.9543037504156, 1536.9635221292028, 3334.215623350665, 4826.336694439014) 

10 : 

x <- c(15.468875513388209, 29.379673456520077, 22.795047579114264, 92.44778760290563, 286.6470300513513, 125.14122556187384, 0.0674605492188323, 29.551799657904436, 191.36250769615964, 38.968810714558785, 47.96847913068111, 283.3276531106337, 2.6129578714615476, 28.110343095117972, 585.570632476101, 1896.9801617563724, 884.3237051970106, 1566.8531830255538, 3380.184691511493, 4881.309895006652) 

11 : 

x <- c(8.569591541154862, 0.8212614155235333, 0.20553049277021768, 23.938495549940228, 85.17876955947698, 7.3350004870319925, 17.344068066729662, 6.7774357439221555, 111.88001899510463, 25.40925932384006, 119.90232672498749, 51.27740192850459, 77.09679143186717, 84.05517994352391, 10.252380775872552, 25.006663010161635, 58.89147994954827, 22.326859396937554, 8.579036560599098, 186.47398485441377) 

12 : 

x <- c(17.49736326602466, 34.095073645166025, 28.38118096261912, 103.64005115983755, 313.9094554211079, 151.63678892832212, 2.374116776004695, 44.3999438415998, 228.17564453587667, 22.363192651561533, 70.70500900581173, 229.54783199394353, 3.9753594321860474E-5, 12.65215714335113, 495.72603630199575, 1723.68524263968, 769.7362123804506, 1405.610693836202, 3130.607516515761, 4582.037272586255) 

13 : 

x <- c(19.107211690448473, 18.839639089074534, 8.521018082713232, 59.12301276558384, 194.83872836959273, 71.37007414488316, 1.198021361234874, 12.117354380915035, 153.00961892908938, 10.935228024588106, 83.1169733812497, 76.53701273465506, 16.370757086691793, 27.534808606295126, 19.360607599529224, 301.1763394107227, 40.43628013179935, 91.41040634535676, 430.2681086437571, 1118.2996913608197) 

14 : 

x <- c(8.89805502455804, 2.9607160330375772, 2.7283610125336146, 33.6004617931429, 140.7938322217469, 82.7072431006207, 11.20928261402259, 38.687125183079296, 271.72924741502055, 154.65145619206743, 522.4705940693732, 422.7512742787703, 724.5086154427295, 1687.7042980302815, 3102.1043398266693, 3471.7082348457693, 3950.896334940772, 5780.107564913138, 6709.113679595731, 4493.189554780886) 

15 : 

x <- c(16.590331616337938, 4.927500235840419, 37.85102049907272, 232.0608541433927, 463.7875436602666, 718.1458673919743, 1593.7467066784245, 3155.3765564061555, 3722.9172457612863, 2707.148364471602, 7396.9099673661485, 4716.1358723035655, 10122.302962049831, 9399.517313744449, 11451.463990527605, 14382.649755545142, 20411.49425554119, 18838.253548646833, 20369.473249173694, 20405.095735557596) 

16 : 

