med: 25474.1443762147/desvio: 727.9563458407675


Funcoes: 

1 : Expressao: ((0.9559923405463385*X1))
2 : Expressao: (((0.8866189706519815*X0)-(X0-X1)))
3 : Expressao: (((X1-X0)+(X0*0.9163759341699651)))
4 : Expressao: (((X0*0.9636298401377216)+(X1-X0)))
5 : Expressao: (((X1/0.6365524596243816)-(0.627651123936702*X0)))
6 : Expressao: (((X1/0.7806875130496101)-(X0*0.4095637893849704)))
7 : Expressao: (((X1/0.6681364359449643)-(X0*0.4916977402779732)))
8 : Expressao: (((0.9545230485867964*X1)*(Power[Abs[0.9965781522010175],X1])))
9 : Expressao: (((X1*0.9504724870090807)*(Power[Abs[0.9541773115407481],X0])))
10 : Expressao: (((0.9807088537583023*X0)+(X1-X0)))
11 : Expressao: ((0.7558166850332503/(0.7948673403946847/X1)))
12 : Expressao: (((X0*0.9678231729019837)+(X1-X0)))
13 : Expressao: (((X1/X0)*(X0*0.9506833249830731)))
14 : Expressao: (((0.9023235291710906*X0)+(X1-X0)))
15 : Expressao: (((X1-X0)+(0.8990370110168051*X0)))
16 : Expressao: (((X1-X0)+(X0*0.9480393887860943)))
17 : Expressao: (((X1/0.905166391292541)-(0.14824060147748197*X0)))
18 : Expressao: (((X1-0.017402143521104363)-(X0*0.10715935854323821)))
19 : Expressao: (((X1+X0)-(X0/0.9795689007595838)))
20 : Expressao: (((X1/0.7737524006378009)-(X0*0.3676331396887029)))
21 : Expressao: (((X1/0.7501453725322207)-(0.42112956722578043*X0)))
22 : Expressao: (((0.9346957166186283*X0)+(X1-X0)))
23 : Expressao: (((X1-0.0368799113299767)-(X0*0.0779046551934961)))
24 : Expressao: (((0.5562449650270732*X1)/0.5837539296986359))
25 : Expressao: (((0.9588562266636365*X0)+(X1-X0)))
26 : Expressao: (((0.8812334352478068*X0)+(X1-X0)))
27 : Expressao: (((X1/0.9883156439715736)/(Power[Abs[X0],0.1324100856904199])))
28 : Expressao: (((X1/0.8387215377157915)-(0.23768356550004088*X0)))
29 : Expressao: (((X1/0.8597041048252018)-(0.30437756776376523*X0)))
30 : Expressao: (((0.9125850461311523*X0)-(X0-X1)))
Erros: 

1 : 

x <- c(1.1154534004019314E8, 2.2583494370198298E9, 1.5833368609467027E9, 1.5082694867655224E8, 6.790956537339628E8, 8.480318253547075E8, 4.1355293580940425E8, 1.1861179082685683E9, 437335.40574996395, 4.325312446483116E8, 1.1868690609837277E8, 3.7609231404283535E8, 4.161311826462294E8, 1.3605031610493014E9, 1.9642113841626577E9, 1.390969039029452E8, 2.0722030617495193E9, 5.072067227562092E8, 1.3431443123323873E8, 6.122676335695432E8, 3.166114213605238E8, 1.0603206357562242E8, 4.628315795349113E7, 1.9261905497233558E8, 3.679901090950192E8, 1.0693843105829419E9, 1.1189636085080721E9, 6.679568074287319E8, 8.882367462267152E8, 6.39105472294122E8, 3.359640902654535E8, 5.572145427853053E8, 4.712006282032762E8, 2.9846230746945477E8, 5.388711524653966E7, 1.956401917927479E8, 1.4194552517045993E8, 1.789057060312873E9, 1.3059545337982318E9, 8408847.389304206, 5.928107533873899E8, 7.243252213923844E8, 1.2689495340376456E8, 1.0241208978089466E9, 2.6729503210505703E8, 9.46227989658369E8, 756070.933605009, 2.529991543829071E8, 1.149594610745519E8, 9.91397613151532E8, 1.3015192756361837E9, 1.3273409331861086E8, 8.525908143312825E8, 4.167713313268591E8, 2.9647328884796154E8, 1.85802129610614E9, 6.492472489261793E8, 8.520852288846599E8, 1.0178363588029247E7, 5.29060730721844E8, 3.2534652322582394E8, 2.4276720800498886E9, 1.7882490447775083E9, 7.336377741970286E7, 1.4481855680854788E9, 1.2868183618483062E9, 1.138095565929434E8, 2.0951112003963997E9, 3.5275609553896445E8, 1.081878519151666E9, 4704590.166074493, 2.0712977323924753E8, 2.1189073568723273E8, 1.8482712639963102E9, 2.118123644788798E9, 6.366761063166266E7, 1.6386421878483903E9, 1.1666365500777066E9, 1.1307416496409672E8, 8.024635374415185E8, 1.408691538384138E8, 4.5565086332128394E8, 1876594.9943202513, 1.0438700775004628E8, 7.061493116309538E8, 1.0015162851525087E9, 2.463605878608148E9, 110174.2425647037, 1.6391237081082451E9, 5.873490851485131E8, 7.208042455684383E7, 3.379000454437948E8, 5.967146773535756E8, 6.361719304621087E8, 6.609902144456116E7, 2.8573659343206006E8, 1.5849364493362743E8, 1.135570654748099E9) 

2 : 

x <- c(2.2702997851405022E8, 2.406180634149081E9, 1.6289845007475502E9, 2.7101725667075115E8, 3.2728216981258494E8, 3.5962847970938426E8, 1.5126493763469332E8, 1.5774054853991294E9, 3550456.3024951285, 2.4814144006571308E8, 2.7913865236739916E8, 2.779987026668442E8, 6.29411039851637E8, 1.4646613648442569E9, 2.1468395777249644E9, 2.5445096131226152E8, 1.3720268036856112E9, 1.2261980100456987E8, 2.3189024867108706E7, 8.512617650323048E8, 3.852553346145375E8, 4.252496518504993E7, 522250.55113291094, 7.981503057287592E7, 5.640472823058549E8, 1.2005740754758048E9, 1.2995256424489405E9, 9.341687870360627E8, 5.1240412424115014E8, 2.0127353052593395E8, 9.981341449205227E7, 8.712758294144443E8, 5.876724941241285E8, 1.7244124716630796E8, 24754.8558042864, 7.665965269567373E7, 2.788462110818941E8, 2.003555988797571E9, 1.4426965919775102E9, 4281675.575093992, 2.3631012101807216E8, 3.0941679538716465E8, 1.5430634807516607E7, 1.3293231353120046E9, 3.2132104088605213E8, 6.940589274841421E8, 4.302525369103616E7, 1.5014619154420802E8, 2.1948728590152368E8, 1.097215591947943E9, 1.4041728230161226E9, 2.201557778638959E8, 5.0378294784642714E8, 1.292065796975836E8, 1.205763963113497E8, 2.2572958231024914E9, 6.678853937691231E8, 6.288759164536183E8, 2.416046295846548E7, 3.393552358716006E8, 5.3204282407762426E8, 2.56816895825726E9, 1.8929722073525612E9, 1.8110746626386568E8, 8.386988460350866E8, 6.018141840803291E8, 6568632.055287232, 2.4923221702105556E9, 3.812651501920885E8, 7.73801394511603E8, 3.917887267218923E7, 9.937042208197546E7, 3.675948953699589E8, 2.0369239681986876E9, 2.2875277703037558E9, 1.5759910446683347E8, 9.75926205261708E8, 5.123999365173015E8, 7329672.3278657375, 1.0562875964662259E9, 1.7971267191511697E8, 2.954010574706814E8, 2.3921160437338762E7, 4.344982883351541E7, 9.20126155074076E8, 1.0833004498149579E9, 2.7526803475702906E9, 1.4277647076695628E7, 9.556902668902179E8, 1.779717239488606E8, 2555533.455410036, 5.105793225531177E8, 7.120723804104524E8, 4.864522459752837E8, 2.2611671628194267E8, 1.827416188260799E8, 3.0595893039707696E8, 1.2898263934126668E9) 

3 : 

