med: 7.007459679278301/desvio: 0.0023963647796197414


Funcoes: 

1 : Expressao: (((X1+0.637237091520369)+-0.6387593002186336))
2 : Expressao: ((X1-0.006068114848946093))
3 : Expressao: (((0.8054253263023443+X1)-0.8077279818406785))
4 : Expressao: (((0.9344864256840559+X1)-0.9374482875833386))
5 : Expressao: (((X1+0.8439069912356693)-0.8465120148314914))
6 : Expressao: (((X1-0.0037166607395777707)*0.9988038030467203))
7 : Expressao: (((X1-0.706843127066256)+0.7033008364509359))
8 : Expressao: (((0.13992673857092552+X1)-0.14143088363660988))
9 : Expressao: (((0.4720233616065016+X1)-0.47545646427406124))
10 : Expressao: ((0.6496737065577447-(0.6517671475319192-X1)))
11 : Expressao: ((0.8974760392354373-(0.9024429294385118-X1)))
12 : Expressao: (((0.9949819716217476+X1)-0.9960148470391271))
13 : Expressao: ((0.897452025885706+(X1-0.9006402373920771)))
14 : Expressao: (((X1*0.9561244486005362)/0.9564009173875697))
15 : Expressao: (((0.0037206133237267514+X1)-0.003681499202897509))
16 : Expressao: ((X1-0.004150266852112394))
17 : Expressao: (((0.25875511899004877+X1)-0.26258648730807405))
18 : Expressao: (((0.5175788420287806+X1)-0.521501348838223))
19 : Expressao: ((0.47660832796718033-(0.48181686590520323-X1)))
20 : Expressao: (((X1*X0)/(X0+5.255981030372059E-4)))
21 : Expressao: (((0.22042102752030956+X1)-0.22174282931508094))
22 : Expressao: (((X1-0.5138499874412146)--0.5110925845361197))
23 : Expressao: (((X1+0.6652061496287051)-0.6703000510834658))
24 : Expressao: ((0.25950149243146436-(0.26340160419833125-X1)))
25 : Expressao: (((X1*0.9893849085421073)/0.9911306157954421))
26 : Expressao: ((0.958298054476555*(X1/0.9610626017625347)))
27 : Expressao: (((0.6656975160945497+X1)-0.6699610960893645))
28 : Expressao: (((X1+0.8272159564574578)-0.8313578820976867))
29 : Expressao: ((X1-0.0031525179539783066))
30 : Expressao: (((X1*X0)/(X0+3.970855900421455E-4)))
Erros: 

1 : 

x <- c(1.2728335645477498, 97.45244990028682, 66.06762316907836, 3.503638019749314, 50.811224654144624, 123.83681871387587, 0.016435049614937837, 118.19605138535401, 83.32402168401025, 0.01643504961495241, 23.734442474950324, 47.22164544508526, 83.32402168401025, 23.734442474950324, 0.760036534682126, 9.785630594413373, 50.811224654144624, 1.2728335645477498, 0.760036534682126, 9.785630594413373, 26.29842762427958, 0.760036534682126, 260.11881128854174, 4.529232079480561, 3.503638019749314, 0.760036534682126, 221.17045732562275, 3.5036380197491015, 8.247239504816502, 66.06762316907744, 78.70884841521963, 14.99084098988369, 26.298427624278997, 34.47804396001807, 4.529232079480804, 3.503638019749314, 1.2728335645478779, 0.016435049614937837, 26.298427624278997, 50.811224654144624, 8.247239504816502, 34.47804396001807, 8.247239504816502, 34.47804396001807, 165.68325435548837, 26.298427624278997, 192.42685584055556, 23.734442474950324, 9.785630594413373, 165.68325435548837, 102.58042019894306, 0.760036534682126, 83.32402168401129, 4.529232079480561, 0.016435049614937837, 37.55482613921181, 47.22164544508526, 8.247239504816175, 0.760036534682126, 147.09321722881006, 97.4524499002857, 17.042029109346185, 34.47804396001807, 47.22164544508448, 23.734442474950324, 165.68325435548837, 102.58042019894306, 0.760036534682126, 61.96524693015155, 199.6060142586759, 50.811224654145434, 34.4780439600174, 37.55482613921181, 26.29842762427958) 

2 : 

x <- c(2.2832781828180555, 90.04013391991869, 72.43800635011765, 2.216966111118229, 56.41590232621771, 132.5043184218175, 0.26117415891811335, 110.01802989601875, 90.46011037401759, 0.26117415891811335, 20.150654039418402, 42.10644599161852, 90.46011037401759, 20.150654039418402, 0.23907013501817123, 12.32748623061794, 56.41590232621771, 2.2832781828180555, 0.23907013501817123, 12.32748623061794, 30.371694278417824, 0.23907013501817123, 272.61483854131717, 6.305382206717998, 2.216966111118229, 0.23907013501817123, 209.929613800419, 2.216966111118229, 6.194862087218287, 72.43800635011765, 72.06223794381863, 12.172758063318344, 30.371694278417824, 30.12855001551846, 6.305382206717998, 2.216966111118229, 2.2832781828180555, 0.26117415891811335, 30.371694278417824, 56.41590232621771, 6.194862087218287, 30.12855001551846, 6.194862087218287, 30.12855001551846, 155.97382184821888, 30.371694278417824, 181.95171782431893, 20.150654039418402, 12.32748623061794, 155.97382184821888, 110.48221439791753, 0.23907013501817123, 90.46011037401651, 6.305382206717998, 0.26117415891811335, 42.39379830231777, 42.10644599161852, 6.194862087218287, 0.23907013501817123, 156.52642244571743, 90.04013391991869, 20.34959025451788, 30.12855001551846, 42.10644599161852, 20.150654039418402, 155.9738218482203, 110.48221439791634, 0.23907013501817123, 56.08434196771858, 210.5706304935173, 56.41590232621685, 30.12855001551846, 42.39379830231777, 30.371694278417824) 

3 : 

x <- c(1.4254638209851425, 96.15905010771338, 67.14045436579515, 3.2618964446379968, 51.75259857367862, 125.3040217421423, 0.03760802886942724, 116.77119431559656, 84.52831015791087, 0.03760802886942724, 23.09832906829085, 46.32261748405942, 84.52831015790981, 23.09832906829085, 0.6497522367538036, 10.201175405216572, 51.752598573679435, 1.4254638209851425, 0.649752236753712, 10.201175405216572, 26.976886989448005, 0.649752236753712, 262.2433007027209, 4.813319613100858, 3.2618964446379968, 0.649752236753712, 219.21977114713368, 3.2618964446379968, 7.8740406525222815, 67.14045436579421, 77.54690589982799, 14.486184860406565, 26.976886989448005, 33.7104732761758, 4.813319613100858, 3.261896444638202, 1.4254638209851425, 0.03760802886942724, 26.976886989448005, 51.75259857367862, 7.8740406525222815, 33.7104732761758, 7.8740406525222815, 33.71047327617514, 163.9954827313666, 26.976886989448005, 190.607626939251, 23.09832906829085, 10.201175405216572, 163.99548273136512, 103.91616595002658, 0.649752236753712, 84.52831015791087, 4.813319613100608, 0.03760802886942724, 38.36474278156372, 46.322617484060196, 7.8740406525222815, 0.649752236753712, 148.691877534258, 96.15905010771228, 17.58903119733229, 33.71047327617514, 46.32261748405942, 23.09832906829085, 163.99548273136512, 103.91616595002658, 0.649752236753712, 60.934761691943706, 201.46758911848943, 51.752598573679435, 33.71047327617514, 38.36474278156372, 26.976886989448005) 

4 : 

x <- c(1.5611146917324312, 95.07330810774874, 68.05335524517753, 3.0644401688275913, 52.55446373754172, 126.55002976808123, 0.06222318409755096, 115.57441660011386, 85.55224675281147, 0.06222318409757932, 22.56776564592261, 45.56998263065339, 85.55224675281147, 22.56776564592261, 0.5633316764626707, 10.558897707002192, 52.55446373754172, 1.5611146917325733, 0.5633316764626707, 10.558897707002561, 27.55668072227255, 0.5633316764626707, 264.0444873062575, 5.0600061993673116, 3.0644401688277902, 0.5633316764626707, 217.57885056957434, 3.0644401688275913, 7.56554866119291, 68.05335524517659, 76.57219961538362, 14.06665715355803, 27.556680722271953, 33.06887413828827, 5.060006199367567, 3.0644401688277902, 1.5611146917325733, 0.06222318409755096, 27.556680722271953, 52.55446373754172, 7.56554866119291, 33.06887413828827, 7.565548661192597, 33.06887413828827, 162.5766335848441, 27.556680722271953, 189.07774207720922, 22.56776564592261, 10.558897707002192, 162.5766335848441, 105.05113826044752, 0.5633316764626707, 85.55224675281147, 5.0600061993673116, 0.06222318409757932, 39.05557222990755, 45.56998263065339, 7.565548661192597, 0.5633316764625853, 150.0489212757175, 95.07330810774764, 18.057789214637072, 33.06887413828827, 45.569982630652625, 22.56776564592261, 162.5766335848441, 105.05113826044635, 0.5633316764625853, 60.07109112301851, 203.04670429098587, 52.55446373754172, 33.06887413828762, 39.055572229906836, 27.55668072227255) 

5 : 

