med: 30.224804334768173/desvio: 5.252868440479934


Funcoes: 

1 : Expressao: (((X1-X0)+(Sin[X1])))
2 : Expressao: (((X1/0.689201526075846)-(Sin[X0])))
3 : Expressao: (((X1/0.7472713163340414)-(X0*0.6578637567196308)))
4 : Expressao: (((X1/0.7794271415189826)-(X0*0.6311616101023096)))
5 : Expressao: (((X1/0.70175133414095)-(Sin[X0])))
6 : Expressao: (((X1/0.7665889498514299)-(0.6637637562501785*X0)))
7 : Expressao: (((X1/0.8832053498601473)-(0.4286759117378913*X0)))
8 : Expressao: (((X1/0.7407239258202671)-(X0*0.50885426840047)))
9 : Expressao: (((X1-X0)+(Sin[X1])))
10 : Expressao: (((Sin[X1])-(X0-X1)))
11 : Expressao: (((X1/0.6724292431867788)-(0.7634350454026315*X0)))
12 : Expressao: (((X1/0.741153113012979)-(Sin[X0])))
13 : Expressao: (((Sin[X1])-(X0-X1)))
14 : Expressao: (((X1/0.7120464497475921)-(Sin[X0])))
15 : Expressao: (((X1/0.7115972001031311)-(Sin[X0])))
16 : Expressao: (((X1/0.7205033765593278)-(Sin[X0])))
17 : Expressao: (((Sin[X1])+(X1-X0)))
18 : Expressao: (((X1/0.7214127215788887)-(Sin[X0])))
19 : Expressao: (((Sin[X1])+(X1-X0)))
20 : Expressao: (((X1/0.731706213165398)-(Sin[X0])))
21 : Expressao: (((Sin[X1])-(X0-X1)))
22 : Expressao: (((X1-X0)+(Sin[X1])))
23 : Expressao: (((Sin[X1])-(X0-X1)))
24 : Expressao: (((Sin[X1])+(X1-X0)))
25 : Expressao: (((X1/0.7152174345191789)-(Sin[X0])))
26 : Expressao: (((X1/0.8244586654674753)-(0.5168287522728037*X0)))
27 : Expressao: (((X1/0.7152956051913615)-(Sin[X0])))
28 : Expressao: (((X1/0.6855849732133328)-(Sin[X0])))
29 : Expressao: (((Sin[X1])+(X1-X0)))
30 : Expressao: (((X1/0.6846000812230836)-(Sin[X0])))
Erros: 

1 : 

x <- c(250.44590778725947, 209.66232506328896, 5.221678074116346, 0.4032982755026419, 0.25986406905632603, 324.24294166154414, 255.9926063726766, 32.76754672015877, 162.63525635522197, 33.039758140157204, 42.14481779216173, 2.1591739485599586, 11.5594052144403, 3.991792112315798, 17.291141716923697, 591.3547999734802, 1254.8383722337808, 68.47526928858352, 83.00906914785233, 4951.806575119891, 24.174150095864672, 1672.274845302381, 502.9126731232855, 391.40871311624676, 14.822872195965854, 1190.1755155254898, 4897.005822761119, 109.2594347882803, 11059.567233407952, 16451.963524476287, 5871.293699469685, 163.53839936700896, 1765.4695267860207, 44.36036432631637, 81.2868093099212, 285.0116468112445, 536.7478889998526, 222.00057076004458, 641.6624393480096, 33.55862003062116, 300.6818385295653, 392.99939920899953, 1667.5774965118324, 1042.848622506801, 744.1225499779018, 249.2706368106177, 153.7839953372443, 170.71463926973468, 2413.7592384446475, 42.49265258430353, 728.2483998969749, 5738.360265009644, 2831.212004072886, 13.904096697673953, 854.7426940548372, 53.31548198845862, 421.7945434709117, 251.78509110637208) 

2 : 

x <- c(98.02228448169977, 52.3268575758883, 106.76333375572197, 187.234689633274, 94.63519117240047, 109.70987868447385, 250.30780007578613, 71.68135621208246, 41.70021910191266, 83.98679605785291, 0.046029949414448934, 21.536159659942868, 4.484114330700954, 51.72194854740719, 89.13594699279491, 154.2538206703824, 1116.752431458765, 586.862414772429, 693.3925518903169, 460.9050020540466, 3422.871744928194, 2.740757056189972, 271.6686358271477, 100.56019824853773, 107.01898295208237, 536.9912968513013, 5324.932051570946, 14.988748471152068, 1740.3025728707557, 10939.80720312375, 11850.42121645936, 5499.591151141621, 420.7693824868846, 0.6069017685697835, 369.9723576728101, 6.368078208559593, 207.81012181370687, 322.0101990293486, 95.88106383023397, 93.74701592049966, 154.71998851574014, 578.7679372375674, 1095.4755239118138, 510.7338702406538, 431.1528042359514, 530.3448248599314, 2.8701987218489378, 3.328169916658939, 1878.3809700648292, 531.9486897399696, 181.9702567300514, 2092.2762316608337, 2411.1773677284436, 2628.349515411043, 102.91973419959729, 87.00170141926375, 45.386919431743024, 16.21587520298559) 

3 : 

x <- c(238.70644239337614, 0.408230935597119, 85.87288893818136, 114.27495531495248, 50.5247925632553, 161.92181279384027, 467.9306862788493, 256.3701678541711, 42.78713300029727, 3.648309033508572, 31.213575875295486, 0.08667853013714406, 14.776717750805279, 78.90892266532947, 57.22434953766724, 243.16735294028933, 1521.3563932611946, 1158.7864372690608, 446.7246142583101, 1336.091981938523, 491.57985602428, 915.4546673802122, 469.115220101468, 3.685497642533748, 80.29800620102527, 664.2785489463264, 6124.675737742082, 101.86820936100743, 64.17052702884926, 455.5379090749573, 31.54487470563586, 52.74197790609831, 564.8415057480488, 5.319183313314802, 322.15085986288625, 18.680743304427853, 324.74721633014553, 642.9080429734162, 17.525695868845574, 100.18826612391305, 306.4194637629865, 373.26635328606915, 1091.6344138967338, 669.3091491343622, 182.04809211622072, 447.39708158263676, 0.8620147078664895, 28.65382818171022, 2352.823477151062, 1171.3471440599278, 62.20185064059313, 409.2349658410345, 200.8320096594877, 133.41114143402092, 307.63539598570816, 230.80789045646569, 17.301560531820673, 57.172326909909216) 

4 : 

x <- c(234.86208039753822, 0.25379786323261305, 108.79107464500842, 144.57427774142707, 71.74888724944668, 136.2420071309049, 484.51654558660056, 326.4181372071278, 13.944134490246912, 12.429096366401128, 38.21938164920492, 0.09187822831012375, 19.47226407360524, 96.87930290316785, 78.54482417055364, 204.7158311338241, 1536.6763232119051, 1360.581427561817, 276.2097778321667, 1493.727909995649, 390.2681893206734, 894.6683657320913, 460.0422616129891, 0.18063913831359724, 108.47892825892372, 588.774338422465, 6218.908095091847, 240.89064459351778, 178.14037209445166, 629.3288189646694, 65.2765110852905, 44.73981043375654, 500.09455773432467, 9.338828324822792, 353.0739433004317, 7.615240703798053, 295.88622283500536, 684.6878723657143, 2.7010987479906348, 143.2962063852233, 365.6085205147404, 315.01205069445166, 1059.223586295163, 636.3609077485675, 153.01634863090501, 468.3951482282923, 5.638851785598488, 18.096380368410536, 2333.5673507359024, 1385.0856058968031, 9.973290991685388, 540.1026660137459, 269.5114654723466, 105.76166427866836, 280.25966419274766, 250.18834219912094, 6.458872331976976, 41.504222411284346) 

5 : 

x <- c(89.74467690785174, 47.655497772924036, 121.86654226887504, 214.68501309982705, 117.43933574394724, 89.17425234223649, 240.28297576534547, 86.0770471636447, 22.523376909064176, 57.41535110611433, 1.5925483844945882, 26.452612648281807, 4.382019499177566, 58.59240565345755, 105.57590156673774, 130.23860953944148, 1090.488217843182, 643.7009752610344, 559.577166797907, 368.20779805172197, 3165.9611346423, 6.634710152188109, 254.03108981985326, 91.94036533034706, 126.3624101475236, 485.34112045575654, 5285.490441656765, 2.106716845845279, 1446.9174373317526, 10212.130760654725, 11234.01970751184, 5256.544200367398, 426.60784171428463, 0.2453333951437575, 390.75389981859223, 2.3451586682672945, 183.620196490617, 320.6758037461308, 74.21357885132477, 124.84565120360327, 193.7497101159711, 510.886249539323, 1126.9002019061925, 487.01318916760306, 419.9821424025625, 547.1290111339017, 6.496149814754729, 0.8001104447385256, 1831.590302491154, 586.0000301106575, 114.79123951067305, 1847.6244329095932, 2182.272687443604, 2451.9152956571506, 112.70586930598093, 88.23282212796073, 35.33908635443691, 9.720765673429128) 

6 : 

