med: 1211.0929290129586/desvio: 160.473869222734


Funcoes: 

1 : Expressao: (((X1-0.06440857949184087)/(Power[Abs[X1],X1])))
2 : Expressao: (((X1/0.9689378174643685)/(Power[Abs[X1],X1])))
3 : Expressao: (((X0+X1)*0.46953859548243987))
4 : Expressao: (((X1/0.9740554127374935)/(Power[Abs[X1],X1])))
5 : Expressao: ((0.4628978351635246*(X0+X1)))
6 : Expressao: (((X0+X1)*0.4627614661394627))
7 : Expressao: (((X1*0.48911300288203874)+(0.432434729140292*X0)))
8 : Expressao: ((0.4680061627255921*(X0+X1)))
9 : Expressao: ((0.46615761920568366*(X0+X1)))
10 : Expressao: ((0.46099133177797347*(X0+X1)))
11 : Expressao: (((0.9721647554311653*X1)/(Power[Abs[X1],X1])))
12 : Expressao: (((X1-0.08274654806901949)/(Power[Abs[X1],X1])))
13 : Expressao: (((X1+X0)/2.152571906118219))
14 : Expressao: (((X1+X0)*0.4636195833021985))
15 : Expressao: ((0.46572415310239995*(X0+X1)))
16 : Expressao: ((0.45347553890629383*(X0+X1)))
17 : Expressao: (((0.4519296023932502*X1)+(X0*0.47130990903851844)))
18 : Expressao: (((0.5085109887857038*X1)+(X0*0.43200901807187575)))
19 : Expressao: ((0.4630312964561519*(X1+X0)))
20 : Expressao: (((0.30304993675812*X0)+(X1*0.6078683235782188)))
21 : Expressao: (((X1/0.9713818175315226)/(Power[Abs[X1],X1])))
22 : Expressao: (((X1-0.016203825898452817)/(Power[Abs[X1],X1])))
23 : Expressao: (((X1+X0)*0.4595810142929747))
24 : Expressao: (((0.6277336742262007*X1)+(X0*0.3055371130387651)))
25 : Expressao: (((X0+X1)*0.4735839379849599))
26 : Expressao: (((X1-0.07941659147421976)/(Power[Abs[X1],X1])))
27 : Expressao: (((X1*0.47391700681133886)+(X0*0.47416564336745626)))
28 : Expressao: (((0.3348505720626941*X0)+(0.6045984026993302*X1)))
29 : Expressao: ((0.454774144269163*(X1+X0)))
30 : Expressao: ((0.4728630804070547*(X0+X1)))
Erros: 

1 : 

x <- c(2528668.6574963797, 530602.7455846026, 303150.98616544553, 2061888.0095164452, 973467.8357141082, 1953038.178507736, 6253744.434877803, 3557129.746374189, 2645941.083083507, 8647160.43327314, 1896859.7984721006, 9644.933170689867, 8695382.493584897, 4574349.452959842, 42822.94589535108, 1017879.846029815, 6539.256871185238, 876125.3052260594, 3439216.672306355, 1797289.896931594, 502265.1222716972, 1093634.926738297, 17214.20937141702, 629926.4965213555, 3984722.4532865416, 5.994958681724302) 

2 : 

x <- c(2092197.1824583127, 466015.00704775285, 192182.64172867863, 1814267.7611211168, 893787.9877058929, 1689807.1161503473, 6051797.704199488, 3484114.356302045, 2464367.340250176, 8382364.535320091, 1870178.1369990355, 10.960149656606394, 7984193.979769965, 4555483.853217998, 22723.789071985222, 761331.6580618143, 20659.73859500042, 628769.6998418748, 3154092.6361337597, 1724745.3919001843, 388880.7675524732, 919409.7497320555, 37854.387131607284, 878469.4125151633, 3584957.957899229, 5096.51388268153) 

3 : 

x <- c(2660520.1952165705, 2175.4839386564845, 4468.492584012441, 1079783.442941967, 145434.1251506376, 345006.6729602975, 1384925.5092273436, 187012.533538196, 6122.664193803228, 2054234.942505393, 1639713.3805956617, 1404872.136053929, 7936648.941949125, 87903.43577620004, 3941035.342010372, 359983.3540830829, 466216.8832277248, 267487.05210677744, 2581434.7756953808, 192420.80866579473, 176442.9867234231, 197526.6936738292, 1167348.6422986325, 1521202.1275178867, 2647073.5936409356, 6428.402640586762) 

4 : 

x <- c(2106932.8676403575, 471186.46642559627, 198154.39984589998, 1830725.3649157095, 900359.6353622609, 1706493.1603705403, 6068696.266965618, 3490890.7820803616, 2478446.762220196, 8404097.119192036, 1872821.0942868087, 10.304350292338954, 8022875.213144404, 4557459.045400341, 24082.41874048163, 772730.3513646016, 19293.768013111236, 637800.175720473, 3174177.045752223, 1731180.285513504, 396321.59929793497, 930976.5540547417, 35986.61116247636, 868310.4555909415, 3587391.2739714403, 4385.570559567653) 

5 : 

x <- c(2696776.0147490995, 684.307166904118, 1722.7908638900212, 1123363.3007233029, 124788.93113610898, 377837.68421260884, 1450137.4942673687, 156064.4344648201, 1839.0352887665936, 2143395.2068056543, 1538742.734429045, 1324808.3246281284, 8041354.806555756, 68047.87192845627, 3775405.173510049, 386087.0076747272, 438464.7245558366, 287687.87986352236, 2638272.615073127, 165885.93070323855, 151559.6488670945, 218931.381216556, 1112656.6423920142, 1475134.5112198018, 2664992.311796962, 4375.278474702114) 

6 : 

x <- c(2697523.1045732144, 662.4779817116006, 1679.864463151897, 1124267.2534560033, 124381.53078553041, 378527.5070785725, 1451492.3520517515, 155458.22342029194, 1777.2784384267968, 2145245.972882385, 1536702.905434477, 1323188.8142504217, 8043512.1472784495, 67666.73248176502, 3772041.1897797436, 386632.6232547915, 437903.75244448986, 288110.41150305193, 2639446.2741715694, 165361.65214413046, 151068.47471371383, 219382.46504963012, 1111547.2828175516, 1474195.9277318376, 2665360.9087575516, 4337.243263816682) 

7 : 

x <- c(2739069.8137029265, 4765.802298559694, 22.127241328698545, 1118027.905740034, 134274.60568220855, 421156.3128481169, 1409226.661638284, 159955.45341025572, 36.34124284887911, 2154784.4816499692, 1590848.5393122865, 1170136.0159108003, 8125577.248326908, 109785.2983972722, 3517818.532279505, 439502.67622106726, 472201.8598024547, 336784.5562131868, 2556230.1792284544, 180593.86191456678, 121879.39438694622, 226694.8077262838, 1116273.3477452567, 1368037.1201526432, 2729722.694399455, 13461.808248993713) 

8 : 

x <- c(2668864.870107049, 1756.9036610982005, 3720.9051367859365, 1089763.4842048462, 140529.8071730963, 352450.3944329317, 1399840.7830779753, 179622.61055206566, 4912.1763717812155, 2074641.6059584003, 1616128.4689716364, 1386188.0069801104, 7960750.13901727, 83096.24384742194, 3902498.6745103216, 365925.98922105134, 459737.1716655113, 272083.36832574336, 2594495.8354617343, 186122.92590177336, 170533.07888581074, 202368.36696593126, 1154611.3687247543, 1510508.6219640286, 2651203.1817597076, 5919.671835142117) 

9 : 

x <- c(2678948.2742938274, 1311.437224199444, 2910.108699297441, 1101863.302806716, 134725.75744649884, 361535.32861411106, 1417939.0903264668, 170906.52141353706, 3629.2223521151445, 2099391.9757898683, 1587905.8008887388, 1363816.1502602855, 7989871.561138787, 77477.29007389235, 3856264.601979576, 373159.2116083112, 451981.1630659969, 277679.9167483361, 2610294.9931080467, 178665.35199041627, 163538.03234111101, 208286.79042825, 1139339.6239707905, 1497659.4481547524, 2656188.9058510237, 5333.902174103146) 

10 : 

x <- c(2707230.0718916976, 411.2309486767614, 1171.7989883014534, 1136033.9744704776, 119153.72236997378, 387538.819329554, 1469136.448312726, 147696.35634763676, 1071.346722549492, 2169342.2622198574, 1510347.722753225, 1302256.678035237, 8071541.703536385, 62816.48591174937, 3728511.1389643666, 393749.92825314973, 430654.65143520024, 293623.2057511504, 2654704.6058694185, 158631.5616585309, 144765.13645531356, 225279.86859619137, 1097197.477044143, 1462039.7728258972, 2670147.784210274, 3858.594750388962) 

11 : 

x <- c(2257831.347922401, 524720.3380796366, 263213.6750326184, 2000175.3582987627, 967711.5688389363, 1878663.5538627778, 6239760.444903634, 3559329.639169782, 2622108.736859591, 8623976.052222311, 1899474.8563532622, 4721.643158870889, 8416639.302669927, 4577324.886815867, 39919.15137188368, 891936.7122227343, 8163.461401853325, 732089.3861307559, 3379474.4957424616, 1796487.7244579562, 474981.6956540349, 1051184.1331547473, 19845.153542387583, 769535.0849525504, 3611881.316710293, 205.21944879569457) 

12 : 

