med: 28.536796331471205/desvio: 6.510889355008222


Funcoes: 

1 : Expressao: (((X1/0.6982370778455896)-(X0*0.7627459866639402)))
2 : Expressao: (((X1/0.6771795833713024)-(0.8781531376651953*X0)))
3 : Expressao: (((X1/0.7153455798702015)-(X0*0.7537921995961341)))
4 : Expressao: (((X1-X0)+(Sin[X1])))
5 : Expressao: (((X1/0.6909582677025349)-(X0*0.7772677561920054)))
6 : Expressao: (((Sin[X1])-(X0-X1)))
7 : Expressao: (((X1/0.8564651930638942)-(0.4770209540326297*X0)))
8 : Expressao: (((X1/0.7735229337474134)-(X0*0.6416127485908514)))
9 : Expressao: (((X1-X0)+(Sin[X1])))
10 : Expressao: (((X1-X0)+(Sin[X1])))
11 : Expressao: (((Sin[X1])-(X0-X1)))
12 : Expressao: (((X1/0.7025198777317204)-(Sin[X0])))
13 : Expressao: (((X1/0.696288913800371)-(Sin[X0])))
14 : Expressao: (((X1-X0)+(Sin[X1])))
15 : Expressao: (((X1-X0)+(Sin[X1])))
16 : Expressao: (((X1/0.6471606855976407)-(0.8666231611377755*X0)))
17 : Expressao: (((X1/0.7390041060178747)-(X0*0.6120031721787422)))
18 : Expressao: (((X1/0.7129035574544804)-(Sin[X0])))
19 : Expressao: (((Sin[X1])-(X0-X1)))
20 : Expressao: (((X1-X0)+(Sin[X1])))
21 : Expressao: (((Sin[X1])-(X0-X1)))
22 : Expressao: (((X1/0.7323285598077454)-(0.6774029829563035*X0)))
23 : Expressao: (((X1/0.6231312721695438)-(0.8509185807497104*X0)))
24 : Expressao: (((Sin[X1])-(X0-X1)))
25 : Expressao: (((X1/0.7765550390387725)-(0.508472227994294*X0)))
26 : Expressao: (((X1/0.7023451931263257)-(X0*0.6717910297190597)))
27 : Expressao: (((X1/0.7202323052894797)-(Sin[X0])))
28 : Expressao: (((Sin[X1])-(X0-X1)))
29 : Expressao: (((X1/0.703341052886918)-(Sin[X0])))
30 : Expressao: (((X1/0.8091361041489527)-(0.4831801245224253*X0)))
Erros: 

1 : 

x <- c(193.6988497648348, 12.69219063346726, 64.68964293062415, 100.75748983093047, 49.10890505312771, 143.44522621946376, 346.83156062229085, 138.7608588606144, 89.51397464152285, 9.489844491617937, 67.3825469878983, 4.491497474010557, 2.9760757288624458, 53.363911627227374, 41.15630490461631, 251.95241777139879, 1322.2825183388386, 800.4721381417753, 686.3767296053222, 1530.0261638153422, 443.6491020632384, 1293.9333650649264, 396.3931797264853, 32.60542405342033, 56.12435001095564, 691.1507423390955, 5568.512696811921, 0.05468203503390091, 19.98047583348281, 547.4147328657596, 90.78788983510285, 2.781728022484157, 897.0698626655412, 0.49775385478860756, 294.65916600243196, 33.195522401814955, 293.891975713564, 483.7468139140439, 73.96177231283365, 87.7416547705074, 330.1179868422248, 346.1002867387877, 1384.8104425919598, 670.2424809968055, 276.21056949765205, 438.34301922325966, 0.49721397032847325, 27.73367732652851, 2182.277878420123, 777.7506966992212, 177.35167009163072, 460.6132662719214, 277.71930932228616, 67.80689140296002, 524.7922956198444, 170.27484881996887, 45.74101364735551, 58.539715093572674) 

2 : 

x <- c(126.82958824046422, 36.360711360306425, 68.88579186501431, 132.6681044804095, 88.60945924542894, 77.69671181934483, 212.78327515605048, 80.34962281884211, 77.27596013184028, 63.51233119619002, 181.43984955118003, 34.99138962037213, 0.30405653047311687, 43.80643700930369, 49.59586297956971, 193.0419924708031, 1060.14700571761, 603.5645766765292, 660.2961618752639, 2219.2124550990843, 217.98999058110195, 1966.7006879076132, 280.57386989244264, 78.92312369229258, 62.53620510185768, 588.8045963810682, 4900.739125640348, 26.25465476951063, 79.56573402266221, 1134.6550319284638, 413.78937166602475, 68.02895688463117, 1374.797634359324, 0.16992216454638998, 306.7068850664544, 25.953968483524154, 202.0747185366137, 331.6441426435527, 116.3376059935965, 145.04219391902285, 495.4935623550783, 210.68125986599517, 1838.2152109866756, 610.2892019855315, 378.15300842477404, 463.12241931291595, 0.31779684826339105, 9.371516485294084, 1893.2613483369773, 552.7083322188365, 168.88442016874427, 845.2961797099944, 616.4592454426448, 0.37703723295628305, 893.1346136330569, 117.49756775984494, 61.31780970853045, 32.34754563214146) 

3 : 

x <- c(185.40953445517323, 8.874412984816471, 78.53174173438325, 122.60580561442977, 66.21488317125427, 120.96682838405816, 344.351240484574, 167.98874799154984, 55.974877020609924, 21.02219655908021, 81.78760095824018, 5.862270326832043, 3.7269502130173406, 62.52962684534457, 54.115411099981046, 219.9453985213776, 1309.6510321564842, 896.5118598871483, 531.7891593564074, 1697.5594352735482, 357.0168694759666, 1325.9553702075707, 380.60304713466206, 24.42680681118971, 72.63953478630657, 629.5416618372082, 5574.016753198009, 12.403473592312228, 72.09214274570147, 718.1558442912219, 146.27538534148783, 0.22115434405845175, 874.1777488564193, 1.2746076539577795, 315.8116465123385, 21.49055184520501, 267.1208526166224, 494.7769794156449, 49.46830259234432, 119.44747448785907, 384.5230283752632, 295.6450665949647, 1393.7723766576223, 642.6576139190039, 258.53214724064276, 454.5638900351744, 0.08891584259002151, 18.781347987537703, 2145.4177396249033, 875.2713332605088, 100.96333337133154, 582.9339987760501, 355.960562259955, 45.534948803559885, 525.6240387379574, 176.8474564886233, 32.94784911713047, 45.21898023196263) 

4 : 

x <- c(250.44590778725947, 209.66232506328896, 5.221678074116346, 0.4032982755026419, 0.25986406905632603, 324.24294166154414, 255.9926063726766, 32.76754672015877, 162.63525635522197, 33.039758140157204, 42.14481779216173, 2.1591739485599586, 11.5594052144403, 3.991792112315798, 17.291141716923697, 591.3547999734802, 1254.8383722337808, 68.47526928858352, 83.00906914785233, 4951.806575119891, 24.174150095864672, 1672.274845302381, 502.9126731232855, 391.40871311624676, 14.822872195965854, 1190.1755155254898, 4897.005822761119, 109.2594347882803, 11059.567233407952, 16451.963524476287, 5871.293699469685, 163.53839936700896, 1765.4695267860207, 44.36036432631637, 81.2868093099212, 285.0116468112445, 536.7478889998526, 222.00057076004458, 641.6624393480096, 33.55862003062116, 300.6818385295653, 392.99939920899953, 1667.5774965118324, 1042.848622506801, 744.1225499779018, 249.2706368106177, 153.7839953372443, 170.71463926973468, 2413.7592384446475, 42.49265258430353, 728.2483998969749, 5738.360265009644, 2831.212004072886, 13.904096697673953, 854.7426940548372, 53.31548198845862, 421.7945434709117, 251.78509110637208) 

5 : 

x <- c(188.7752630369154, 15.950796625730638, 61.105883069900145, 97.41743373993278, 47.68176172117296, 142.94019054172006, 332.4237200729452, 123.85142390100009, 100.04760695702996, 9.70749326276283, 72.04479134707655, 5.824135539563133, 2.0443580439941433, 49.696303647724314, 38.309789650711295, 255.7523501587308, 1298.09615114193, 751.0370500515942, 735.1635314257787, 1543.5515914271477, 444.72537504869234, 1346.078428719578, 388.52005493271895, 39.313708378845426, 52.07804970754404, 699.7398659578718, 5496.804124505631, 1.7550716365328574, 13.582930940728804, 547.4768017308377, 96.8339418203014, 1.0522443843246008, 948.4001472121523, 0.2126853432970991, 289.4973443103745, 36.4840860609993, 292.1011190489369, 463.61890478824284, 86.58987852800635, 83.88455668338479, 329.15746491643444, 346.7395705136368, 1425.3000967363498, 672.5729553453589, 291.5284909372406, 435.8883497541738, 0.9993327487643222, 28.39449630242871, 2163.20963846375, 724.6517017286192, 204.23938524297625, 458.47344813239465, 282.8812660753659, 62.653535026025864, 557.6209613378843, 162.4836417671881, 51.6541441872843, 59.85001160697025) 

6 : 

