med: 0.49361031112226295/desvio: 0.02655324830236179


Funcoes: 

1 : Expressao: (((X1*0.9456801844141275)-(X0-X1)))
2 : Expressao: (((X1*0.8018329660048253)-(X0-X1)))
3 : Expressao: (((X1/0.9531919379991103)-(X0*0.09418811210837441)))
4 : Expressao: (((X1*0.9448473854931388)+(X1-X0)))
5 : Expressao: (((X1/0.7559034355089784)-(0.4147480109076005*X0)))
6 : Expressao: (((X1*0.8905645415540298)-(X0-X1)))
7 : Expressao: (((X1/0.9669814093898463)-(X0*0.10615475994936352)))
8 : Expressao: (((X1/0.6386392261453637)-(X0*0.6586695688154558)))
9 : Expressao: (((X1/0.9259631404933064)-(0.23669104655909656*X0)))
10 : Expressao: (((X1*0.8643736558873065)+(X1-X0)))
11 : Expressao: (((X1-X0)+(X1*0.9424230203363831)))
12 : Expressao: (((X1-X0)+(0.906577415774572*X1)))
13 : Expressao: (((X1/0.9970009288049974)-(0.1011297171692298*X0)))
14 : Expressao: (((X1/0.6396525629860933)-(0.6528598348602299*X0)))
15 : Expressao: (((X1*0.9116788004852369)+(X1-X0)))
16 : Expressao: (((X1-X0)+(X0*0.8758386258257388)))
17 : Expressao: (((X1/0.6365895158440695)-(X0*0.5883988831260574)))
18 : Expressao: (((X1*0.8864338254266122)+(X1-X0)))
19 : Expressao: (((X1-X0)+(X1*0.8855992130947002)))
20 : Expressao: (((0.9067550983566947*X1)+(X1-X0)))
21 : Expressao: (((X1*0.9051092830164774)-(X0-X1)))
22 : Expressao: (((X1-X0)+(0.8837654746879164*X1)))
23 : Expressao: (((X1/0.6418940487250292)-(X0*0.7749274744177289)))
24 : Expressao: (((X0+X1)-(X0/0.8998902633423725)))
25 : Expressao: (((X1/0.8137656481817598)-(0.28295980150124056*X0)))
26 : Expressao: (((X1/0.7306659411054094)-(0.4164077323118889*X0)))
27 : Expressao: (((X1-X0)+(0.9040391570794647*X1)))
28 : Expressao: (((X1*0.9580734311011958)+(X1-X0)))
29 : Expressao: (((0.900023370602334*X1)-(X0-X1)))
30 : Expressao: (((X0*0.9029755113355113)+(X1-X0)))
Erros: 

1 : 

x <- c(0.06948790419687122, 0.06111319615157346, 1.4817583925024438, 0.06131585011677532, 0.17229930336121435, 1.8732782165625579, 0.007208362919719846, 0.09705890873671454, 0.08108022784827365, 0.15417706599432793, 0.09649487171624313, 0.06270391452179064, 0.010074572941659069, 0.5545745295420255, 0.0697734687717628, 0.002508680719911467, 0.23313920757278786, 0.005843651193225637, 0.10835374741488804, 0.007991616125340974, 0.046575179310517884, 0.013792053407938456, 0.024605748691381577, 0.11860751340500512, 0.056221119643812136, 0.007900696798486172, 0.7799505744350175, 0.2831414771042689, 0.7106109323453205, 0.21468014797668028, 0.1684808570840344, 0.023634109093588943, 0.06900757920699205, 0.03706661723828075, 3.0621689331403965E-4, 0.010467499724835726, 0.02431778503177452, 0.034478917663075315, 0.06552756119891527, 0.08239313376551274, 0.29844630190488713, 0.5511494681169057, 0.03332984453764273, 0.04580186467387396, 0.026459923426662577, 0.3209211782612109, 0.07344412236265291, 0.08016808708850787, 0.07900346051727203, 0.09252954737478647, 0.3675659876483079, 0.17554912585057778, 0.05143332608597427, 0.3756233549301423, 0.08521335604917579, 4.5772101318381745E-4, 3.5303278142748184E-4, 0.12402658582936912, 0.03534932807152171, 0.06382153892333883, 0.112127058928305, 0.2758752061776037, 0.15284520325665454, 0.0038269313560322918, 2.2708820121419428E-4, 0.20882966485126117, 0.056063136016087936, 0.051959729308131905, 0.017854404616023004, 0.45900120070872924, 1.3794623485219815, 0.6651532887786846, 1.18573210528141, 0.04573703909259139, 0.011247589948690132, 0.6423568056388526, 0.088114404690764, 0.38276014007496056, 0.05586413869966884, 0.13057769180717774, 0.0910724850993409, 0.04500739376179734, 0.12767434653375243, 0.3329969279453393, 0.010865030506364748, 0.09746345186253977, 0.24490464170904305, 0.41356412104678497, 0.11024696826545104, 0.15536042649662996, 0.023171794046525078, 0.05809564620529544, 0.07641085555439205, 6.526907438471178E-4, 0.1973059736947804, 0.35236589932684326, 0.009618720251727018, 1.0878931296092536, 1.4696499558485896, 2.378831567567071, 0.009547169731372712, 0.10964577751941303, 0.050875239209530375, 0.30217760878593436, 0.15786023618602274, 0.02467100049469265, 0.33002570204697806, 0.6602349293043269, 1.2840581464777425, 1.1366746729855841, 0.11770752850479409, 0.6633777665768187, 0.14733478074960393, 0.011448637894860501, 0.012436077078077224, 0.022047820161111037, 0.0046194086121323355, 0.03543960598072818, 0.07926951088482567, 0.20813469787390276) 

2 : 

x <- c(0.023711938191074908, 0.009894787752942925, 1.155631224316587, 0.040641131665762754, 0.3736753736507523, 0.9472130941429459, 0.08491107666791073, 0.40456586169052855, 2.3007907010448732E-4, 0.030481208865437384, 0.14328112391396539, 0.04372956540021856, 0.04519033925008889, 0.3060631777511748, 0.012308171839232258, 3.435678581839592E-4, 0.207892840010921, 0.016367080164110353, 0.05996818640082747, 5.875893298859261E-4, 0.03466578491372003, 0.006222263676330295, 0.004775943433188994, 0.2061279751103998, 0.16989168361703136, 0.03105763041468423, 0.3082129007415897, 0.08186720862263487, 0.8410099215426778, 0.23305959079728375, 0.19432505180179804, 0.0030302279528881793, 0.1617905265790627, 0.1625109315618525, 0.09948588778612855, 0.22455785412468832, 0.08054614719431794, 0.0761362172795659, 0.030873715012470635, 0.0029657224557776253, 0.544304913158514, 0.7259264729621913, 0.09682753857640816, 0.14507236838619425, 0.1517253014027682, 0.7472112794458947, 0.02665911225609315, 0.05059614670254187, 0.054040543308338414, 0.5698245286754294, 0.03967163087149362, 0.45315927254954336, 0.14027081249991838, 0.4607292693849884, 0.1299859070182839, 0.01716445549700825, 0.02773139235778636, 0.28377944976200176, 0.004378608840236574, 0.0011801383083882245, 0.004489411972255648, 0.5058621716072068, 0.048996335399390335, 6.703852600523994E-4, 5.341985133877756E-5, 0.12694469084316454, 0.013080442556420263, 0.015507175689829468, 0.007673139361861954, 0.504935769289919, 0.9343904295516798, 0.3759763143120444, 1.339888627224717, 0.01590327833707101, 0.0012040374499697898, 0.5862145632432453, 0.03236404947497296, 0.1584212563196155, 0.21136408160197134, 0.012852743691042121, 0.008958505020549555, 0.1048255300571346, 0.1583030794864592, 0.35492021443289634, 6.458903916991164E-4, 0.18650743344524004, 0.08758338403510785, 0.7044075799148303, 0.0032169548107439136, 0.4704215479727155, 0.038707932438128784, 0.01545903257828768, 0.0025826819528803105, 0.04245207627105536, 0.31794381032336394, 0.4339644188236084, 3.1231393643085426E-5, 1.3080657371779285, 0.9193733678892605, 3.099047998631317, 0.0870167959218907, 0.04032537233721053, 0.6727487259054287, 0.011623341965730245, 0.04337776947897953, 0.38524669407365836, 0.7983861626434731, 1.1074079784328237, 0.7547767768568392, 1.387136778785905, 0.2018142080786616, 0.9192046817870665, 0.008487414237878221, 0.06817296542364738, 0.0885521520667092, 0.06934917222375024, 0.09172702970910211, 0.23830834529182113, 0.2717896998008392, 0.44003404585219763) 

3 : 

