med: 0.7300791968010957/desvio: 0.2187633756818931


Funcoes: 

1 : Expressao: (((X1+0.4264850547815813)/(X0+0.946901839322801)))
2 : Expressao: (((Power[Abs[0.4507528568651159],X0])*(0.2516653719125538+X1)))
3 : Expressao: (((X1+0.15134946237568903)*(Power[Abs[0.5399755713889973],X0])))
4 : Expressao: (((0.31903488647600897+X1)*(Power[Abs[0.4862523703424747],X0])))
5 : Expressao: (((0.38441252883780386+X1)*(Power[Abs[0.6151214257555266],X0])))
6 : Expressao: (((Power[Abs[0.5007735752778149],X0])*(0.27063993107864814+X1)))
7 : Expressao: (((Power[Abs[0.4308642289792364],X0])*(X1+0.4331383921345311)))
8 : Expressao: (((0.3854818861771301+X1)*(Power[Abs[0.5361488281373088],X0])))
9 : Expressao: (((0.3768696011011857+X1)*(Power[Abs[0.3089764522039711],X0])))
10 : Expressao: (((Power[Abs[0.36184455484811207],X0])*(X1+0.2424056705547516)))
11 : Expressao: (((Power[Abs[0.45474675113180174],X0])*(X1+0.27065430142462277)))
12 : Expressao: (((X1+0.55855311402072)*(Power[Abs[0.5283407323828645],X0])))
13 : Expressao: (((Power[Abs[0.7012734731357598],X0])*(0.36577202923004837+X1)))
14 : Expressao: (((Power[Abs[0.41507429493550685],X0])*(X1+0.37483673954985497)))
15 : Expressao: (((Power[Abs[0.4405756270399316],X0])*(0.4324232984923223+X1)))
16 : Expressao: (((X1/X0)*(Sin[X0])))
17 : Expressao: (((Power[Abs[0.45681222866243787],X0])*(X1+0.5258993545857766)))
18 : Expressao: (((Power[Abs[0.6320041658915627],X0])*(X1+0.262825714387925)))
19 : Expressao: (((0.26887761539409494+X1)*(Power[Abs[0.33316510545446454],X0])))
20 : Expressao: (((0.2618834194418238+X1)*(Power[Abs[0.5460660701688879],X0])))
21 : Expressao: (((Power[Abs[0.5745020741184702],X0])*(X1+0.34120348394096356)))
22 : Expressao: (((0.42042743738445953+X1)/(0.9915596173809693+X0)))
23 : Expressao: (((Power[Abs[0.2967438993364786],X0])*(0.4754895063383744+X1)))
24 : Expressao: (((Power[Abs[0.3890969759396449],X0])*(0.27142853697471014+X1)))
25 : Expressao: (((0.28892856341984097+X1)*(Power[Abs[0.48031315258513496],X0])))
26 : Expressao: (((X1+0.3546436695213325)*(Power[Abs[0.6168387546224844],X0])))
27 : Expressao: (((Power[Abs[0.6272336139389724],X0])*(X1+0.2371466627746438)))
28 : Expressao: (((0.4448469517657757+X1)*(Power[Abs[0.5819844034755328],X0])))
29 : Expressao: (((X1+0.33845804910389377)*(Power[Abs[0.5682465902533976],X0])))
30 : Expressao: (((0.3581132935683853+X1)/(0.9781026931749401+X0)))
Erros: 

1 : 

x <- c(1.1244013529667556, 0.1301878699495552, 0.9441857748577339, 0.04840884424648024, 0.0597404638627709, 7.702060268059464E-4, 0.06739635491355364, 0.0015108494688666821, 7.083320896589384, 49.00505891909382, 0.16549702715818018, 4.002703891858844, 0.464194819948398, 0.0663546317832008, 0.9955017584425812, 0.8762527166473585, 0.5880022845457517, 0.21199630648962267, 0.08936684351196375, 1.9168158431985918, 2.539337139904523, 0.4698678468327114, 0.3187665851821287, 2.0011860809520407E-5, 1.4810108872206211, 0.6450602783517231, 4.970506821149182E-4, 0.5419667001228592, 0.3588012684077742, 0.22269100930288246, 0.19964056173321063, 0.037165318886535736, 0.002396504177217234, 2.383012617190384, 22.22807693545014, 11.61805517284769, 3.9900935219847318, 10.884271543386912, 18.68414938081466, 21.295143704824557, 18.68414938081466, 21.480130350949672, 18.781117006337695, 6.328538242367195, 0.15302244233225282, 2.5689872808709597, 0.6634869202351207, 0.34281118475211136, 23.580888791999637, 11.676720195624469, 1.934070335115426, 0.8410504234478792, 3.7319800885778976E-4, 0.010388607962372873, 0.49749047200646446, 0.2602938612136348, 0.03776809432357467, 2.9502917561382983E-4, 0.07431010712028323, 1.9361006674456778, 0.0811879824648973, 0.8197509642461295, 0.5871524191159485, 0.5299901317726748, 0.4934722913469364, 0.48157745319864326, 0.21705693225377684, 0.1270502584693003, 0.21582189497208087, 0.40455099913117115, 1.0338954127014506, 0.5315762925267907, 0.3819292052712418, 0.5857710947817222, 0.5463023338631892, 0.32048123019314795, 0.4981426940119516, 0.24420043026162683, 0.6165130947924802, 0.16270121218470643, 0.41714015447645836, 0.40671280720895353, 0.8992507675847927, 0.48889691709269495, 0.3539487667245832, 0.6697782289613302, 0.743130555806795, 0.18278067192131603, 0.13328147936933288, 0.2823650298016676, 0.7886717022594925, 0.003020155924444923, 0.8508045333876669, 0.548680488017133, 0.48919714205301207, 0.5257918279624988, 0.6983456363273284, 0.48608973887566553, 0.43711851323683787, 0.4197218907934445, 0.43126894909159613, 0.5788115903615633, 0.5502829521497243, 0.04524461220103102, 0.4074364429501009, 0.8397209168933397, 0.25935300967390873, 0.4191145774259989, 0.5433306898266621, 0.6425874577277724, 0.6977390856655528, 0.2876568734137008, 0.35111020889632, 0.7784342733060188, 0.9421854692566569, 0.23352507739586068, 0.002494856639288984, 1.4063676937561056, 0.6028535209435252, 0.4553157423532969, 0.46545903788045223, 0.6142158289026914, 0.8109958671173486, 0.3927028801186504, 0.04529442871031484, 1.0330307023662864, 0.42127669920283345, 0.0279076715589959, 0.10053794342682447, 0.9036425506293225, 0.5823396326647321, 0.30735692788349717, 0.5812507365076993, 0.5813639859498586, 0.7929836539597866, 0.15066822304837488, 0.3521488553800513, 0.8726333500794673, 1.152774397490906, 0.39954946271896274, 0.02111829977351404, 0.5799317928444255, 1.027045156588655, 0.29409609285729793, 0.32990966727405324, 0.602071118113528, 0.9751759017075697, 0.3068635481270268, 0.09404716803406098) 

2 : 

