med: 25571.536772474745/desvio: 589.5531754588703


Funcoes: 

1 : Expressao: (((X1-X0)+(X0*0.922794215030195)))
2 : Expressao: (((X1-X0)+(0.9482575080673287*X0)))
3 : Expressao: (((X1/0.6906243021696213)*0.6584040868481513))
4 : Expressao: (((0.9072890444480429*X0)+(X1-X0)))
5 : Expressao: (((X1-X0)+(0.9365593740560508*X0)))
6 : Expressao: (((X0*0.959413590404205)-(X0-X1)))
7 : Expressao: (((X1/0.7208023661020915)-(0.43990020570510546*X0)))
8 : Expressao: (((X0*0.9677640263686468)+(X1-X0)))
9 : Expressao: (((X1+X0)-(X0/0.926845390083636)))
10 : Expressao: (((X0*0.924483009110562)+(X1-X0)))
11 : Expressao: (((0.5429400571887308*X1)/0.5670953981359452))
12 : Expressao: ((0.5967579491439977*(X1/0.6238057279653142)))
13 : Expressao: (((X1*0.7345294224356643)*1.3027471158624777))
14 : Expressao: (((X1+X0)-(X0/0.8981513549922743)))
15 : Expressao: (((X1+X0)-(X0/0.9435846151272612)))
16 : Expressao: (((X1/0.6222422699928171)-(X0*0.649385202655796)))
17 : Expressao: (((X1-X0)+(X0*0.9558412701238735)))
18 : Expressao: (((X1/0.7763269134969781)-(X0*0.3244046059048862)))
19 : Expressao: (((0.8923379228202972*X0)-(X0-X1)))
20 : Expressao: (((X1/0.6970746792757095)-(0.4876600375065685*X0)))
21 : Expressao: (((X1-0.03466156003108978)-(X0*0.10529154075726532)))
22 : Expressao: (((X1+X1)*0.47685502708791744))
23 : Expressao: (((X0+X1)-(X0/0.933517944873179)))
24 : Expressao: (((X0+X1)-(X0/0.9019376243918928)))
25 : Expressao: (((X1/0.7634669496335752)-(0.39589446265405503*X0)))
26 : Expressao: (((X0*0.9252098847902487)+(X1-X0)))
27 : Expressao: (((X1/0.9101699418868462)*0.8675461621462388))
28 : Expressao: (((X0+X1)-(X0/0.9279779654820575)))
29 : Expressao: (((X1-X0)+(X0*0.9224771113412333)))
30 : Expressao: (((X1/0.9403860013417664)-(0.18278577254574935*X0)))
Erros: 

1 : 

x <- c(1.7521573865292904E8, 2.307890922199894E9, 1.5218458962374833E9, 1.809844125226685E8, 5.020965159835619E8, 5.538846265483732E8, 2.4730709206820613E8, 1.405786456266524E9, 245022.64555854892, 3.3586107582409114E8, 2.0228772098361883E8, 3.347528741080276E8, 5.355717235473412E8, 1.3773320681273258E9, 1.979232199566149E9, 1.6519886253957617E8, 1.7310870670210116E9, 2.5168459269688588E8, 6.004835580976684E7, 7.391119618777585E8, 3.292395953512828E8, 7.803847274246429E7, 1.2797762349038748E7, 1.2747583482820378E8, 4.7275371655215424E8, 1.1044257727160687E9, 1.1560622185299768E9, 7.520374777750907E8, 7.208736800802814E8, 3.666990223517469E8, 1.8649841711478886E8, 7.250879741417778E8, 5.0306351138984615E8, 2.470781219042963E8, 1.1667549379746009E7, 1.2646420177987364E8, 2.1268563771663585E8, 1.8701488685515432E9, 1.3034035121222098E9, 1583360.2117022085, 3.9445069262902933E8, 4.7420389433948654E8, 4.969067717248322E7, 1.1867920886714697E9, 2.693326576158822E8, 8.38109213251768E8, 1.2092702321941558E7, 1.9844118376252356E8, 1.7144620337160087E8, 1.0274616468959988E9, 1.3004188789545968E9, 1.5251601165820464E8, 6.82704338679865E8, 2.3424555857380447E8, 1.8739713710211533E8, 2.0848486987773948E9, 6.099391814703898E8, 7.691081905311779E8, 2117108.841689712, 4.2739957305465823E8, 4.421988758061198E8, 2.4563246272263646E9, 1.7463300807228327E9, 1.0063467014389837E8, 1.140090902911918E9, 8.664329079880965E8, 3.450189156381413E7, 2.3093462753348536E9, 3.2857418011563474E8, 9.49313149566251E8, 7387359.668591858, 1.4796497437880766E8, 2.9419928794482917E8, 1.9115539180955653E9, 2.1116454328525996E9, 8.474474453918537E7, 1.3036090396995327E9, 7.604623884843532E8, 3.5590524670827866E7, 9.376539704272608E8, 1.4384733487561873E8, 3.8266858872000766E8, 4802195.18709879, 7.056314718630536E7, 8.210624909266782E8, 1.0034731986696582E9, 2.5324238667101064E9, 342517.7008703829, 1.278962501576034E9, 3.2269010796803164E8, 2.0734690146428958E7, 4.263327598035161E8, 6.314853458987098E8, 5.860032707800738E8, 1.463217737820564E8, 2.3768921924194413E8, 2.3661099395034027E8, 1.1908688839618773E9) 

2 : 

x <- c(1.4276350069791463E8, 2.239935130541261E9, 1.448617676215771E9, 1.2847442506735034E8, 6.474932077507255E8, 7.15676893857049E8, 3.2899559475847703E8, 1.2909114892539146E9, 233183.0253814869, 4.0555208032506126E8, 1.5559749197182608E8, 3.778604834304306E8, 4.7405957690217483E8, 1.3174716731478126E9, 1.8653400400059526E9, 1.1389035588778503E8, 2.0088233904080732E9, 3.7006318246803015E8, 9.631466081870808E7, 6.64919605307787E8, 2.924484000336433E8, 1.0945144501225956E8, 3.1212355858371474E7, 1.6768426815648383E8, 4.133232959742598E8, 1.0391543181385859E9, 1.0601106534777775E9, 6.356692070711038E8, 8.888977787793266E8, 5.1267304080246675E8, 2.6363157208652547E8, 6.302330595593654E8, 4.4745001387307954E8, 3.0764094892977315E8, 3.259674279234475E7, 1.6895752525891224E8, 1.7148070391942704E8, 1.7790012671068504E9, 1.209596601487536E9, 1.2963798747850955E7, 5.2992551041053766E8, 6.112108189456822E8, 8.548809427469522E7, 1.0913119437492323E9, 2.354880935189291E8, 9.476438895794605E8, 1711232.652359591, 2.3646727503492698E8, 1.4118443807550803E8, 9.797363832796446E8, 1.229775509986608E9, 1.1232882114031346E8, 8.249177520858958E8, 3.2678206146546257E8, 2.4323027528028595E8, 1.9675739591134264E9, 5.707281627516642E8, 8.762726650886595E8, 961640.3350531181, 4.954555953430582E8, 3.839379708510569E8, 2.379091979308289E9, 1.6466553419168503E9, 5.806763112070686E7, 1.3799266666123152E9, 1.0815300786747913E9, 6.731101616982171E7, 2.184734678948914E9, 2.93834368786918E8, 1.0836020163862164E9, 50746.82615343543, 1.8795176498044634E8, 2.474334096919233E8, 1.8256952478374374E9, 1.9920626278514578E9, 4.690833054596816E7, 1.5626554342498386E9, 9.643414305699224E8, 6.821695698884182E7, 8.58385723454265E8, 1.2099356479853253E8, 4.5085832885270154E8, 84810.7045836892, 9.35706976670855E7, 7.547154269034667E8, 9.491157071787994E8, 2.3828950306053143E9, 2763880.3492487594, 1.5347020306364367E9, 4.5018777737310714E8, 4.400299365512892E7, 3.715846557752166E8, 5.776623699370197E8, 6.616294406268936E8, 1.005275979899104E8, 2.806911068843409E8, 1.9313502320859548E8, 1.123582114775369E9) 

3 : 

