med: 7.676421059525238/desvio: 0.2624310971907692


Funcoes: 

1 : Expressao: (((X1*0.8260835484725738)/(Sqrt[Abs[X1]])))
2 : Expressao: (((X1*0.7737291537542055)/(Sqrt[Abs[X1]])))
3 : Expressao: (((0.6685704699784262*X1)*(Power[Abs[0.8902521804809801],X1])))
4 : Expressao: (((0.5757128328591508*X1)*(Power[Abs[0.9308235338211076],X1])))
5 : Expressao: (((0.7093744496647609*X1)/(Power[Abs[X1],0.4110321386121346])))
6 : Expressao: (((0.8697131614159287*X1)/(Sqrt[Abs[X1]])))
7 : Expressao: (((X1*0.72698016689956)/(Sqrt[Abs[X1]])))
8 : Expressao: (((0.6997576503133877*X1)/(Sqrt[Abs[X1]])))
9 : Expressao: (((X1*0.7357616334535635)/(Sqrt[Abs[X1]])))
10 : Expressao: (((0.13709670481024405+X1)*(Power[Abs[0.859321418727208],X1])))
11 : Expressao: (((0.7775276296845818*X1)/(Sqrt[Abs[X1]])))
12 : Expressao: (((X1*0.6657887504911707)/(Power[Abs[X1],0.4080223096069102])))
13 : Expressao: (((X1*0.6669147288602616)/(Power[Abs[X1],0.3444779720613258])))
14 : Expressao: (((0.7193413297151464*X1)/(Power[Abs[X1],0.3615978504743421])))
15 : Expressao: (((0.7172590256203939*X1)/(Sqrt[Abs[X1]])))
16 : Expressao: (((X1*0.6905624446092881)/(Sqrt[Abs[X1]])))
17 : Expressao: (((X1*0.7022862243981172)/(Sqrt[Abs[X1]])))
18 : Expressao: (((X1*0.6296089369588522)/(Power[Abs[X1],0.25201178174080374])))
19 : Expressao: (((0.625036146575167*X1)/(Power[Abs[X1],0.35674631517709265])))
20 : Expressao: (((X1+0.2282878360305184)*(Power[Abs[0.8445044064869948],X1])))
21 : Expressao: (((Power[Abs[0.8757352895249373],X1])*(X1*0.723944442937165)))
22 : Expressao: (((0.8209048007761257*X1)/(Power[Abs[X1],0.3694004994294483])))
23 : Expressao: (((0.6929427648745747*X1)/(Sqrt[Abs[X1]])))
24 : Expressao: (((0.6595073086760906*X1)/(Power[Abs[X1],0.31011780184884363])))
25 : Expressao: (((0.8177756095649085*X1)/(Sqrt[Abs[X1]])))
26 : Expressao: (((0.6927689984585367*X1)/(Sqrt[Abs[X1]])))
27 : Expressao: (((0.7758751439416096*X1)/(Sqrt[Abs[X1]])))
28 : Expressao: (((X1*0.7250150483458528)/(Power[Abs[X1],0.22636168540112478])))
29 : Expressao: (((0.7325229740870881*X1)/(Sqrt[Abs[X1]])))
30 : Expressao: (((X1*0.712142443976884)*(Power[Abs[0.9079840995538826],X1])))
Erros: 

1 : 

x <- c(11.058947838781929, 8.60337754169569, 5.769598165168533, 21.851498924874036, 0.0276192350382438, 1.0310334595437036, 3.8983278704562614, 57.80307359361389, 23.2545875043097, 22.12109648287434, 23.628334192970353, 19.395711144422602, 14.033428351809912, 32.616059593224556, 8.122434362193218, 0.23282925728901024, 3.924272889968293, 9.577966767176855, 0.4867262130077772, 11.562622953699583, 4.8201381968545265, 66.43527777067096, 706.3036567762045, 110.36035157206014, 109.54865319936256, 3.6255022993141184, 2.5485415934093476, 28.8381375802393, 4.367908975455651, 2.02886642093888, 2.715641791069387, 31.181855898033515, 18.36982192482757, 13.03882930893765, 198.62172694109626, 1230.727900587381, 148.74155620421234, 56.28058347217256, 114.64624987010903, 75.4743621450245, 2.1662767496864483, 6.298381203857947, 8.91662085421598, 1.0095881344779138, 29.972503169260044, 0.9378686983869015, 1517.6606460935636, 10.32685184206179, 81.28522194152376, 70.80257501891903, 17.77445255102627, 807.7951935199236, 330.35031173981594, 18.225842627499123, 1.0111474510419998, 14.880453335315654, 46.45876038561696, 24.913027202645964, 29.102379758455545, 116.39530226946944, 19.712284892789278, 8.344059437257668, 0.043102135239387315, 19.33440933784161, 80.52255258498018, 56.86950602780886, 29.40640287176538, 0.01925564593770148, 36.40244132674687, 62.46927643711485, 1.9044521648233586, 30.08202478459155, 15.90048026949363, 124.20090094696296, 92.83728974546504, 128.16361563388716, 10.770805062205982, 43.549297192753265, 7.612193501624625E-4, 91.04157696585227, 21.68601059436526, 25.2679456955027, 2.0418546827756634, 229.0929403032022, 12.396347282974718, 5.492433242876407, 34.829313934545596, 18.85980083832547, 2.4930449039651834, 0.7916936414534689, 22.7583161000063, 5.685050187526777, 22.926377770992087, 54.133102218269165, 40.87165776326231, 89.35744424248705, 9.009973536830001, 0.10899184823740427, 16.502638753178033, 30.57037702578226, 26.62854070771243, 0.26787566314449635, 18.816768657707055, 44.30507319871632, 30.200214382048213, 19.92427985381389, 8.124427956907757, 201.50703366391994, 0.034992150291847275, 45.378964921321824, 29.480667322136853, 0.059954425578759823, 3.4292565088896816, 0.9627285351326845, 21.653004622089334, 0.4564959219186774, 15.27569805421448, 39.88529297779638, 1.3890166074213508, 73.0475746009645, 111.50462351443873, 10.134389938512642, 34.69001289293527, 88.98547542941058, 0.34689971877455855, 11.745502698318544, 24.218766652071807, 46.143523567122756, 43.11401458505705, 24.73961157903268, 4.125562755835326, 123.71259605807295, 21.45338357703927, 5.5376428163853, 1.4104138181817218, 7.094365636808452, 7.391983164813274, 1.236554549916041, 14.675735429954988, 7.885954600057298, 7.555937742441526, 7.136548041259, 169.72548782965947, 165.12780891063795, 6.727259684964365, 1.9248029438338825, 1.6421123113898644, 77.45143333691807, 1.3816885766540628) 

2 : 

