med: 50.78938050459612/desvio: 1.3433859281693055


Funcoes: 

1 : Expressao: (((0.9479331856861969*X1)/(Power[Abs[X0],0.06428738997110006])))
2 : Expressao: (((X1/0.689892509989004)-(X0*0.5448855569353054)))
3 : Expressao: (((X0+X1)-(X0/0.9656476286798285)))
4 : Expressao: (((0.9345522274673007*X1)/(Power[Abs[X0],0.09595555461130967])))
5 : Expressao: (((X1-X0)+(0.9609114396231224*X0)))
6 : Expressao: ((0.758154427562314-(0.7308260199590064-X1)))
7 : Expressao: (((X0*0.9533025452743855)+(X1-X0)))
8 : Expressao: ((0.0309069238108268+(X1*0.9933990034823127)))
9 : Expressao: (((X1-X0)+(0.9421325000668312*X0)))
10 : Expressao: ((0.5276973680737449-(0.5018452322587773-X1)))
11 : Expressao: (((X1+0.03252672774025067)-(X0*0.0659960400094779)))
12 : Expressao: (((X1/0.8388671027918554)-(0.2802611064694357*X0)))
13 : Expressao: (((X1+X0)-(X0/0.9786471067768215)))
14 : Expressao: (((0.19039060390783902+X1)-0.16313221170182995))
15 : Expressao: (((0.9705555691659343*X0)+(X1-X0)))
16 : Expressao: (((X0*0.9288458991978867)+(X1-X0)))
17 : Expressao: (((X1-X0)+(X0*0.9330003019647862)))
18 : Expressao: ((0.9931319105870232*(0.02492721598931824+X1)))
19 : Expressao: (((0.028536782177203568+X1)-(0.049098863040440865*X0)))
20 : Expressao: (((X1/0.7718475642695178)-(X0*0.3456771626150773)))
21 : Expressao: (((X1/0.6755337312932568)-(0.46347385638980954*X0)))
22 : Expressao: (((0.02194286845893012+X1)*0.9652503642724319))
23 : Expressao: (((X1+X1)-(X1-0.029705264393875552)))
24 : Expressao: (((X0*0.9666448785486274)+(X1-X0)))
25 : Expressao: (((0.01894811912898231+X1)/(Power[Abs[X0],0.0693676456977208])))
26 : Expressao: (((X1/0.9315835293214837)-(X0*0.17463010660120437)))
27 : Expressao: (((0.9506039480301692*X0)+(X1-X0)))
28 : Expressao: (((X1/0.7877190790694375)-(X0*0.378037435626538)))
29 : Expressao: (((X1+X0)-(X0/0.9420475593715856)))
30 : Expressao: (((X1-0.45099710255930847)+0.4792362656738285))
Erros: 

1 : 

x <- c(795.7522101898973, 6679.133181575682, 1150.7445435112063, 2003.0430535879725, 771.3403559401148, 437.0354706573549, 309.02882127979495, 4310.528345946798, 74.97650082318481, 921.3028564529423, 3476.9036958282027, 7700.373294633259, 1054.3666376062984, 4651.537115402002, 1395.1734536668573, 1238.9499812261217, 2258.6647383031186, 241.40634642414983, 344.48508138390343, 1200.0091197996662, 2356.191408955934, 483.9598605790057, 6037.958391959678, 11540.849562985737, 292.254011522224, 3714.8577696887137, 471.79262233397344, 2989.694755363127, 2541.6275455072473) 

2 : 

x <- c(12.84528351604354, 7603.036637689996, 476.6634036988646, 288.09176419863286, 3195.916894179497, 187.5945837780665, 525.7894697691196, 6351.0203456073405, 1081.273646455554, 1639.0321225322698, 2729.861659751363, 4349.570094445899, 23.782878899970502, 5686.6650604012775, 188.67422201644408, 5.765158440188853, 5672.030948392179, 0.21574785158404572, 380.2284891108571, 2780.0530793505022, 1597.8528354963973, 28.63210846332643, 5668.821783924901, 5923.879973312507, 949.3833963683899, 3388.9866436231623, 790.6186677282967, 792.6639058084444, 8308.445431115286) 

3 : 

x <- c(380.3831930455623, 8743.075921187772, 1369.4717506726772, 1989.1058255198507, 888.0255559323016, 578.720494602084, 255.4524524085778, 4466.961615112173, 60.918146609651885, 810.6409020562221, 3149.0067848800923, 6556.108243726187, 317.5406067931781, 7478.215084312142, 2123.8599297166816, 1482.288564902003, 2256.9464658863585, 222.20317466202357, 464.9982562697519, 1079.9817004466506, 2110.3126747252877, 253.8994914710444, 4820.295823317982, 8802.13030982123, 48.15168242091044, 7369.220709110704, 1254.1058016917293, 3956.3661144337043, 2345.3051113415327) 

4 : 

x <- c(1058.621086271796, 5661.932040299801, 908.8990883754228, 1903.8478864476306, 772.7331807145723, 365.39183397935744, 336.2547839719117, 4320.51482885031, 90.48598855987258, 1027.5765284960355, 3683.1390226813455, 8307.502607451845, 1562.1117953891091, 3416.640795491593, 947.1583746044697, 1025.5050311524444, 2376.2038505870496, 249.18421710282172, 274.88082084783747, 1334.692462447454, 2507.417819978553, 633.1100454160764, 6798.303155655773, 13027.576893007119, 819.1006023959054, 2265.4339697455785, 160.0253368416906, 2411.01577354816, 2822.9385627653496) 

5 : 

x <- c(401.8843973323005, 8605.15710582982, 1311.6527048551472, 1950.5199127276228, 904.5852648312995, 583.7531735971235, 249.1227972103972, 4504.478601985476, 57.580499009320825, 835.9896916996247, 3194.8043927485073, 6635.849908847048, 342.00330308621045, 7316.396706209527, 2034.5479823518954, 1433.2634273900073, 2299.449438525201, 230.84516713502637, 446.2910696366365, 1111.7863576606783, 2146.205561258487, 269.6701819235725, 4908.874015096086, 8928.989662801236, 36.5310164617394, 7164.502561546583, 1174.3507627974866, 3856.345479924571, 2407.2130148057877) 

6 : 

x <- c(114.95081081558182, 10874.00314467498, 2330.8124429695345, 2733.040350234209, 562.7101122053889, 388.93801947006364, 452.77406893297973, 3687.1019700071474, 176.31825440363025, 429.38104265389495, 2373.7856918011717, 5288.418248213124, 59.62174126408875, 9856.218260594125, 3513.939187947383, 2330.8124429695345, 1577.79848314669, 76.06476444791919, 857.2298834623259, 611.1531353892202, 1499.3554599628587, 59.621741264087866, 3566.6589468233165, 7009.291503235278, 371.6601153006402, 10257.332214226462, 2527.9263966018716, 5517.29384018992, 1499.3554599628587) 

7 : 

x <- c(450.4650145527813, 8310.288071244926, 1190.7342267641225, 1868.2674937548409, 940.9651063278467, 594.724757570421, 235.68972119981862, 4586.249238202565, 50.67592081087652, 892.2130119210684, 3295.0998591628254, 6810.160943308822, 398.08098431501577, 6972.087428514635, 1847.7407023843589, 1329.937646221661, 2392.8369225500282, 250.1220347818406, 407.101746520485, 1182.2324247305644, 2224.959192126108, 305.44559289656996, 5103.429982004819, 9206.779957443428, 16.860003205055452, 6731.12192233007, 1010.6406040422014, 3644.1655979046855, 2544.0215950920474) 

8 : 

x <- c(136.49364133659358, 10655.30498354551, 2293.57061781935, 2723.6168014530813, 551.6987781268392, 386.77105913538037, 448.66361960693087, 3684.4294016874815, 165.84379543647427, 443.3532261186763, 2422.055057435842, 5410.72498754297, 82.07102734351908, 9578.1616544538, 3422.4580977006667, 2291.6742306306937, 1586.5500465262924, 83.08985385527434, 829.7524763390936, 626.1480099340029, 1537.2498217772957, 71.99555457772989, 3667.226597588341, 7220.494540404762, 304.57998779675245, 9911.762725680754, 2421.105822669627, 5404.452369504905, 1522.2754634157186) 

9 : 

x <- c(526.8026866173623, 7886.7254132973785, 1023.8139216374915, 1750.7286862460617, 995.6708581712596, 611.0163602849211, 216.64402669711464, 4707.623026840029, 41.33840444532564, 978.064646776497, 3445.1441249810114, 7070.147663455937, 488.11302596219303, 6481.6652505767115, 1589.796112495399, 1185.254642236185, 2533.2994140126216, 279.82113678414856, 352.83273481237563, 1289.568866244166, 2343.1420571992653, 362.0001910932224, 5395.892300223776, 9622.291602487048, 1.5902909759783677, 6119.400149853432, 792.5618430085989, 3343.5559834856376, 2751.709320626822) 

10 : 

x <- c(118.77979760915976, 10837.098466940151, 2313.743288831147, 2714.55437298179, 571.1437741195695, 395.9548582702126, 445.2684708143052, 3708.64124572612, 171.64630251301884, 436.7520872325518, 2391.0744981780495, 5314.207993274191, 62.38811072214035, 9821.084611751825, 3492.9737702454154, 2313.7432888311523, 1591.8994375169966, 79.18533968448135, 846.8906391155916, 619.9410030819087, 1513.1022085546574, 62.388110722142144, 3587.844016763781, 7038.977511859922, 364.8629287389836, 10221.490153827192, 2510.1488309064684, 5491.015335810327, 1513.1022085546574) 

11 : 

