med: 0.7741539740430445/desvio: 0.3177473342294921


Funcoes: 

1 : Expressao: (((Power[Abs[0.5016090800744175],X0])*(X1+0.34098733086599164)))
2 : Expressao: (((0.17500568197672117+X1)*(Power[Abs[0.4395783652579063],X0])))
3 : Expressao: (((Power[Abs[0.370746542588158],X0])*(X1+0.2570739934659617)))
4 : Expressao: (((0.28213159137605237+X1)/(0.9553009423933188+X0)))
5 : Expressao: (((X1+0.310044726324301)*(Power[Abs[0.4872849461592603],X0])))
6 : Expressao: (((0.4971188284424858+X1)*(Power[Abs[0.4027167622623369],X0])))
7 : Expressao: (((Power[Abs[0.6438627760005797],X0])*(0.9860858370361316*X1)))
8 : Expressao: (((0.3347413781152402+X1)*(Power[Abs[0.589726707406089],X0])))
9 : Expressao: (((X1+0.21282508475988415)*(Power[Abs[0.30987653563734163],X0])))
10 : Expressao: (((Power[Abs[0.638664917558939],X0])*(X1+0.4896173754278408)))
11 : Expressao: (((Power[Abs[0.6389961008544252],X0])*(0.09182366470615655+X1)))
12 : Expressao: (((Power[Abs[0.597130217429534],X0])*(0.2855223739514351+X1)))
13 : Expressao: (((Power[Abs[0.32774906447640095],X0])*(0.4996846214229106+X1)))
14 : Expressao: (((Power[Abs[0.34550600099381756],X0])*(0.2352967921142889+X1)))
15 : Expressao: (((Power[Abs[0.3225090342703827],X0])*(0.4294861036626514+X1)))
16 : Expressao: (((X1+0.4446932651620862)/(X0+0.9124987683306488)))
17 : Expressao: (((Power[Abs[0.5445994037094561],X0])*(X1+0.39713397515504867)))
18 : Expressao: (((Power[Abs[0.6149931850391921],X0])*(X1+0.21922964023929659)))
19 : Expressao: (((X1+0.41309356459034163)*(Power[Abs[0.4129668558828389],X0])))
20 : Expressao: (((X1+0.4459724899666283)*(Power[Abs[0.3570635947491908],X0])))
21 : Expressao: (((0.346159006643195+X1)*(Power[Abs[0.38043014948470455],X0])))
22 : Expressao: (((X1+0.33636640714129606)*(Power[Abs[0.4292733602815284],X0])))
23 : Expressao: (((Power[Abs[0.5310015757232542],X0])*(X1+0.439601598428071)))
24 : Expressao: (((Power[Abs[0.5160007824575383],X0])*(0.35353231900426163+X1)))
25 : Expressao: (((Power[Abs[0.4604717420937895],X0])*(0.48013610057655076+X1)))
26 : Expressao: (((Power[Abs[0.32558340777409667],X0])*(0.45364712296749043+X1)))
27 : Expressao: (((Power[Abs[0.5321541545127932],X0])*(X1+0.5547400231874837)))
28 : Expressao: (((Power[Abs[0.5171792251321278],X0])*(X1+0.2869046412540467)))
29 : Expressao: (((0.29620387177274565+X1)*(Power[Abs[0.4463258971697076],X0])))
30 : Expressao: (((X1+0.3921751112360117)*(Power[Abs[0.43635019942368836],X0])))
Erros: 

1 : 

x <- c(1.004783684795938, 0.12409831034561956, 0.0023971555342203296, 0.059272472467084565, 0.13912062117883214, 0.06888960039634359, 0.019710347583774424, 0.054299410724302416, 6.4992653665813025, 12.807570505343596, 0.23955919380051768, 3.5164250797998964, 0.3552495589440004, 0.02533895190222678, 0.26623695885347437, 0.5376775300721082, 0.392956480168864, 0.16583780326487838, 0.05259480039234143, 0.6400754459853247, 3.043943335644619, 0.19593309596631842, 0.5462976202869891, 0.11208172594882722, 1.1701369597109499, 0.5279957670851229, 0.0026732792121272305, 0.2938511631550312, 0.2594667460154293, 0.2671566831315216, 3.0987229342124064E-4, 0.16648359035467608, 0.12438200642410766, 3.764315288505381E-7, 0.028237244350064708, 0.0034711029371788976, 0.0011286650408360677, 0.0018933764800921587, 0.008050720303843524, 0.00462936173299722, 0.008050720303843524, 0.00775093825641073, 0.06451469526346708, 0.012147856733803575, 0.03174938163184726, 1.239488565470842, 0.5339509422604732, 0.009955118177416162, 0.051073001789392856, 0.002057709575973283, 0.003623528761261738, 0.004453748440203009, 0.04602860789024502, 0.017040619894717644, 0.24384601021335153, 0.1337434819101113, 0.14324949706457887, 0.36768364159254036, 0.02804568691174903, 1.648427103083035, 0.05107924870360217, 0.4422197409381926, 0.364253869349667, 0.3094968359325023, 0.28113999133244716, 0.28945520405066016, 0.1292053359386137, 0.05351477149469957, 0.04841454912412419, 0.11961693757713229, 0.6404193066823265, 0.3500019728449566, 0.19920546834829272, 0.3097115097738546, 0.31332406740843183, 0.1648868282179065, 0.26400541125734744, 0.11377746229065148, 0.3210383456776021, 0.06254662619207647, 0.1419936270856999, 0.16210734642263447, 0.5389143082947262, 0.2991018308164851, 0.17131207128901402, 0.3599140894974395, 0.4806790444370022, 0.11304407326522357, 0.07405781700416965, 0.11854601098839156, 0.44881443430607565, 0.00396754877868053, 0.20370804488291877, 0.2915476024962832, 0.292178627786829, 0.31786714743509514, 0.44611829399331576, 0.28818050556018115, 0.23017403664862848, 0.20902328538436277, 0.21145561202819832, 0.31637549066335374, 0.3354702039321041, 0.010733413852634535, 0.09393015801142995, 0.43579956752672644, 0.11862424364101196, 0.17611584251810397, 0.29654879218760766, 0.4119344505867753, 0.46313069887293934, 0.14410804518217107, 0.1322054767946578, 0.4167569798299244, 0.6423794032495806, 0.1382448577838713, 0.027301986609200243, 0.4432336206048408, 0.37729786863952663, 0.2639531415810567, 0.2440504154369641, 0.3445583159250647, 0.5220272795788978, 0.24545713715898124, 0.014088919265716458, 0.5050507175917972, 0.2706051899886789, 0.01043124671956901, 6.025752425157648E-4, 0.3462137535667602, 0.3734596241509601, 0.16857709352055864, 0.33485743282626845, 0.36348804306527605, 0.526041017701575, 0.05776025683143476, 0.09506859079427372, 0.4779361789314132, 0.8463511569413744, 0.26823085989666107, 0.022394050041046856, 0.06051635872675988, 0.5709434300415276, 0.16500478651081082, 0.14672816856288012, 0.3479235695829647, 0.7068965748543122, 0.1759369066715459, 0.008655824603759583) 

2 : 

