med: 715.1277927343635/desvio: 34.694348881231946


Funcoes: 

1 : Expressao: (((Power[Abs[0.7830690838401495],X1])*(0.5988602410986096*X1)))
2 : Expressao: ((0.7180569748372067*(X1-0.09169819974574256)))
3 : Expressao: ((0.7206138886227361*(X1-0.1138888302220139)))
4 : Expressao: (((0.6366545881441729*X1)*(Power[Abs[0.7866470221396878],X0])))
5 : Expressao: ((0.9655592413742574-(Power[Abs[0.5686312773188231],X1])))
6 : Expressao: (((Power[Abs[0.8328848188794414],X1])*(0.6663949064173051*X1)))
7 : Expressao: (((0.1621639732313933*X0)+(0.6114108187438613*X1)))
8 : Expressao: (((0.7005036289459142*X1)*(Power[Abs[0.872489062700325],X1])))
9 : Expressao: (((Power[Abs[0.7673209681978068],X0])*(X1*0.6766232577098154)))
10 : Expressao: ((0.6967511025636118*(X1-0.08324390341992016)))
11 : Expressao: (((X1*0.6328603168090446)*(Power[Abs[0.7264549501088122],X0])))
12 : Expressao: (((X1*0.772840999708168)*(Power[Abs[0.9467585085051617],X0])))
13 : Expressao: ((0.9621407719306189-(Power[Abs[0.5641601970456583],X1])))
14 : Expressao: (((X1*0.5754762980713879)*(Power[Abs[0.7343417357211527],X1])))
15 : Expressao: (((Power[Abs[0.7030013400521814],X0])*(X1*0.5357836294153909)))
16 : Expressao: ((0.9769150934612311-(Power[Abs[0.5672098984698997],X1])))
17 : Expressao: (((Power[Abs[0.8457160162878539],X0])*(X1*0.6575210864325046)))
18 : Expressao: ((0.9913585626757014-(Power[Abs[0.5404563781276228],X1])))
19 : Expressao: (((X1*0.6062466529181579)*(Power[Abs[0.6983736630444046],X0])))
20 : Expressao: (((X1*0.6215484101553665)*(Power[Abs[0.7816160605228495],X0])))
21 : Expressao: (((X1-0.14431117141937555)*0.7160454048953986))
22 : Expressao: ((0.9990257244686668-(Power[Abs[0.5526675023657848],X1])))
23 : Expressao: (((Power[Abs[0.8204724237140661],X0])*(X1*0.7336607936264564)))
24 : Expressao: ((0.99791296705424-(Power[Abs[0.5624452347669837],X1])))
25 : Expressao: (((Power[Abs[0.7634417401716681],X1])*(X1*0.6157550272800026)))
26 : Expressao: (((0.6477425006236579*X1)*(Power[Abs[0.7795769753585845],X1])))
27 : Expressao: ((0.9995372335723727-(Power[Abs[0.5416386325652914],X1])))
28 : Expressao: ((0.9603823888894201-(Power[Abs[0.583265954526029],X1])))
29 : Expressao: (((Power[Abs[0.7658305322039072],X1])*(0.5536642040680143*X1)))
30 : Expressao: (((Power[Abs[0.8168068439320365],X0])*(0.5770707728453338*X1)))
Erros: 

1 : 

x <- c(110406.07312151582, 860820.3865337328, 11851.525277891313, 60710.51846022264, 5293.490272052731, 304014.93623725866, 532271.9125873331, 1437157.8487366212, 40983.15484914861, 416284.552555821, 166378.76268979558, 94215.22426644653, 94672.84502971634, 1231410.8463487488, 1374532.5203975285, 90374.27769298865, 92818.94949072346, 240216.04018960707, 297648.4588946632, 997442.268158856, 287082.03322151076, 249558.78336215377, 279082.37694612413, 35474.03390865065, 535989.9689052469, 2547623.771723389, 190788.87830716147, 317921.81694585225, 24832.055340556162, 422019.6976393725, 396711.9857585653, 800970.6407354035, 183684.1485359844, 556028.5533667321, 361320.74443524104, 272639.13752835843, 1577855.111192907, 2988715.62484603) 

2 : 

x <- c(103991.50865390437, 745290.1073019039, 56706.39718442791, 25154.518650639955, 1.5372177885998581, 283227.2384974121, 338866.4424028963, 2224353.6797271175, 32678.410645316497, 483224.3821547178, 146107.0773876525, 43224.855360327405, 43824.07085549176, 1022812.6307776878, 501915.998297788, 849289.8880492374, 94940.67602873647, 195817.80292773052, 163129.72908937995, 1453746.148493009, 306985.9879467862, 284897.6246649663, 200808.90986399463, 216.99057625751936, 423752.698062579, 1778299.3808894777, 157377.73269768606, 89364.3076634923, 9099.611413548138, 314906.8836358252, 160532.55144056596, 1365870.0850013564, 222465.94598682932, 603229.9960097639, 181355.35308525374, 77666.61848181424, 1055516.2258089043, 1253933.8690952135) 

3 : 

x <- c(110400.50812082928, 761403.1323393881, 53174.10785916591, 28123.279676287733, 63.45321355803968, 293636.526087895, 349043.07745030086, 2201089.656540655, 37356.494584260014, 499481.0578395119, 153559.7803023041, 47054.16097483459, 47681.49953788872, 1041136.4451684076, 511838.08169360855, 837772.2440185719, 101163.00626225716, 204248.450231397, 170245.26752856065, 1433792.9835199015, 320566.81245940627, 296071.4257683018, 209099.59215802376, 540.0121242380021, 435748.1786290291, 1799655.288023866, 153121.72682364346, 94193.28425955249, 7630.860132399229, 325195.0321915301, 167148.29890611154, 1347415.8255288308, 233692.76887218564, 619355.7254517208, 188664.87880775944, 82241.67697763933, 1072381.1074944462, 1268131.1333007736) 

4 : 

x <- c(100012.60298426053, 795433.3329148854, 3903.4602123905806, 82213.50077339937, 3583.095449371293, 305304.7036494008, 423942.1906806238, 1662041.177980367, 7136.6117574709615, 498895.51154723857, 109408.72592334673, 67406.04305716882, 83396.60680223544, 1189323.6631046585, 908566.4968529252, 161397.9005072747, 124033.92530567711, 209345.94081800507, 235877.41982079836, 1101506.4087652208, 123476.71644152237, 235889.27783312803, 208922.27054704673, 16144.54329422508, 546641.5591771192, 2210056.826023174, 13754.730468017982, 450810.3438233688, 17755.6191862441, 452205.164599, 294964.74894807127, 885162.2957703652, 86499.92491671094, 533456.5523016972, 214817.75139646928, 219290.44375481366, 1522497.429941648, 2290615.8836222347) 

5 : 

x <- c(133678.35088895878, 938631.0228544419, 28111.599066663555, 84133.25947406724, 13200.801201520086, 343657.46343806444, 606441.2025128334, 1303200.4711342608, 51843.180808558056, 434421.55218526605, 196893.74174589463, 123744.78207351569, 124219.90065064997, 1332751.193386816, 1519080.9114125706, 58723.53847431367, 112705.82662478993, 279863.3467365651, 353168.84501809214, 893886.0831839616, 305995.36225694435, 274763.88427664485, 326172.8004201642, 57345.92860459202, 600710.5374639889, 2729761.4971775976, 237813.48107942013, 384418.1978511508, 45466.92028860479, 480753.95035224623, 468324.86422156077, 702980.0040475803, 196067.55060290705, 594544.9107991137, 425543.82946193934, 333336.7466789228, 1717661.670370675, 3194600.3227828746) 

6 : 

x <- c(96026.07856109028, 787735.7590166539, 1.175579923921719, 39703.97495723568, 879.2992472281696, 276348.96983599075, 443681.6421679262, 1682302.099241296, 49941.52995221965, 442920.0673969845, 144403.63881187385, 65843.78987821001, 66327.03241524281, 1122625.7554878758, 1079558.8500471585, 213756.5329653889, 82456.71627158741, 207097.4171865166, 233878.55017648463, 1160261.6784586443, 312285.7614011998, 245114.1058058735, 233638.60426821074, 13960.609676343829, 471837.94427358557, 2263951.3885870706, 58243.67191717131, 222629.0836485222, 4665.044578348744, 362765.8616908964, 298239.50215974136, 978075.384611485, 202786.8016302273, 547116.9065413323, 281429.6764407771, 189283.76012527186, 1374741.3546813, 2462138.952098819) 

7 : 

x <- c(77780.85579105395, 681597.9205598884, 55277.94297628586, 204.44999371423782, 6326.159674322135, 193988.96452782102, 317557.9948430718, 2367532.690899295, 13522.847474083617, 537723.8049639742, 197829.095272092, 29300.871030414604, 17816.49395452112, 875726.8205641793, 516172.2580427339, 1025195.4719895618, 398.9199575652194, 166654.96165005912, 134563.4802425983, 1614652.5019516468, 92203.07316283503, 358661.24650168355, 204556.6249888403, 943.8745384938746, 288962.0721705558, 1714663.8830280069, 149784.44146464963, 1418.4496077440538, 38598.97380922315, 176620.7504642931, 133318.85233073574, 1567926.5744645032, 45132.45293308004, 673535.512538153, 206233.99460616498, 43588.75027707204, 861502.6592269888, 1217161.098771389) 

8 : 

