med: 1053.5438505661975/desvio: 77.77621783572371


Funcoes: 

1 : Expressao: (((X1/0.38266186278002745)/(Sqrt[Abs[X0]])))
2 : Expressao: (((X1+0.1630001304723876)-(Sin[X0])))
3 : Expressao: (((X1+0.20950132934096577)-(Sin[X0])))
4 : Expressao: (((0.18207783918805442+X1)-(Sin[X0])))
5 : Expressao: (((X1+0.1738104666507413)-(Sin[X0])))
6 : Expressao: (((X1+0.03204101547700655)-(Sin[X0])))
7 : Expressao: (((X1/0.9679534875605753)-(Sin[X0])))
8 : Expressao: (((X1/0.9506586937665672)-(Sin[X0])))
9 : Expressao: (((X1/0.3949440080386005)/(Sqrt[Abs[X0]])))
10 : Expressao: (((X1/0.3277688850621777)/(Power[Abs[X0],0.5803874553900563])))
11 : Expressao: (((X1/0.37689667823258033)/(Sqrt[Abs[X0]])))
12 : Expressao: (((X1+X1)/(Power[Abs[X0],0.376703001638686])))
13 : Expressao: (((X1+0.186356621926687)-(Sin[X0])))
14 : Expressao: (((X1+X1)/(Power[Abs[X0],0.34833819811304356])))
15 : Expressao: (((X1+0.36285595735612763)-(Sin[X0])))
16 : Expressao: (((X1/0.9810821433049027)-(Sin[X0])))
17 : Expressao: (((0.1751989813758842+X1)-(Sin[X0])))
18 : Expressao: (((Power[Abs[0.9054103642666288],X0])*(X1+X1)))
19 : Expressao: (((0.1512880847231277+X1)-(Sin[X0])))
20 : Expressao: (((0.170589201058838+X1)-(Sin[X0])))
21 : Expressao: (((0.25161265430630453+X1)-(Sin[X0])))
22 : Expressao: (((0.2255791597234672+X1)-(Sin[X0])))
23 : Expressao: (((X1/0.44824839186468735)/(Power[Abs[X0],0.42841617188918457])))
24 : Expressao: (((X1/0.38327431274669765)/(Sqrt[Abs[X0]])))
25 : Expressao: (((0.22247087699076284+X1)-(Sin[X0])))
26 : Expressao: (((X1+0.16729544709974697)-(Sin[X0])))
27 : Expressao: (((Power[Abs[0.9494295215601348],X0])/(0.7031262684686127/X1)))
28 : Expressao: (((X1/0.37818745002702625)/(Sqrt[Abs[X0]])))
29 : Expressao: (((Power[Abs[0.9049704505991253],X0])*(X1+X1)))
30 : Expressao: (((0.16122404041937066+X1)-(Sin[X0])))
Erros: 

1 : 

x <- c(898722.9863765527, 794847.8312152708, 354175.35612651263, 1185443.3619186, 1877836.4907794674, 3039897.9053429686, 5925681.799775256, 34869.84345035901, 1532310.7626704462, 425572.059965956, 826881.1383964441, 253747.79292882612, 208081.91093253985, 623900.3060001053, 269474.99114376, 4596.185484263244, 667102.1179101922, 45363.39884316072, 4382.397457676391, 16968.27175782434, 209161.83432422017, 776047.5701507328, 735991.4235345685) 

2 : 

x <- c(2069166.4944675975, 2458756.865215491, 995474.6237871663, 1330950.7704141538, 2821485.455702747, 2040380.8097681035, 4620224.329218653, 6957.729557221671, 1661359.786151013, 321122.0265937182, 927538.0041459333, 41755.545493069316, 244388.04580012773, 2048642.103385365, 1024858.2712260318, 47193.591699677025, 142573.81801668732, 965997.2867061093, 46460.87302480243, 57050.21504164018, 657279.2792273874, 2199586.3861907404, 2357699.613994823) 

3 : 

x <- c(1862450.0920267561, 2232928.676356119, 853759.5583858987, 1166237.4739792882, 2579185.0865763924, 2256492.5753738466, 4942682.05632768, 93.49657497192166, 1856899.8000426972, 410137.70098333433, 1075019.3271557526, 17055.86210554607, 176914.9172335509, 1842980.5204193764, 880987.222942172, 20591.451516471876, 203701.5912410236, 826477.2947208338, 20108.431338466813, 27260.726022385064, 543145.3869267341, 1986286.0779747397, 2136673.9226754005) 

4 : 

x <- c(1983042.7200072499, 2364792.237116956, 936018.4752018991, 1262059.30481965, 2720762.905987323, 2127727.6731201126, 4751200.976877545, 2825.8513897130056, 1740266.826519516, 356326.10081090266, 986728.3548761397, 30306.446782361847, 215390.5967727376, 1962951.0820406033, 964517.6032212494, 34963.985873556754, 166336.5258160702, 907441.6949292393, 34333.709185252446, 43512.95878609238, 609138.6579672748, 2110761.4805844007, 2265705.2716395417) 

5 : 

x <- c(2020139.9075136015, 2405287.278055481, 961559.1806861806, 1291688.8284049726, 2764186.5090722446, 2089650.9281351774, 4694217.156312232, 4391.646641558232, 1705847.4998227803, 340845.56322891044, 960853.304689324, 35043.17776186163, 227731.94902230482, 1999860.7349076301, 990441.6173966604, 40038.9515534247, 155814.1328373761, 932592.1418800147, 39364.28137536428, 49154.59803298974, 629775.751532142, 2149029.209993293, 2305346.484349153) 

6 : 

x <- c(2709778.4803905007, 3153192.46636228, 1453026.435363223, 1853271.4063624868, 3562310.874796022, 1490201.9337393788, 3770548.3791217026, 84735.55466262285, 1169116.1561788572, 128877.82816493431, 570639.7798591902, 169762.50140474873, 492855.8212658059, 2686283.451383496, 1488481.8748659187, 180558.3462131427, 28868.989422342336, 1417367.2174080794, 179122.41353602288, 199391.34850676308, 1037155.544630992, 2858740.3128486546, 3038610.1697040154) 

7 : 

x <- c(1734643.1967816702, 1992202.0668081876, 678078.9266108227, 980558.2275899176, 2304697.123950392, 2568198.257470042, 4986039.422512655, 12361.5757148828, 1588899.636341453, 306928.1249470986, 979869.1397528063, 22020.831181389636, 147194.406972067, 1639578.1066225613, 707773.6550851571, 3194.8342867033593, 254363.27190642888, 831920.3801862772, 22306.10728173258, 24436.46162789038, 499199.2490715181, 1834847.4314961787, 1904363.7143284902) 

8 : 

x <- c(1213075.6658875004, 1382545.8295824279, 333824.91385564185, 563560.6786621438, 1637474.2839533363, 3415699.135540467, 5890689.808544433, 391.8904255468169, 1935226.5656787988, 481031.44205076527, 1326731.4954914916, 906.6084367457897, 30301.939347801523, 1098476.4842306785, 356935.44547753496, 32927.08017123593, 522794.10436104867, 525895.6313288214, 1222.8649505901044, 1389.2848762622855, 250651.51803903014, 1287894.3401688607, 1310960.2482445887) 

9 : 

x <- c(1711966.7098486351, 1613731.0693844925, 946621.665729046, 2101126.7168881823, 3007125.819152793, 1871682.298711802, 4587512.659733999, 1237.781423363767, 937914.2381432294, 132565.23582282395, 343035.1111937639, 696982.6751298343, 683060.551539176, 1366084.5175229874, 804139.5854870534, 182804.76404493756, 232415.60765086822, 261477.50364420985, 147817.04201869815, 217979.8135736264, 650702.5060267494, 1543568.5594275845, 1518284.8769954352) 

10 : 

x <- c(855212.4005700636, 889510.0902445299, 536454.7540878959, 1583308.7999008133, 2303542.8750318615, 2545846.2866622717, 5276666.28235556, 47020.121958085205, 2414904.992547916, 985662.3888272668, 1523384.803621364, 91152.20891040379, 105612.06092558717, 661911.7470571533, 413315.8804673481, 52901.781146097404, 471524.4173931983, 69891.14042631746, 69.55413306729817, 1536.3226594699984, 166012.77765398004, 786676.7344369878, 858944.548920613) 

11 : 

x <- c(594030.396702521, 497347.5565770888, 167516.62445302025, 830540.4599907987, 1419471.9300113257, 3717942.6992099583, 6646639.486603286, 87550.5228699288, 1877937.3657729914, 630670.639970007, 1141731.965941262, 116188.70872337371, 75082.81274200956, 364202.77380223793, 111132.14196446876, 11916.23512758042, 963101.091045758, 4386.5416745011935, 8162.85671235869, 1246.9407961118288, 81522.68188618573, 494404.7845636112, 454003.45986273227) 

12 : 

x <- c(1754512.6750221534, 1377901.4120174164, 557079.901552864, 1378497.1593504492, 2227962.2568169325, 2595012.859723957, 5592034.613540884, 4687.794039393791, 283511.5655938561, 11108.649913290828, 18756.512481441383, 1235128.7948642462, 1000414.4361385024, 1241317.3382127567, 477286.7710888719, 26713.51869195469, 484089.978446144, 175698.04936397471, 228690.05309021627, 340915.758422545, 744326.484565763, 1476368.005629416, 1231761.7488130594) 

13 : 

x <- c(1963978.057893738, 2343969.0142819635, 922934.8760648321, 1246859.5358555617, 2698424.0043675066, 2147569.3168839733, 4780827.986943242, 2150.4788808517155, 1758215.571642499, 364473.0662766796, 1000255.0054727475, 27989.954922029545, 209138.32941936565, 1943983.4785722753, 951235.622481824, 32472.440477049367, 171917.4010943673, 894560.0742888753, 31865.139661287245, 40728.13120517791, 598592.9256002132, 2091091.0039312916, 2245323.9480259884) 

14 : 

