med: 50.937044180289945/desvio: 1.2132171643006435


Funcoes: 

1 : Expressao: (((X0+X1)-(X0/0.920016836532208)))
2 : Expressao: (((X1+X0)-(X0/0.9376077082265732)))
3 : Expressao: (((0.9906693940926672+X1)-(Power[Abs[X0],0.054412899175995566])))
4 : Expressao: (((X0+X1)-(X0/0.9557233709954864)))
5 : Expressao: (((0.9258474306431401*X0)-(X0-X1)))
6 : Expressao: (((0.9910317519415589*X1)+0.03399409958737668))
7 : Expressao: (((0.9417560108236137*X0)-(X0-X1)))
8 : Expressao: ((0.9302950412545831+(X1-0.902692408382708)))
9 : Expressao: (((0.9588108268618284*X0)+(X1-X0)))
10 : Expressao: (((0.03027203300774306+X1)*0.9993296807822467))
11 : Expressao: (((X1/0.901153482497214)-(0.11862923227928801*X0)))
12 : Expressao: (((0.019924156626531908+X1)-(0.02079186599905991*X1)))
13 : Expressao: (((X1/0.7364028110891817)-(0.38202619714628494*X0)))
14 : Expressao: (((X0*0.9479210693254718)-(X0-X1)))
15 : Expressao: (((X1*0.9884906385033329)/(Power[Abs[X0],0.08178130234324021])))
16 : Expressao: (((0.9680182268992717*X1)--0.014189954923405801))
17 : Expressao: (((0.01256952274669243+X1)*0.9820381648213504))
18 : Expressao: (((X1-X0)+(0.938044994220963*X0)))
19 : Expressao: (((X1/0.9169614608926235)-(X0*0.1388444883158697)))
20 : Expressao: (((X1-X0)+(X0*0.9103449378278785)))
21 : Expressao: (((X0+X1)-(X0/0.9488684558590554)))
22 : Expressao: ((0.7911523806939879-(0.7603400918514306-X1)))
23 : Expressao: (((0.3488007927768578+X1)-0.32283391628919))
24 : Expressao: (((0.03894331708653487+X1)*(Power[Abs[0.9677655299521317],X0])))
25 : Expressao: (((X1/0.7886149640963133)-(X0*0.2841601809890457)))
26 : Expressao: (((0.979812334155303*X0)-(X0-X1)))
27 : Expressao: ((0.9787819012750679*(X1+0.012686375550559736)))
28 : Expressao: (((X1-X0)+(X0*0.9454176649466283)))
29 : Expressao: (((X1/0.967143349113202)-(X0*0.12210376261680778)))
30 : Expressao: ((0.025834954663606285+(0.9976052180769112*X1)))
Erros: 

1 : 

x <- c(753.4595376633466, 6836.367905541323, 648.4773509851599, 1462.7426023409027, 1145.283234102197, 654.4458184895258, 170.8398608779656, 5030.9188093583425, 21.491468426101132, 1219.969037098717, 3851.280862524697, 7769.570638235003, 765.4005149590149, 5289.208290221895, 1009.3735930969818, 847.7738870280394, 2917.619337842709, 364.9186271191299, 229.7916874966631, 1590.7620202163644, 2665.037965044422, 531.6820329855785, 6195.196380783853, 10746.613172793703, 37.73498021836912, 4664.0202708570305, 349.11498001166086, 2621.891456488051, 3330.3944484680706) 

2 : 

x <- c(590.2212606204657, 7565.356672162436, 902.8487079990218, 1662.062304872766, 1039.2316265465256, 623.8232126596853, 202.40341037548177, 4802.997261675837, 34.74082255215568, 1047.4731526487096, 3564.000280760139, 7275.460118013731, 564.3761701542592, 6113.057358942039, 1402.8064448732048, 1078.616309999088, 2645.1718346455236, 304.04018309789865, 313.3556430983292, 1376.163323130619, 2437.0540783097053, 409.2433365402487, 5628.693186682709, 9951.379775143321, 0.9003789963113412, 5664.335141611845, 641.4307690802491, 3118.9777207040847, 2918.6592640934427) 

3 : 

x <- c(281.9309616098268, 9244.267173230928, 1577.1504632762642, 2273.414639941886, 645.1050585346799, 235.44037560355346, 469.77061649050006, 3903.687595815028, 172.74824652065874, 646.4091808550394, 2796.6432406919125, 6102.3649287670305, 231.60070998263495, 8014.724813860615, 2425.5719869534687, 1689.4685434368598, 1978.1542419756968, 113.16336173672269, 606.5226718765942, 898.4907182775132, 1814.4057031992343, 170.8343099305168, 4465.361649477892, 8320.802560975928, 97.29838887572768, 8072.947609149184, 1535.1149560242845, 4306.475093892885, 2099.7804641780663) 

4 : 

x <- c(448.0412955498649, 8324.49184588028, 1196.4724618805876, 1872.2217663566055, 939.181470914655, 594.1894789527297, 236.33359863872272, 4582.260430155062, 51.00110819841708, 889.4398235468744, 3290.192430958519, 6801.641986558317, 395.25882140692426, 6988.619685239599, 1856.6065967998659, 1334.867139143047, 2388.257898877587, 249.16784775308554, 408.9636680711643, 1178.760677855576, 2221.1011355779588, 303.6564161631771, 5093.89252913109, 9193.188636903258, 17.64190619910863, 6751.8599512313, 1018.3086076329186, 3654.3330052487963, 2537.2890828114732) 

5 : 

x <- c(648.7975908667672, 7289.052948849943, 803.031740601907, 1586.2077859538163, 1078.1969985353587, 635.162694624568, 190.3143393828339, 4887.416876144797, 29.42719086905635, 1110.2944361987245, 3669.8825160165466, 7457.914348561238, 635.8038165223654, 5798.708914224587, 1248.461588040895, 989.2423057768082, 2745.260496369173, 326.10465143333084, 280.6654084207135, 1454.4124038624082, 2520.922836022005, 453.0539647870401, 5836.879363511036, 10244.506697901606, 8.333397182181727, 5279.761021213875, 522.049618848632, 2928.47185974845, 3069.101528067537) 

6 : 

x <- c(139.51095104270192, 10621.97560602684, 2301.002145518871, 2742.861300229168, 537.693662614276, 377.5390916314488, 456.393368358785, 3657.2505934546443, 167.7238860124363, 439.30029781260396, 2418.1540493663106, 5423.008469656777, 86.91209269342883, 9521.599519553025, 3415.1910031130265, 2298.4216948341636, 1572.485032678624, 81.72532567051482, 832.4479999109221, 620.7398140556867, 1533.956876719622, 72.97307536245646, 3677.340423888012, 7260.075781156586, 289.46544692068045, 9832.145567516578, 2404.535610515219, 5396.014890779979, 1513.6521185449972) 

7 : 

x <- c(529.479705622647, 7872.642116976015, 1018.4073203796814, 1746.833530718654, 997.5416554157805, 611.5693078722779, 216.0160629521535, 4711.741575991193, 41.04023090925256, 981.0269867389724, 3450.2595999294326, 7078.9954236268995, 491.30733416009554, 6465.4469791020165, 1581.4396860667978, 1180.5231712726918, 2538.103524157871, 280.851170354651, 351.0711838490919, 1293.2679048694251, 2347.178714420956, 363.99000907620376, 5405.891765114512, 9636.456284330576, 1.3576329259107738, 6099.289482435388, 785.6725936578098, 3333.6492496971996, 2758.8514360932086) 

8 : 

x <- c(114.24646488929672, 10880.865291709719, 2333.9900369102093, 2736.4811265387457, 561.1504235965533, 387.64151322508974, 454.17518191758813, 3683.1078445325916, 177.1930026605153, 428.01874081795563, 2370.581113418201, 5283.634575646982, 59.114782110699046, 9862.751429674048, 3517.8405333886844, 2333.9900369102093, 1575.1860650824076, 75.49200970356493, 859.157361174661, 609.5276511894192, 1496.8088374895417, 59.114782110699046, 3562.7306169397257, 7003.784079168507, 372.9296371033199, 10263.996974488316, 2531.2355817244775, 5522.182119495696, 1496.8088374895417) 

9 : 

x <- c(415.01929225189497, 8523.237946002384, 1277.686122303784, 1927.635157685419, 914.5571003599201, 586.771927851394, 245.37708268894602, 4526.9797922886455, 55.63027853061657, 851.3286228252767, 3222.3383999589087, 6683.746715076722, 357.0596360026863, 7220.51289133311, 1982.0767223696125, 1404.351705594163, 2325.0454834237266, 236.0897598588071, 435.2920124353755, 1131.0184115830432, 2167.8055405746136, 279.3242192999853, 4962.2079076016835, 9005.254934064094, 30.349746430499142, 7043.506726705391, 1127.9273118996014, 3797.1683542191713, 2444.6043942850765) 

10 : 

x <- c(110.50313699580593, 10915.77123391785, 2356.7403833928715, 2764.281507352707, 547.1257565297119, 376.7022189479394, 465.5136174746392, 3649.6302439933293, 183.46512605224743, 418.1357091118856, 2348.8033564738116, 5256.150119586871, 57.006357010548484, 9888.785162385399, 3541.0499282747687, 2356.545138448264, 1554.3760470587986, 71.47687561812984, 872.4672375328449, 597.5587734892308, 1479.4626986575638, 56.12912982486378, 3540.1680292632723, 6979.189118938493, 376.3654689204017, 10284.163754740885, 2547.882841086956, 5551.451354421753, 1477.9676617436994) 

11 : 

