med: 0.4885991522510291/desvio: 0.020424077882138087


Funcoes: 

1 : Expressao: (((X1-X0)+(0.8981917922624483*X1)))
2 : Expressao: (((X1/0.6702769458992591)-(X0*0.7051527067812718)))
3 : Expressao: (((X1-X0)+(0.8817998761038499*X1)))
4 : Expressao: (((X1*0.9237340276366803)-(X0-X1)))
5 : Expressao: (((X1/0.93469035925336)-(0.1365856408274284*X0)))
6 : Expressao: (((X1-X0)+(0.8488270697972957*X1)))
7 : Expressao: (((X1/0.8063136363077538)-(0.4580886291950791*X0)))
8 : Expressao: (((X1/0.7868328762149084)-(X0*0.33763667142583675)))
9 : Expressao: (((0.9108948116462574*X1)+(X1-X0)))
10 : Expressao: (((X1-X0)+(0.8913587943793081*X1)))
11 : Expressao: (((X1/0.6686378286487007)-(0.6917651410455695*X0)))
12 : Expressao: (((X1*0.8599776795594848)-(X0-X1)))
13 : Expressao: (((X1*0.9493845671936972)+(X1-X0)))
14 : Expressao: (((X1/0.7028361385688617)-(X0*0.5864547963290663)))
15 : Expressao: (((X1*0.8793684566858054)-(X0-X1)))
16 : Expressao: (((X1/0.697146681415549)-(0.4668862433967126*X0)))
17 : Expressao: (((X1/0.6942084778231294)-(X0*0.45566403140425715)))
18 : Expressao: (((X1+X0)-(X0/0.8959925778025537)))
19 : Expressao: (((X1-X0)+(X1*0.8959201876790382)))
20 : Expressao: (((X1/0.676100395163876)-(X0*0.6257131573346701)))
21 : Expressao: (((X1/0.7214923083878153)-(X0*0.44564220356900774)))
22 : Expressao: (((X1-X0)+(0.933605327481583*X1)))
23 : Expressao: (((X1+0.01855407208852411)/(Power[Abs[X0],0.15455567567307216])))
24 : Expressao: (((X1/0.5496077306286825)-(0.899882278804945*X0)))
25 : Expressao: (((X1-X0)+(0.8264891606992485*X1)))
26 : Expressao: (((X1*0.8609223571325489)+(X1-X0)))
27 : Expressao: (((X1-X0)+(X1*0.9170848956480077)))
28 : Expressao: (((X1/0.822990519410592)-(0.3293581391233117*X0)))
29 : Expressao: (((0.8474153959885861*X1)-(X0-X1)))
30 : Expressao: (((X1*0.8356792913215874)+(X1-X0)))
Erros: 

1 : 

x <- c(0.05171851703841147, 0.03937759231539391, 1.3696175195997278, 0.05402206113703678, 0.23026687198220944, 1.5329766125373203, 0.001546469863124539, 0.1752881077222948, 0.034497481784307046, 0.10282530308084338, 0.1109212258463747, 0.0560628523778995, 0.01888301756408766, 0.4644261464185309, 0.04561178966933442, 7.525362679378397E-4, 0.22464467496609847, 0.008731453703753826, 0.09080909872395967, 0.0046085052358325555, 0.042449432104712866, 0.010964249002694224, 0.01635633881963479, 0.14484337780139656, 0.08696935964032981, 1.8560867011024923E-6, 0.6004269200532693, 0.20331340210466708, 0.7524457647361916, 0.22066430944907509, 0.17680899948533535, 0.014678407801546318, 0.0953321521399502, 0.06867141136197112, 0.013421196696708798, 0.050614061539344536, 1.1593299500021136E-4, 0.0011083819641255909, 0.012875095538038532, 0.030381265437992837, 0.37150465251374776, 0.6061914017876896, 0.05063473312526689, 0.07241621545473574, 0.05643315436335179, 0.4420253744177812, 0.0162909307367176, 0.013319080293041786, 0.01244108414533217, 0.20518200684616206, 0.22266854647933987, 0.25290860460488035, 0.07593448184488882, 0.402759361439706, 0.09895277843075838, 0.003315795521060552, 0.004564640026039226, 0.16955814918308043, 0.0108367697169509, 0.024928473756753132, 0.060726772383813056, 0.3441501303151134, 0.11220023325349864, 0.001081877274390371, 1.5643623527471383E-4, 0.1795550324960276, 0.03855972598509773, 0.03756037377954116, 0.014024827359998942, 0.47392344321210694, 1.2229751072047215, 0.5606277025516392, 1.235582541599672, 0.03418501574678163, 0.0068059263648921065, 0.6235386983258291, 0.06668532427342838, 0.2979318077769336, 0.09616390546832121, 0.07811339696170337, 0.05447615342966396, 0.06200004324307961, 0.13742206666409834, 0.3401572055995841, 0.006117459919410102, 0.12369242465017204, 0.18421636471030065, 0.5010676270365098, 0.05815051593404711, 0.2405529291860535, 0.001370360342259392, 0.01449910820577204, 0.028355669591205182, 0.0025914334654955724, 0.23396504999496823, 0.3783652670668246, 0.004561977531592464, 1.1583369975137245, 1.2737809112142324, 2.6060812133322275, 0.0010196089870342499, 0.024185953515531607, 0.1779743309673991, 0.11064921847640372, 0.03896381320348683, 0.09617612820998234, 0.46213553734271723, 0.7951452828977452, 1.0938683308171724, 1.2166047618231495, 0.14298181811213947, 0.7432311381038051, 0.08267812739064548, 2.1089177150340307E-4, 5.540116652567922E-4, 1.569555862140452E-4, 0.0029655070308711104, 0.08252119327970792, 0.13011112111257256, 0.27520382618690087) 

2 : 

x <- c(6.531329090173517E-4, 3.4403593189691813E-5, 1.1476987023561305, 0.035788584851760695, 0.8829580443130847, 0.27402311012412395, 0.08502459661005184, 0.31797857419614955, 1.4750654470315293E-5, 0.10209235004979166, 0.006055066360023786, 3.608998636208278E-4, 0.13667173197886623, 0.13743078185944654, 0.030042093356778217, 0.021799885768129204, 0.06623296495481794, 0.033762339255775375, 0.028504068228209885, 0.0032070949112947564, 0.06549102041395116, 0.004213889262746874, 0.0016744468759954277, 0.26041659876138024, 0.31885178385676455, 0.15098803910554737, 0.15364198969889906, 0.18354835383418316, 0.32773640557579437, 0.13894630585317672, 0.21753924439082473, 0.009089779293945152, 0.2505827514811811, 0.3258548717657782, 0.2762412847254763, 0.4405653145489402, 0.220541772999382, 0.13622683818008863, 0.025469575266993984, 0.008957795073919644, 0.2027672402642725, 0.48403382961121655, 0.13217586304725662, 0.227327995162978, 0.2875415146600974, 1.0842408512486752, 0.23841106030763856, 0.18438696744243482, 0.08847851979784625, 0.4532231580566302, 0.06045760217891332, 0.14928106408650466, 0.029519711328531987, 0.2682233571201366, 0.13937115483840126, 0.05131356952902888, 0.06766998013492008, 0.382965553625687, 0.059415800142624854, 0.01732746987551825, 0.0061099066691591855, 0.31691454177354167, 0.056264459243771325, 0.017605542301859355, 0.03582785477930776, 0.02411090104237047, 0.003252217724655731, 0.02329183802823763, 0.04016836295312161, 0.7677615790027956, 0.3441341923924408, 0.3638212825955816, 0.7930158644692218, 0.006037768403178033, 0.0037013616810919665, 0.6967605358811295, 0.02116293091821227, 0.026350298299459632, 0.2388676283187496, 0.00136749564913547, 0.02455272602308156, 0.019510175890370754, 0.06577492334950362, 0.3056903603462328, 0.011254385332114127, 0.2789266434739816, 0.012689985063219686, 0.7297188011035863, 0.018031535834840323, 0.5625548890747527, 0.12294812325077423, 0.03849892044894583, 4.8410868291197344E-5, 0.0011709769309019233, 0.120414022096421, 0.3067346996416885, 0.0036142403835447527, 1.371377053451107, 0.38336889826996684, 2.926551765732855, 0.48171586303734926, 0.2936921968999907, 1.0222103432659846, 0.0933433574425315, 0.027309720757742652, 0.14305192652405954, 0.3976772536471927, 0.8372000395056038, 0.6251609591839506, 0.767953582763111, 0.20173609768617445, 1.1066948459335808, 0.05790880122947942, 0.20813134934708832, 0.18016022845857277, 0.09739073529368504, 0.06639391488429337, 0.14003949585049497, 0.17909912895979357, 0.3820639288867704) 

3 : 

