med: 25282.339679893004/desvio: 787.365062558692


Funcoes: 

1 : Expressao: ((((1.0*(1.0*X1))/0.795781378754213)-((1.0*(1.0*X0))*0.37452953579509973)))
2 : Expressao: (((0.9344388351678062*(1.0*X0))+((1.0*X1)-(1.0*X0))))
3 : Expressao: ((0.24560301678830915/(0.25786294681259125/(1.0*X1))))
4 : Expressao: (((0.973293039405815*X0)+(X1-X0)))
5 : Expressao: ((((1.0*(1.0*X1))+0.020446138706502803)-(0.05077538431756723*(1.0*(1.0*X0)))))
6 : Expressao: ((((1.0*X1)/0.7320807980675512)-((1.0*X0)*0.4069469498234689)))
7 : Expressao: (((0.9429264245224799*X1)/(Power[Abs[X0],0.06778388352214337])))
8 : Expressao: (((0.9067149609571865*(1.0*X0))+((1.0*X1)-(1.0*X0))))
9 : Expressao: ((((1.0*(1.0*X1))+(1.0*(1.0*X0)))-((1.0*(1.0*X0))/0.9243323498320419)))
10 : Expressao: (((X1/0.7974906454355882)-(X0*0.36750278193012587)))
11 : Expressao: ((0.9537051585144789*(1.0*X1)))
12 : Expressao: ((((1.0*X1)/0.7634559664755397)-((1.0*X0)*0.41534211724571624)))
13 : Expressao: ((0.7664347144294604*((1.0*(1.0*X1))/0.802393715863086)))
14 : Expressao: (((0.9293515341955942*(1.0*X1))/(Power[Abs[(1.0*X0)],0.14655643777345106])))
15 : Expressao: ((((1.0*X1)+(1.0*X1))*0.47916681159308316))
16 : Expressao: (((0.9092371429210917*(1.0*X0))-((1.0*X0)-(1.0*X1))))
17 : Expressao: (((0.9745664343221424*(1.0*(1.0*X0)))+((1.0*(1.0*X1))-(1.0*(1.0*X0)))))
18 : Expressao: ((((1.0*(1.0*X1))+(1.0*(1.0*X1)))*0.47855404674091334))
19 : Expressao: ((((1.0*X0)*0.9674889125663774)-((1.0*X0)-(1.0*X1))))
20 : Expressao: (((X1/0.9128931297367057)-(X0*0.18852720725883831)))
21 : Expressao: ((((1.0*X1)/0.7011535292516567)-((1.0*X0)*0.4617741731863685)))
22 : Expressao: ((((1.0091572542945324*X1)/0.8233189712378494)-((0.427812397729431*X0)*0.8054888478831477)))
23 : Expressao: (((X1+X1)*0.4768159369040371))
24 : Expressao: (((X1/0.8304928695185229)-(X0*0.2504536612577122)))
25 : Expressao: ((((1.0*X1)/0.9208988221496365)-((1.0*X0)*0.2031306293426124)))
26 : Expressao: ((((1.0*X1)/0.7397253768623029)-((1.0*X0)*0.47490744920963146)))
27 : Expressao: (((X1/0.7126355850743865)-(0.4275750522375562*X0)))
28 : Expressao: ((((1.0*X1)-(1.0*X0))+(0.9458925099281518*(1.0*X0))))
29 : Expressao: (((Power[Abs[0.967267094343949],(1.0*(1.0*X0))])-(0.9772160615110651-(1.0*(1.0*X1)))))
30 : Expressao: ((((1.0*(1.0*X0))*0.8838223859667321)-((1.0*(1.0*X0))-(1.0*(1.0*X1)))))
Erros: 

1 : 

x <- c(4.452621259582316E8, 2.18884104058702E9, 8.26872247719144E8, 5.725774331701024E7, 3.7463335923253834E8, 1.056367492099307E8, 1.1072259000070866E7, 2.1074606189167655E9, 4.027924094190693E7, 2.1894774685904565E8, 5.3503729501357156E8, 3.519199310227811E8, 9.557661543198102E8, 1.125090397490282E9, 1.4194161563921592E9, 3.519617843457224E7, 1.449442173960433E9, 7307814.048069692, 5047173.958387106, 1.0903503729693823E9, 1.939413373165105E8, 1.015313331267228E8, 1.0035743326294404E7, 3.791811829335993E7, 7.946014304919302E8, 9.208587271237248E8, 8.152311008708327E8, 5.453600417303823E8, 7.522428914923605E8, 1.909077869394623E7, 3611386.565335187, 1.2498674746662073E9, 3.6011751305081016E8, 3.0875037472219217E8, 3.24982293231851E7, 3.344387900063325E7, 4.4998270993019146E8, 1.7949082510041788E9, 7.812160349489582E8, 3.306223309929709E7, 1.604256844577482E8, 9.04763885184048E7, 1.886116054466392E7, 1.6184119923014023E9, 1.0763720571412207E8, 8.644594791837871E8, 2.496649449626757E8, 1.260833136213316E8, 3.8610495334642994E8, 9.511426004000905E8, 9.005338405822973E8, 4.44506648635018E7, 5.660267406444707E8, 4630641.3094129525, 2.0771135944698308E7, 2.78139022894603E9, 2.3356716202628577E8, 9.275319568606224E8, 1.937441081199947E8, 2.7616762417105913E8, 8.915952474587458E8, 2.165603853874678E9, 9.995437293229114E8, 1.6836753522145808E7, 8.443497523146585E8, 1.5932186047538245E8, 6.54534782211774E7, 2.859827105533376E9, 7.041572073047401E7, 9.814687473420423E8, 2.6401319409260708E8, 7.143534820329194E7, 5.640383121329931E8, 1.7651411845549285E9, 1.4149090005781589E9, 4870364.529699702, 9.709609560003847E8, 1.0177072503078969E8, 5.59889706473921E7, 1.2996837428653584E9, 4.56080465805494E7, 3.6844427803425115E8, 1.3338135270906802E8, 2.9696191685955394E7, 1.134999235105407E9, 7.093907442793639E8, 2.050406183727292E9, 5.719768987302791E7, 8.242299832527431E8, 864295.8188690597, 3.4959838915431805E7, 6.567170826421468E8, 5.1290152993492895E8, 7.49867209409177E8, 5.1964075403375614E8, 2.1828250937310144E8, 5.176486660545704E8, 1.108737282895753E9) 

2 : 

x <- c(1.5996294563831198E8, 2.2766880445970397E9, 1.4881338514062786E9, 1.5585735237313673E8, 5.662967758529272E8, 6.253048326777412E8, 2.832199511990761E8, 1.3526454752341232E9, 2284.8058380578423, 3.6691679133543175E8, 1.8017670654807314E8, 3.541425375073566E8, 5.0697612628833365E8, 1.3497922865532143E9, 1.9267294067239268E9, 1.4055441390483817E8, 1.8555357526944575E9, 3.029976755223172E8, 7.557510324962792E7, 7.046962204714185E8, 3.1214419787058324E8, 9.174620285979456E7, 2.0216871690215454E7, 1.451806857338852E8, 4.4508040168434376E8, 1.07432979622511E9, 1.1116668553131588E9, 6.976080722577033E8, 7.955305678769345E8, 4.304265611664991E8, 2.2011984073247245E8, 6.808850782737134E8, 4.7722678264265096E8, 2.739511654421778E8, 1.993314400529207E7, 1.451344040727994E8, 1.9329220247701922E8, 1.828183600784763E9, 1.2600699965374672E9, 5426258.77998245, 4.5392754168354124E8, 5.3470396184539753E8, 6.486349143328403E7, 1.14263126403209E9, 2.5357331934215608E8, 8.873660285220733E8, 6177245.694696914, 2.1541753603050074E8, 1.5724285060796434E8, 1.0054955719099435E9, 1.2678681584461231E9, 1.3337691147706883E8, 7.460716009021008E8, 2.7465639666485494E8, 2.120280991660643E8, 2.030796551755583E9, 5.918459509444193E8, 8.172485632098612E8, 116401.28767413326, 4.578986515116127E8, 4.150451009409678E8, 2.42085227672771E9, 1.7003843949296618E9, 7.972513418253373E7, 1.246931353247868E9, 9.61842690599394E8, 4.815792715368355E7, 2.251931301555425E9, 3.124465181155189E8, 1.0096228345878727E9, 2490189.2174913445, 1.6565857361480036E8, 2.7231078836912364E8, 1.8720450871987536E9, 2.056526513128683E9, 6.6063355297007054E7, 1.4191624370359812E9, 8.506973465739436E8, 4.920538435466028E7, 9.009694665011197E8, 1.3315090211792332E8, 4.131590500675417E8, 1748807.9675830046, 8.068254787247843E7, 7.903745153401262E8, 9.784271582359972E8, 2.463478237793259E9, 195952.36168580933, 1.3930243766764262E9, 3.7836815955224824E8, 3.0301866791191563E7, 4.0082921487599653E8, 6.06574114298398E8, 6.200185159627624E8, 1.2431621153101283E8, 2.5691100247070628E8, 2.1618180932287258E8, 1.1598551745846138E9) 

3 : 

