med: 699.3360294596897/desvio: 1217.9699456993635


Funcoes: 

1 : Expressao: ((((1.0*X1)-(1.0*X0))-(Power[Abs[(1.0*X0)],0.9547389814853923])))
2 : Expressao: (((Power[Abs[X1],0.22577365290784102])*(X1-0.07758690985994665)))
3 : Expressao: (((Sin[X1])-(0.003055006707012309/X0)))
4 : Expressao: (((Sqrt[Abs[(1.0*(1.0*X1))]])*((1.0*(1.0*X1))-0.15344910699532843)))
5 : Expressao: ((((1.0*X1)/0.856099940908228)-(0.18252793623457475*(1.0*X0))))
6 : Expressao: (((Tan[(1.0*(1.0*X1))])-((1.0*(1.0*X0))*0.13757169750891407)))
7 : Expressao: (((Tan[X1])-(0.14267923140419347*X0)))
8 : Expressao: (((Sqrt[Abs[(1.0*X1)]])*((1.0*X1)-0.17381112155012612)))
9 : Expressao: ((((1.0*(1.0*X1))-(1.0*(1.0*X0)))+((1.0*(1.0*X0))*0.9633431299212288)))
10 : Expressao: (((Sin[(1.0*X1)])-(0.005300049387784722/(1.0*X0))))
11 : Expressao: ((((1.0*(1.0*X1))-0.17251360552380834)*(Sqrt[Abs[(1.0*(1.0*X1))]])))
12 : Expressao: (((Power[Abs[(1.0*X1)],(1.0*X1)])*(0.7145814666653608*(1.0*X1))))
13 : Expressao: (((X1-X0)-(Power[Abs[X0],0.9729644792581955])))
14 : Expressao: (((Sqrt[Abs[(1.0*(1.0*X1))]])*((1.0*(1.0*X1))-0.19884842631446287)))
15 : Expressao: (((Sqrt[Abs[(0.31675670249984333*X1)]])*((1.5448337829902106*X1)-0.47491504368105664)))
16 : Expressao: ((((1.0*(1.0*X1))-(1.0*(1.0*X0)))-(Power[Abs[(1.0*(1.0*X0))],0.9705410495263005])))
17 : Expressao: (((Tan[(1.0*(1.0*X1))])-((1.0*(1.0*X0))*0.14216651857767593)))
18 : Expressao: (((Power[Abs[(1.0*X1)],0.47119890895681427])*((1.0*X1)-0.17107175599196145)))
19 : Expressao: (((Tan[(1.0*X1)])-((1.0*X0)*0.16772193302111849)))
20 : Expressao: ((0.937226206279102-(Power[Abs[0.494652553881227],(1.0*X1)])))
21 : Expressao: ((((1.0*X1)-0.1974081307400215)*(Power[Abs[(1.0*X1)],0.4895560385312764])))
22 : Expressao: (((Power[Abs[0.7778494496425994],(1.0*(1.0*X1))])*(0.8490070140084426*(1.0*(1.0*X1)))))
23 : Expressao: ((((1.0*(1.0*X1))-(1.0*(1.0*X0)))-(Power[Abs[(1.0*(1.0*X0))],0.9945660752716123])))
24 : Expressao: ((((1.0*X1)/0.824846273225611)-((1.0*X0)*0.2504105457289518)))
25 : Expressao: (((0.6922096901108555*(1.0*X1))*(Power[Abs[(1.0*X1)],(1.0*X1)])))
26 : Expressao: (((Sqrt[Abs[X1]])*(X1-0.19198018046197574)))
27 : Expressao: (((X1-X0)-(Power[Abs[X0],0.9660863702708573])))
28 : Expressao: (((Sqrt[Abs[(1.0*X1)]])*((1.0*X1)-0.19400000793229055)))
29 : Expressao: (((Tan[(1.0*X1)])-((1.0*X0)*0.15462634583823098)))
30 : Expressao: (((Tan[(1.0*X1)])-((1.0*X0)*0.14824654550284988)))
Erros: 

1 : 

x <- c(18.369939626380333, 5.3755435844961275, 40.10232609258831, 239.05273385814073, 473.7917501177749, 731.4565894753932, 1600.062604796008, 3145.435544559706, 3720.1451861170244, 2699.1370562965585, 7317.247814627981, 4660.583212360615, 9955.15678734103, 9270.694072216023, 11239.244267950355, 14012.304913856153, 19869.648759753803, 18359.55657733734, 19770.969483542878, 19699.89708761502) 

2 : 

x <- c(18.774371370210098, 19.577598268882234, 9.306040040833716, 61.225144365827404, 200.07471118312415, 73.67465451126147, 1.1206120708316845, 12.661300881016615, 154.08391163807704, 12.531029141055123, 79.72002416738437, 86.1281699293893, 13.342099041039715, 20.948522437242815, 31.059001319956284, 355.86679786104213, 59.61850797284046, 126.99040369782776, 521.1088390425157, 1258.5918963776876) 

3 : 

x <- c(12.366870310164359, 0.20072573842035493, 0.7732781229805834, 28.660620246754537, 130.91642643348752, 78.77507332297671, 10.506981058725719, 37.6670745386867, 268.77152807512664, 152.57627435605173, 519.7705265720708, 420.2209792880061, 721.9315495170517, 1683.4136779818803, 3097.1500224468123, 3467.4398509231055, 3946.793171548277, 5774.9250402967255, 6704.043722705692, 4489.394953671008) 

4 : 

x <- c(15.103199492579277, 28.536330291520372, 21.817745538437443, 90.42460366367064, 281.6834604009291, 120.46596632102585, 4.010859074301691E-4, 27.108058282741236, 184.83382618516958, 42.584723289744694, 44.202544394480995, 294.0184614569285, 3.6777361401481654, 31.67904349219007, 603.2120238185089, 1930.3271731252605, 906.6469163485066, 1597.9954773094635, 3427.946119341786, 4938.3583330029005) 

5 : 

x <- c(11.198691947197265, 2.198671588719905, 0.008302493165022894, 24.944851474096083, 100.85677615762884, 19.916016706358324, 8.799177646429552, 6.912021725707679, 125.16163967068674, 9.092825193710032, 126.00297215366041, 26.169765731337456, 77.7952891038911, 117.96461366315536, 31.30709934582136, 9.977081580511163, 66.44978826499263, 43.55170061002594, 0.9046343162003547, 162.0746160895382) 

6 : 

x <- c(11.30425776104191, 4.0141211962231615, 0.3068527738774294, 31.02668896382152, 118.00180155099967, 0.024406374213942213, 522.7855401710519, 99.7048291789257, 53.83212703015349, 1.8642115873063767E8, 114877.21442358548, 12128.413859737057, 29121.862813069147, 12109.97239199675, 8336.419425707321, 6662.640439319731, 8563.995444128392, 8400.010931729967, 7207.049954136843, 5282.311243339571) 

7 : 

x <- c(11.160307335780713, 3.9929718138887695, 0.323512519328649, 31.31556895031669, 118.59012011362591, 0.010784063509017568, 517.8793885850646, 96.95121787932649, 51.97875472414662, 1.8642489734728077E8, 114745.87610144333, 12169.41473791027, 29203.56392692538, 12158.296138421169, 8383.525557851535, 6714.382424877917, 8629.095594378112, 8461.75134645345, 7270.055047027079, 5341.323741232759) 

8 : 

x <- c(15.904369037514549, 30.386838720789484, 23.97137584339001, 94.854929362091, 292.53779110250736, 130.75142489788882, 0.29326075402977564, 32.559588969135255, 199.18273024167365, 34.92296697314365, 52.592685257034816, 271.01240899088555, 1.5933340393394058, 24.187524168481076, 565.16570497534, 1858.147997161021, 858.4357192404443, 1530.6332764450067, 3324.4634317732935, 4814.665898521105) 

9 : 

x <- c(14.332789835942169, 4.50317852251716, 0.11323054352353845, 26.477984622813217, 120.87039716767931, 42.32706608383091, 2.155553521644968, 8.159742330495995, 145.30891812087103, 0.2996504174677241, 139.49863892373526, 6.528693503717138, 84.76578801178347, 170.9357134614387, 74.80171547990597, 0.4091489177138522, 84.44910143891377, 84.32652900677829, 3.230823098655081, 123.52953028617016) 

10 : 

x <- c(10.277057983350216, 0.6645764551331452, 1.7669943069837586, 31.490284662190557, 136.62621849284045, 81.05386963772716, 10.913300674244093, 38.2595845021472, 270.49239550988415, 153.78333808544332, 521.3424324760697, 421.69392179718477, 723.4321007555037, 1685.9122479254363, 3100.0353705954185, 3469.9258133693147, 3949.1829550902944, 5777.94351519519, 6706.996677890028, 4491.605067734034) 

11 : 

x <- c(15.852698988947086, 30.2671858370369, 23.831118054838836, 94.56945784278827, 291.84000617892616, 130.08344357248282, 0.2583727471377386, 32.197315175775884, 198.25238444865573, 35.388543615413255, 52.03631003372426, 272.4504544516033, 1.7005240052789732, 24.634797892360083, 567.553139138578, 1862.7063994380935, 861.4685617805422, 1534.8824853419223, 3331.010283177717, 4822.501076410835) 

12 : 

x <- c(14.07434562294598, 11.946046999630653, 7.220330121979587, 56.89081683781026, 254.7596902727789, 191.17233377969865, 7.431234521860038, 69.83041349314162, 269.5184056688952, 355.03108590344186, 2.529463798276163, 6131.586779817889, 1237.8497298787684, 11309.604981545159, 183853.45299937195, 815612.8622687967, 428147.1825236924, 1775552.569899658, 7505734.823152868, 6322022.746084291) 

13 : 

x <- c(17.167643203052847, 5.071324358451387, 38.58432495388129, 234.36089565757382, 467.0844835852045, 722.5614279277263, 1595.8607882637555, 3152.0373617026316, 3721.9872097202197, 2704.457789441365, 7370.035976831388, 4697.3990436927725, 10065.7540909806, 9355.988613105825, 11379.593262259357, 14256.841720347518, 20227.228382131783, 18675.557490955718, 20165.743824440793, 20164.642792383427) 

14 : 

