med: 20.58944508565467/desvio: 0.3423432755831337


Funcoes: 

1 : Expressao: ((0.7759518663556341-(0.7748581977641096-(1.0*X1))))
2 : Expressao: ((((1.0*X1)+0.8406119303851846)-0.8378679396919951))
3 : Expressao: (((0.8281872304676335*X1)/0.8291775708279766))
4 : Expressao: (((0.0029635365480031872+(1.0*(1.0*X1)))-0.0))
5 : Expressao: ((0.37946789559534283+((1.0*X1)-0.3768259967180726)))
6 : Expressao: ((0.6538651702543747+((1.0*X1)-0.6511691595816573)))
7 : Expressao: (((0.26674041568470885+(1.0*(1.0*X1)))-0.2663085244013097))
8 : Expressao: ((((1.0*X1)+0.02215419357355053)-0.020649997563281296))
9 : Expressao: ((((1.0*X1)/0.6635806805474034)-((1.0*X0)*0.5192658876358012)))
10 : Expressao: ((((1.0*(1.0*X1))*0.6824350230555233)/0.6835415219248989))
11 : Expressao: ((-0.07556034601951833+(X1+0.07775979899326146)))
12 : Expressao: (((0.9994587214174178*(1.0*(1.0*X0)))/((1.0*(1.0*X0))/(1.0*(1.0*X1)))))
13 : Expressao: ((((1.0*X1)/0.8870728855168117)-((1.0*X0)*0.12890526870507524)))
14 : Expressao: ((0.45085808228639074-(0.45141472397509796-X1)))
15 : Expressao: ((((1.0*(1.0*X0))+0.002913157891032747)+((1.0*(1.0*X1))-(1.0*(1.0*X0)))))
16 : Expressao: ((0.9333667560015183-(0.9311915387860339-X1)))
17 : Expressao: ((((1.0*X1)+0.3205055319829486)-0.31911478369902996))
18 : Expressao: ((0.7268134842230394-(0.7241977619791835-(1.0*(1.0*X1)))))
19 : Expressao: ((((1.0*X1)+0.7411237790085412)-0.7379776002562604))
20 : Expressao: ((0.6027398615639743+(X1-0.6008358834298652)))
21 : Expressao: (((X1-0.45908165652079747)+0.46101051906986457))
22 : Expressao: (((X0+0.0029110091472857036)-(X0-X1)))
23 : Expressao: ((0.9835469496334478+((1.0*X1)-0.9829188549888227)))
24 : Expressao: ((0.5136579187170623+((1.0*(1.0*X1))-0.5128922223249439)))
25 : Expressao: (((0.9036138542783863+(1.0*X1))-0.9012425338738488))
26 : Expressao: ((0.524690623831543-(0.522738768190373-(1.0*X1))))
27 : Expressao: (((1.0*(1.0*X1))+0.0013453953808437724))
28 : Expressao: ((((1.0*X1)+0.5930823221613325)-0.5909682664369782))
29 : Expressao: ((((1.0*X1)-0.9652374914700029)+0.9689363603306925))
30 : Expressao: ((((1.0*X1)+0.9282086997348761)-0.9261476767101547))
Erros: 

1 : 

x <- c(190.81050255541845, 2.9124238878525923, 359.9905709783987, 445.3542294553261, 26.384479955523474, 356.2058874818285, 578.2381307542571, 559.9573269675047, 59.805745964001254, 101.9409785256824, 0.25342916203583643, 722.7181355570373, 65.665374901308, 259.4220003818665, 102.75030512705506, 583.870744450349, 2.76695772224075, 287.1866590106811, 131.71194627302495, 22.340582291458187, 153.8447652537912, 40.6608045980627, 373.5167917923278, 32.18766593467222, 153.10146020482247, 229.32309305979055, 17.417413486131686, 82.87220986700272, 725.5794777033957, 270.49007649352797, 822.3463848630953, 47.839113716587555, 0.0032015812473828193, 71.79880383861475, 3.191877090597234, 32.64313933329955, 12.296120949604212, 165.72487768766794, 136.03530737917762, 257.0704761792593, 361.5100443770272, 196.09570119890338, 315.53900066991, 288.43646939666985, 82.14553646837358, 655.0230184512942, 3.373035342312589, 328.8208296072128, 57.81195741846201, 183.4241571146786, 0.19661906409421506, 963.0730006646579, 6.232924264954017, 643.9709402498809, 2.5709476242991136, 77.85269607660693, 607.790993583545, 38.77032984291705, 1662.7296817781948, 109.1310862876877, 25.134354857314705, 21.220602487340855, 810.7355031524922, 354.06377762482987, 2.645770685108149, 709.5075281931123, 253.33759902534288, 339.42231174726675, 66.15247995027744, 501.465146561077, 307.77149697745244, 411.4170247834576, 198.06107964649857, 61.833334509542254, 3.4468986429986477, 1.0953349652109312, 768.0335085785654, 62.19818379986495, 68.50181816324414, 460.67829004297886, 11.788355611519076, 554.4415482371093, 42.55497565551364, 3.973713260919194, 585.4746055094075, 2193.6654618860957, 5088.9080052266, 78.73753782489283, 418.751455077285, 33.13824227679279, 276.775877850048, 2294.7374065359295, 372.23595816742045, 550.06279162471, 54.51485372600728, 29.015271214099442, 1038.348634273844, 180.99444196777145, 3.8674467967728368, 348.0680712193421, 172.4866547787451, 580.97473435241, 76.27258092969593, 20.67141258528091, 270.0572101655435, 269.4002734662302, 260.609928025486, 356.5834558314958, 72.1381405379312, 3.6611664636648573, 33.13824227679148, 693.9756446755646, 84.76116164514796, 783.0716540193081, 130.9518036867296, 20.370937374466802, 184.32359284506256, 524.1085640439292, 18.091560283388496, 3.1096412188104128, 121.07519630182298, 381.16383020953515, 2470.744345534544, 23.97652034728709, 196.09570119890498, 1170.557935855583, 498.3349681134762, 68.44943684547806, 2.603115973956756, 928.629173083873, 81.84065523965751, 2599.631596778453, 289.11620609598697, 2837.328813056668, 5.002301356034496, 172.30716857962372, 3432.3876510391947, 684.6900406269809, 190.8979524532962, 794.3050210124367, 35.48087528365051, 866.3260647195538, 411.82279313312796, 45.20434264865304, 105.74867512652274, 219.4373375211155, 128.74493481856007, 242.8429004446992, 560.9042636668152, 114.99168251142925, 261.6818219342622, 1795.7747458330673, 462.39696344160996, 7.271557271815462, 1431.606976577322, 161.45723926521924, 3403.9543635777936, 134.1755605819238, 1.7780021835624382, 3.1208137899105703, 478.14743097946644, 1506.481376697751, 1049.9814645676804, 70.28168869170653, 1.0068466448825504) 

2 : 

