med: 1004.5483469592004/desvio: 253.85700884342802


Funcoes: 

1 : Expressao: ((((1.0*X1)*0.5507695569221636)/(Sqrt[Abs[(1.0*X0)]])))
2 : Expressao: (((X1*0.6085021444730075)/(Sqrt[Abs[X0]])))
3 : Expressao: (((0.5147460053519203*(1.0*X1))/(Sqrt[Abs[(1.0*X0)]])))
4 : Expressao: ((((1.0*X1)*0.9236594617923645)-((1.0*X0)*0.2522204138063945)))
5 : Expressao: (((X1*0.5678353865282085)/(Sqrt[Abs[X0]])))
6 : Expressao: ((((0.9365691469688909*X1)*0.6923716675647904)/(Sqrt[Abs[(1.441051304978114*X0)]])))
7 : Expressao: (((0.6780647278362846*(1.0*(1.0*X1)))/(Power[Abs[(1.0*(1.0*X0))],0.2795223702643508])))
8 : Expressao: (((0.6489708018358142*X1)/(Power[Abs[X0],0.4045956420848612])))
9 : Expressao: (((0.5563243553405952*(1.0*X1))/(Sqrt[Abs[(1.0*X0)]])))
10 : Expressao: ((((1.0*(1.0*X1))*0.5750916651849342)/(Sqrt[Abs[(1.0*(1.0*X0))]])))
11 : Expressao: (((0.6046089672299324*(1.0*(1.0*X1)))/(Sqrt[Abs[(1.0*(1.0*X0))]])))
12 : Expressao: (((0.5651010954735475*(1.0*X1))/(Sqrt[Abs[(1.0*X0)]])))
13 : Expressao: ((((1.0*X1)*0.5278392101009446)/(Sqrt[Abs[(1.0*X0)]])))
14 : Expressao: ((((1.0*X1)*0.6220630382379554)/(Sqrt[Abs[(1.0*X0)]])))
15 : Expressao: ((((1.0*X1)*0.5827090822926777)/(Sqrt[Abs[(1.0*X0)]])))
16 : Expressao: (((0.5802446623838754*(1.0*X1))/(Sqrt[Abs[(1.0*X0)]])))
17 : Expressao: (((0.6743785918699267*(1.0*X1))/(Power[Abs[(1.0*X0)],0.16390513132707785])))
18 : Expressao: (((0.5801665612319042*(1.0*X1))/(Sqrt[Abs[(1.0*X0)]])))
19 : Expressao: (((0.5287375388450128*(1.0*X1))/(Sqrt[Abs[(1.0*X0)]])))
20 : Expressao: ((((1.0*X1)+(1.0*X0))-((1.0*X0)/0.7694596490701333)))
21 : Expressao: (((X1*0.614903063043694)/(Sqrt[Abs[X0]])))
22 : Expressao: (((X1*0.5486323468285879)/(Sqrt[Abs[X0]])))
23 : Expressao: (((X1*0.543954487053254)/(Sqrt[Abs[X0]])))
24 : Expressao: ((((1.0*(1.0*X1))*0.6922352505475869)/(Power[Abs[(1.0*(1.0*X0))],0.17928220756981184])))
25 : Expressao: (((0.6895876772019157*(1.0*(1.0*X1)))/(Power[Abs[(1.0*(1.0*X0))],0.37128863117839006])))
26 : Expressao: ((((1.0*X1)*0.5468473800082999)/(Sqrt[Abs[(1.0*X0)]])))
27 : Expressao: ((((1.0*X1)*0.91102814742304)-(0.29932873621866485*(1.0*X0))))
28 : Expressao: (((0.5742002416549598*(1.0*X1))/(Sqrt[Abs[(1.0*X0)]])))
29 : Expressao: (((0.6426785578577827*(1.0*X1))/(Power[Abs[(1.0*X0)],0.3359722353574609])))
30 : Expressao: (((X1*0.5453457459782426)/(Power[Abs[X0],0.4231893664648716])))
Erros: 

1 : 

x <- c(175097.5056559325, 326624.9505914701, 1294550.6435573194, 917570.1724475932, 1.4055971101629404E7, 2600.2571700309772, 72047.33858316284, 466514.40774484386, 183919.04164169045, 1181920.651531103, 9684.51049029154, 11658.33324439141, 12504.01301539684, 178780.9643189725, 371243.7450139873) 

2 : 

x <- c(207737.41435704686, 332494.99377143447, 1577991.5148552014, 918808.169619146, 1.8842836651597556E7, 25862.238596583233, 51757.333898573976, 518845.6383276059, 164892.00593393244, 1047172.8396941877, 47377.08749576851, 23431.035063343115, 8827.592975189364, 203334.71300682204, 391573.44941982505) 

3 : 

x <- c(156143.6088607837, 322988.69210610335, 1131896.0660883586, 916798.1190140769, 1.1423873726774951E7, 307.47197333638866, 86403.98576623913, 435270.27393439045, 196317.63722280436, 1270130.3197415245, 575.9706017254819, 6373.420000476912, 15121.444774666603, 164260.30838080306, 358833.1242152438) 

4 : 

x <- c(396323.8615069747, 489625.79433822626, 256844.48420247104, 1190747.6632247975, 1029355.7861407427, 264433.7365144656, 46757.453089227936, 468286.3846472572, 31625.929881289634, 1396837.4188959321, 132864.1547687366, 44028.48428614872, 60873.40663851375, 111669.78365117197, 444062.4068303145) 

5 : 

x <- c(184455.65578288498, 328354.70036560716, 1375417.2739500282, 917936.0391663266, 1.5398073783719053E7, 6965.0777573033365, 65701.03375627375, 481694.0358179928, 178186.48858183454, 1141240.2153799501, 17865.32129979973, 14714.868798257052, 11350.794878908453, 185874.65369532516, 377196.81517147424) 

6 : 

x <- c(169413.74233368874, 325554.03107317846, 1245608.8028598959, 917343.208652308, 1.3254027346578242E7, 951.7449704303087, 76131.9364579208, 457218.43900391395, 187521.4042391167, 1207518.7799074294, 5858.124516142145, 9940.596306226935, 13247.564343236332, 174449.09104930487, 367573.99130152224) 

7 : 

x <- c(197611.5212597278, 329642.2166456434, 591877.5008782049, 918480.901242437, 292722.30318997405, 84786.8858549489, 10042.868880833923, 591440.2524338522, 159874.43056190733, 1220030.1494065253, 59936.71293325717, 77545.83515542965, 4712.003198714662, 171635.63378538296, 359903.8429962388) 

8 : 

x <- c(209539.92990530503, 332319.4014851653, 1068381.2879126226, 918894.0859202022, 5431619.811953244, 56162.84338379534, 28189.01506122429, 559538.5544734426, 159276.5735662931, 1099317.887423359, 63404.32579111166, 45397.13049025057, 6379.607152840607, 193098.90460063698, 380601.5125501908) 

9 : 

x <- c(178116.77106945458, 327187.4695947461, 1320603.1956433957, 917689.2512909432, 1.4486098764409684E7, 3789.5854422731068, 69949.55116515065, 471428.5844045143, 182043.17608850796, 1168601.2744330575, 12074.481264977221, 12614.194935693651, 12122.525751533889, 181074.7569729238, 373176.2263936064) 

10 : 

x <- c(188508.49070761155, 329091.56271591055, 1410543.5053077338, 918091.6253883864, 1.598726586699507E7, 9459.63578077172, 63091.26390083612, 488221.9476737335, 175776.54378004672, 1124159.012877052, 22096.775807842558, 16122.181797067862, 10877.355838634623, 188932.65890058817, 379742.36852860765) 

11 : 

x <- c(205448.69155694553, 332097.5055840047, 1557996.2167543652, 918724.6594616662, 1.849801832182172E7, 23535.062948150222, 53020.313148181354, 515229.2485066221, 166142.42818552675, 1056003.1553546265, 43940.966693673, 22509.2437437209, 9055.437713857293, 201629.27761560093, 390185.4834957012) 

12 : 

x <- c(182939.90221484512, 328077.2521470494, 1362295.9936952868, 917877.415012261, 1.5178925510480046E7, 6123.93893331533, 66698.15952185963, 479245.6031020787, 179098.8537438453, 1147710.1172537443, 16387.391130248685, 14201.2380604436, 11531.810962563743, 184728.81675876988, 376239.82738388586) 

13 : 

x <- c(162907.0735890675, 324307.98059613915, 1189752.1699529784, 917078.6937811222, 1.2349004769503454E7, 54.35113530448969, 81035.10014509557, 446501.07864060014, 191764.43454589995, 1237702.2311477102, 2605.572746893936, 8111.083582522284, 14141.35456321744, 169466.88660848295, 363319.5112515223) 

14 : 

x <- c(215808.58858455942, 333881.39914438117, 1648635.535450973, 919099.0856688323, 2.0068786628376976E7, 34824.8944905307, 47476.94040865032, 531541.1655730124, 160573.35751479267, 1016704.1632549893, 60355.84671333637, 26786.292454865918, 8056.621092175199, 209331.2432059929, 396427.31725265284) 

15 : 

x <- c(192810.41563806188, 329865.98659040686, 1447894.4498446854, 918254.96918162, 1.6617682797603095E7, 12488.34637690032, 60408.51019256928, 495122.01809248416, 173264.31166530572, 1106366.2636201335, 27022.243406686943, 17668.67139311114, 10391.204490104683, 192169.7020913082, 382423.8220744477) 

16 : 

x <- c(191413.32712797262, 329615.34201764996, 1435757.099898539, 918202.121897358, 1.6412393613312501E7, 11462.529777357164, 61270.06846635308, 492884.37900972756, 174075.10123284694, 1112107.1196776507, 25374.550808027827, 17160.595247982703, 10547.270128341868, 191119.4310080906, 381555.2742256806) 

17 : 

x <- c(173103.2969367706, 324746.72096518305, 313680.4849106342, 917555.5423817113, 246882.5193301359, 80177.93185190298, 3325.2977449303917, 590823.009477835, 169396.52690794482, 1384183.0098702007, 32749.860262249218, 99842.07979005457, 4597.468526227722, 146166.5946935146, 336124.97627583623) 

18 : 

x <- c(191369.13435172496, 329607.40027366555, 1435373.2842892937, 918200.4471127595, 1.6405908550893184E7, 11430.7387033601, 61297.47226574436, 492813.54772951326, 174100.8273069843, 1112289.2988540349, 25323.180227632918, 17144.614726292024, 10552.235098615201, 191086.19339482894, 381527.7647880319) 

19 : 

