med: 7.013152234641188/desvio: 0.03363421071116937


Funcoes: 

1 : Expressao: (((0.868356481865738+(1.0*(1.0*X1)))-0.8733297554611559))
2 : Expressao: ((((1.0*X1)/0.8962941669838829)-((1.0*X0)*0.11693413624670534)))
3 : Expressao: ((X1-0.003542468030163448))
4 : Expressao: (((X1-0.25652533524625365)--0.252611827400685))
5 : Expressao: (((X0*X1)/(0.0015339373936894551+X0)))
6 : Expressao: (((0.6780541412350171+(1.0*X1))-0.6815611755468277))
7 : Expressao: (((0.9225673785471422+(1.0*(1.0*X1)))-0.9283402541237304))
8 : Expressao: (((1.0*X1)-0.0012979756885125315))
9 : Expressao: (((X1+0.13725925383803794)-0.1400737967262857))
10 : Expressao: (((1.0*X1)-0.0030619386146476524))
11 : Expressao: ((0.3191283068088302-(0.323962381420688-(1.0*X1))))
12 : Expressao: (((0.5955038815072023+(1.0*X1))-0.5987363670151232))
13 : Expressao: (((X1+0.710279832241121)-0.7135938086015777))
14 : Expressao: ((0.09938983135028892-(0.09966559506269568-(1.0*X1))))
15 : Expressao: ((0.7969068718446968-(0.8010689256309503-(1.0*(1.0*X1)))))
16 : Expressao: ((((1.0*X1)+0.9970502574804604)-0.9998536783217074))
17 : Expressao: ((0.5398051102843474-(0.543121590670217-(1.0*(1.0*X1)))))
18 : Expressao: ((((1.0*X1)+0.9296620537631377)-0.9309060027144113))
19 : Expressao: ((0.40801021235005497+((1.0*(1.0*X1))-0.4118184886700126)))
20 : Expressao: (((X1-0.0034375533214207055)-0.0))
21 : Expressao: ((((1.0*X1)+0.06391900814162721)-0.06852920063972953))
22 : Expressao: (((X1+0.9753807324044865)-0.9808380377334808))
23 : Expressao: (((0.793521527676399+(1.0*X1))-0.7957787564472283))
24 : Expressao: ((((1.0*X1)+0.057899377555954645)-0.06213572323265297))
25 : Expressao: ((0.8318905245654641-(0.8324983267405263-(1.0*X1))))
26 : Expressao: (((X1-0.8905958834120015)+0.8884409698475321))
27 : Expressao: (((0.9990712198556333+(1.0*X1))-1.0))
28 : Expressao: (((0.2140396043971352+(1.0*X1))-0.21709867556850948))
29 : Expressao: ((0.21250300461200122-(0.2156650849603039-(1.0*(1.0*X1)))))
30 : Expressao: (((X1+0.560068689658737)-0.5631741037525471))
Erros: 

1 : 

x <- c(2.0131220286236364, 91.79852509299367, 70.87695644220635, 2.50005013708819, 55.03926581169453, 130.39002833374178, 0.17543139811182074, 111.96083446248186, 88.71464707271817, 0.17543139811182074, 20.986978245552745, 43.31159698452911, 88.71464707271817, 20.986978245552745, 0.33774076760000526, 11.688503289647267, 55.03926581169453, 2.0131220286236364, 0.33774076760000526, 11.688503289647267, 29.3638845506709, 0.33774076760000526, 269.57848148630086, 5.8508126591354515, 2.50005013708819, 0.33774076760000526, 212.61007194043458, 2.50005013708819, 6.662359506576374, 70.87695644220635, 73.63621572350549, 12.824668876064559, 29.3638845506709, 31.14928761504093, 5.8508126591354515, 2.50005013708819, 2.0131220286236364, 0.17543139811182074, 29.3638845506709, 55.03926581169453, 6.662359506576374, 31.14928761504093, 6.662359506576374, 31.14928761504093, 158.2854532014582, 29.3638845506709, 184.4477625709464, 20.986978245552745, 11.688503289647267, 158.2854532014582, 108.55233770322998, 0.33774076760000526, 88.71464707271817, 5.8508126591354515, 0.17543139811182074, 41.20157518118271, 43.31159698452911, 6.662359506576374, 0.33774076760000526, 154.2277189642536, 91.79852509299367, 19.526193920159084, 31.14928761504093, 43.31159698452911, 20.986978245552745, 158.2854532014582, 108.55233770322998, 0.33774076760000526, 57.473906354017295, 207.90310022527723, 55.03926581169453, 31.14928761504093, 41.20157518118271, 29.3638845506709) 

2 : 

x <- c(0.080927985560622, 104.99190994012308, 81.49448213809168, 9.409881225486671, 50.400491837063655, 101.11360711297006, 1.9563372895165578, 123.48578443872688, 103.23252212724367, 1.362544974101653, 26.161933901971988, 42.72384703239183, 93.87511430169485, 38.080846509649675, 0.29163797508632616, 8.946076738964734, 42.60107319247391, 0.004599045286052376, 1.5113012133823471, 9.019746927001673, 20.604698191223186, 2.8509762443559743, 256.38069808981857, 0.0019076087921342769, 5.36750616794994, 0.7250682012331839, 224.09109502954794, 0.12322184810419903, 8.257757887478697, 67.8912658354332, 100.73791251811444, 9.363652341255525, 28.626830891272334, 44.834507038719224, 6.6721163422369925, 5.52236403099286, 1.2439107348819647, 0.05488053080792964, 23.840448711224035, 39.742213245529754, 15.37520308434941, 33.12541579212331, 5.817936805161784, 33.252861267584514, 154.3334390705357, 40.69752069132982, 216.6551010520686, 12.35287761497382, 11.742832597162062, 182.38514393468944, 128.82169855582703, 5.416001223606473, 80.24246957215516, 0.6392575129357163, 0.14399537307102694, 34.27401165232601, 61.46293018819594, 5.42092968049949, 0.6395401895382972, 143.16577542929605, 133.1763439209303, 25.20095615131957, 43.719952219230436, 41.60429524058668, 18.85129733966056, 158.30222915991303, 128.54286602775946, 5.4733558874925965, 64.87455056735598, 217.687390109492, 27.028436926545947, 48.63625692897759, 42.755902542137015, 17.16415220962686) 

3 : 

x <- c(1.6856970386028305, 94.12212991746458, 68.86251247932717, 2.895633278292399, 53.265824559223695, 127.6525762396376, 0.08900911849935339, 114.5254419973611, 86.45920039943064, 0.08900911849935339, 22.10556951798197, 44.912193677775015, 86.45920039943064, 22.10556951798197, 0.49232119839587624, 10.879072878809785, 53.265824559223695, 1.6856970386028305, 0.49232119839587624, 10.879072878809785, 28.07244871901674, 0.49232119839587624, 265.636015840155, 5.282384958706308, 2.895633278292399, 0.49232119839587624, 216.1386903169472, 2.895633278292399, 7.298945358188922, 68.86251247932717, 75.71881783756805, 13.702257438085445, 28.07244871901674, 32.50888159787849, 5.282384958706308, 2.895633278292399, 1.6856970386028305, 0.08900911849935339, 28.07244871901674, 53.265824559223695, 7.298945358188922, 32.50888159787849, 7.298945358188922, 32.50888159787849, 161.33206615715415, 28.07244871901674, 187.73537823705067, 22.10556951798197, 10.879072878809785, 161.33206615715415, 106.05588831953412, 0.49232119839587624, 86.45920039943064, 5.282384958706308, 0.08900911849935339, 39.66913663912022, 44.912193677775015, 7.298945358188922, 0.49232119839587624, 151.24926415974107, 94.12212991746458, 18.475760798913264, 32.50888159787849, 44.912193677775015, 22.10556951798197, 161.33206615715415, 106.05588831953412, 0.49232119839587624, 59.31550575767154, 204.44263999994803, 53.265824559223695, 32.50888159787849, 39.66913663912022, 28.07244871901674) 

4 : 

x <- c(1.7678166169898981, 93.51677829998121, 69.38211372781362, 2.790260712351354, 53.722928426267366, 128.35966963245235, 0.10863131544365341, 113.85759299843497, 87.04129902935986, 0.10863131544365341, 21.81270480771243, 44.49433420461994, 87.04129902935986, 21.81270480771296, 0.4494460138974086, 11.086187220082389, 53.722928426266535, 1.7678166169897471, 0.4494460138974086, 11.086187220082008, 28.404557823174876, 0.44944601389748484, 266.65559614018355, 5.427001918536143, 2.790260712351164, 0.4494460138974086, 215.22085179225, 2.790260712351164, 7.131075410804919, 69.38211372781362, 75.17596360152746, 13.471890109258675, 28.404557823174876, 32.153519506166184, 5.427001918535878, 2.790260712351164, 1.7678166169897471, 0.10863131544365341, 28.404557823174876, 53.722928426267366, 7.131075410804919, 32.153519506166184, 7.131075410805223, 32.153519506166184, 160.53922239534248, 28.404557823174272, 186.88003709379623, 21.81270480771243, 11.086187220082389, 160.53922239534248, 106.70048433090493, 0.4494460138974086, 87.0412990293588, 5.427001918536143, 0.10863131544361594, 40.0637431247204, 44.49433420461994, 7.131075410804919, 0.44944601389748484, 152.0188549339986, 93.5167782999823, 18.74537252162863, 32.153519506166184, 44.49433420461994, 21.81270480771296, 160.53922239534248, 106.70048433090493, 0.44944601389748484, 58.835148903073694, 205.3372255370911, 53.722928426266535, 32.15351950616683, 40.06374312472112, 28.404557823174272) 

5 : 

