med: 709.2643600016745/desvio: 34.6398670379146


Funcoes: 

1 : Expressao: (((0.7610857505327991*X1)*(Power[Abs[0.9164569121281003],X1])))
2 : Expressao: ((1.0-(Power[Abs[0.5576304541397877],X1])))
3 : Expressao: ((1.0-(Power[Abs[0.5618974799526488],X1])))
4 : Expressao: (((Power[Abs[0.8580754177216742],X0])*(0.6883070450905474*X1)))
5 : Expressao: (((0.716616464435238*X1)-0.08187271922759766))
6 : Expressao: ((1.0-(Power[Abs[0.5829625605251767],X1])))
7 : Expressao: (((X1*0.648815142324674)*(Power[Abs[0.828105552360806],X0])))
8 : Expressao: (((X1-0.08507203642431016)*0.7244186619603562))
9 : Expressao: ((1.0-(Power[Abs[0.547953830246965],X1])))
10 : Expressao: (((Power[Abs[0.7396448180538107],X0])*(0.6257646452510569*X1)))
11 : Expressao: ((1.0190345019203786-(Power[Abs[0.5379723925090537],X1])))
12 : Expressao: (((0.6036754252261662*X1)*(Power[Abs[0.7410766199552695],X1])))
13 : Expressao: (((X1-0.03932474437287836)/1.356411664986353))
14 : Expressao: (((X1*0.7433503250518168)*(Power[Abs[0.8959059954793767],X0])))
15 : Expressao: (((Power[Abs[0.8276017956916176],X0])*(X1*0.6058491759757452)))
16 : Expressao: ((1.1233377681268777-(Power[Abs[0.5297945506786274],X1])))
17 : Expressao: ((0.996532452154117-(Power[Abs[0.5531915877192665],X1])))
18 : Expressao: (((Power[Abs[0.7951247155106516],X1])*(0.5638477298180523*X1)))
19 : Expressao: ((1.0-(Power[Abs[0.5500903112455489],X1])))
20 : Expressao: ((1.0507516111939283-(Power[Abs[0.5712804236354506],X1])))
21 : Expressao: (((X1-0.06374819414204258)*0.7509092571651413))
22 : Expressao: ((0.9998393493802299-(Power[Abs[0.5800735944457514],X1])))
23 : Expressao: (((X1*0.5936814298317246)+(0.15602034377111895*X0)))
24 : Expressao: (((X1-0.0383779271496959)/1.3597767814921176))
25 : Expressao: (((Power[Abs[0.7663310976233502],X0])*(X1*0.574731961116082)))
26 : Expressao: (((X1*0.6650870157045573)*(Power[Abs[0.8238700670884866],X0])))
27 : Expressao: (((Power[Abs[0.8278088383410608],X0])*(0.6030292161714382*X1)))
28 : Expressao: (((Power[Abs[0.6928079910878288],X0])*(X1*0.5748349049899705)))
29 : Expressao: ((0.9996851920783291-(Power[Abs[0.5813619708419571],X1])))
30 : Expressao: (((X1*0.5318118595937188)*(Power[Abs[0.6849230017583028],X0])))
Erros: 

1 : 

x <- c(76013.16022184186, 677578.117750382, 40583.32283740131, 15049.47477001785, 1579.7358531631392, 236305.06528119888, 312959.75443677243, 2168661.3002664186, 55572.156725970184, 474255.1535040973, 113412.65538810656, 30357.549937032232, 30810.102106119633, 955561.1206665339, 619092.4198565503, 610876.9980576765, 68033.10481469937, 159792.00555685227, 144244.2196964061, 1470608.2078561326, 335900.92061851826, 238819.49111011653, 168705.9918632445, 1.7318492517850206, 376711.45151943056, 1803444.2897242175, 27196.518860845754, 95507.52357630964, 7908.709723073531, 276014.82419715106, 160040.88649855196, 1336027.1006377158, 224484.31970679094, 534399.3904704754, 168296.16649186512, 79686.70090846591, 1053990.169076778, 1574737.8557889434) 

2 : 

x <- c(114844.2654528224, 884142.6031403018, 18823.042558231726, 68142.53964006947, 7420.986809531218, 312569.203136708, 560904.3674803509, 1373665.8622588837, 55353.32097753874, 420604.11078956793, 173331.0203182899, 104050.11747763035, 104492.9518268072, 1266195.8798365367, 1445345.134284605, 74056.41739123895, 95898.74668040135, 250912.8451803462, 318692.95382647956, 951950.2999736969, 304641.38855740736, 250647.98907961915, 294026.04139285564, 43867.1594219639, 556758.343346486, 2630195.681492008, 210376.14001282776, 347626.7281188883, 33430.65625775283, 441342.5463466324, 427749.2867286311, 754936.8179684241, 189002.22618213104, 558273.3067253765, 387257.82612787466, 299197.66557569377, 1639117.6852142895, 3088802.0960203907) 

3 : 

x <- c(116003.09294260848, 888670.1897701769, 19692.586279023857, 69499.99304790386, 7855.261481092745, 314657.5424244916, 565241.9021841028, 1366333.860945274, 49956.64144124262, 414638.0204558016, 174968.8331398738, 105773.30629706975, 106217.03291921473, 1272179.946537225, 1452702.969856088, 72506.07875558357, 96790.76300814343, 253159.73763862776, 321940.0382869889, 946013.0511588467, 295558.12673226785, 251109.09662359877, 296778.9368733448, 45121.213923642645, 560555.0809454324, 2640313.2543133744, 212716.47196580927, 351313.12476344494, 34576.99395262992, 444792.9905707182, 431790.2519119932, 749518.5354817485, 184160.592423451, 559170.4476608247, 390971.9028706297, 302597.5884956599, 1647017.4242330082, 3098934.3816739568) 

4 : 

x <- c(88436.87628316952, 734936.8831550253, 25095.196407654243, 50864.90757238273, 241.51174652800262, 275804.46203454194, 357718.6306218712, 1926454.8101985205, 7.049532786383662, 486394.9449102266, 105558.1208537698, 46401.796097108476, 56298.82087124334, 1079743.0712558413, 692059.3246484803, 352422.1023247819, 105081.6334735733, 183576.13344309982, 184565.56234274438, 1277156.3060204783, 170702.0732679298, 236159.14584766244, 182235.33203596182, 3634.2419855848443, 472710.42159189464, 1966705.2724625587, 8230.340030469712, 297760.6079468358, 1023.2356117621174, 377738.60989499226, 215415.34069105375, 1089726.0391035788, 118458.05452063757, 532142.1625919477, 174412.90831662688, 141818.3832265069, 1299055.0189911441, 1814974.6264550504) 

5 : 

x <- c(111086.73487952353, 764587.089285281, 51095.138653109214, 28835.545316050724, 98.17268661843023, 294919.9649557872, 352323.68878344825, 2188914.0675728223, 36122.829704731506, 496946.8994121325, 154566.86723953663, 48031.972713270836, 48662.24719788623, 1045700.9659391042, 519651.8364849577, 825858.3473959268, 101672.03243753147, 205696.01811666499, 172488.91812137052, 1425773.071764114, 317608.43865353207, 296210.3352299543, 210949.6007994922, 690.2136910699501, 438432.89010313095, 1810008.4445312317, 147008.66182949513, 96585.73792029917, 6986.537675516229, 327615.5316159375, 170069.76919333832, 1338263.173065744, 231721.72515815237, 619688.787073067, 191323.52982468694, 84369.00683690207, 1079753.2870155335, 1282703.119536248) 

6 : 

x <- c(121737.11450984754, 911065.9305759927, 24360.539577278923, 76375.95133518348, 10168.975777380747, 324953.84906275943, 586957.0896869011, 1329916.8968450422, 28290.11259260525, 386825.509018527, 183083.20013476547, 114470.46808781041, 114917.324752865, 1301868.6298508921, 1490257.504636682, 64835.31795677273, 101190.71999834124, 264314.3460524415, 338245.7163427208, 916753.763636833, 254487.6593942425, 253346.1880175098, 310503.59103283496, 51603.7511134589, 579416.1139268028, 2691152.1105511305, 225031.6366558439, 370025.0563755547, 40589.07145438647, 461971.74447843037, 452210.9253570532, 722718.8174046504, 162022.44723246203, 563524.6464012369, 409661.707198893, 319846.1561743464, 1686666.1399054825, 3150965.057007821) 

7 : 

x <- c(96245.15576780708, 774293.0124804629, 9868.310981616569, 67306.02413517315, 1794.3526824780297, 293655.7017906103, 399860.1347354479, 1769220.3078476929, 2349.1101983741614, 478451.7612176064, 111848.08837739401, 59406.63110080198, 71941.73534376011, 1144968.3253774326, 818656.9708939632, 239228.28745004628, 115061.47859347313, 200665.99458243506, 215908.84338342317, 1172434.24222856, 142723.21056275736, 237381.7841678696, 201580.66396377678, 10182.820788506935, 514892.7538222122, 2112959.1043496444, 704.9159228870258, 375047.2922207515, 7929.429019592009, 419002.23232025665, 262041.96221769045, 970756.5324419894, 99871.33786051779, 535232.1586578232, 203171.34862156407, 184629.27220614703, 1423478.5407162923, 2078792.8414628273) 

8 : 

