med: 1071.6754474489371/desvio: 65.45582571370431


Funcoes: 

1 : Expressao: (((0.25410990276738443+X1)-(Sin[X0])))
2 : Expressao: (((X1+0.17465391425791765)-(Sin[X0])))
3 : Expressao: (((X1/0.3726066586778962)/(Sqrt[Abs[X0]])))
4 : Expressao: (((X1/0.9530811718392779)-(Sin[X0])))
5 : Expressao: (((0.2024696580015375+X1)-(Sin[X0])))
6 : Expressao: (((0.18025878211443902+X1)-(Sin[X0])))
7 : Expressao: (((X1+X1)/(Power[Abs[X0],0.37041727529229174])))
8 : Expressao: (((X1/0.9713172224665942)-(Sin[X0])))
9 : Expressao: (((X1+0.2016646328597249)-(Sin[X0])))
10 : Expressao: (((X1/0.6100695620576201)*(Power[Abs[0.9252021609480036],X0])))
11 : Expressao: (((X1-0.0029025522690671046)-(Sin[X0])))
12 : Expressao: (((X1/0.5460772833699331)+(0.9820739774699206-X0)))
13 : Expressao: (((X1+0.19727226277114296)-(Sin[X0])))
14 : Expressao: (((0.18431209601971232+X1)-(Sin[X0])))
15 : Expressao: (((0.1919735285687354+X1)-(Sin[X0])))
16 : Expressao: (((X1+0.22002776116283285)-(Sin[X0])))
17 : Expressao: (((X1/0.950711611887867)-(Sin[X0])))
18 : Expressao: (((X1/0.969322677394859)-(Sin[X0])))
19 : Expressao: (((0.17491543332337123+X1)-(Sin[X0])))
20 : Expressao: (((X1+0.19849067154998334)-(Sin[X0])))
21 : Expressao: (((X1/0.9609250265458851)-(Sin[X0])))
22 : Expressao: (((X1/0.9639992577852299)-(Sin[X0])))
23 : Expressao: (((X1/0.37925752799058343)/(Sqrt[Abs[X0]])))
24 : Expressao: (((0.15815448035472923+X1)-(Sin[X0])))
25 : Expressao: (((0.13755334843593336+X1)-(Sin[X0])))
26 : Expressao: (((X1/0.38822432352218583)/(Sqrt[Abs[X0]])))
27 : Expressao: (((0.2846369514521975+X1)-(Sin[X0])))
28 : Expressao: (((X1/0.9514627804909949)-(Sin[X0])))
29 : Expressao: (((X1/0.9593979682686392)-(Sin[X0])))
30 : Expressao: (((X1+0.12538111796219642)-(Sin[X0])))
Erros: 

1 : 

x <- c(1674368.419511525, 2026513.078081882, 728033.6312427479, 1018449.3569850886, 2356967.7352116904, 2474029.7221576795, 5262236.823038479, 3729.8956930893546, 2054702.4771961991, 505751.6402978654, 1226719.3296870333, 3582.7238707565734, 122409.23755045855, 1655910.7356218963, 753193.0626552722, 5293.287567817114, 272562.6829492817, 702857.1002477177, 5049.803014763746, 8904.940161864524, 443878.0633331918, 1791888.4684224038, 1934865.357539109) 

2 : 

x <- c(2016339.4588673539, 2401140.1761848866, 958937.7386789625, 1288650.2401003134, 2759740.6316567287, 2093519.8173826367, 4700014.968876609, 4216.15473233974, 1709343.2547171249, 342409.15935218835, 963477.3618895321, 34544.1830541514, 226457.12141426557, 1996079.4187780377, 987781.0697610353, 39505.449721786885, 156871.89289450218, 930010.5145327516, 38835.308622650395, 48563.28346072633, 627654.5820989895, 2145109.341209344, 2301286.491094182) 

3 : 

x <- c(403552.6941055499, 316796.3483151402, 71432.75927124349, 601770.3467053409, 1112349.2723892545, 4282085.328299656, 7225492.675393379, 143873.10197532567, 2165741.7433093376, 814512.9639925624, 1416508.128866126, 46828.515955294555, 18174.851569707418, 212574.7230552438, 36640.632193912694, 59727.901880174475, 1225839.0435190639, 2108.7197650863022, 44093.13728750506, 26193.813083596844, 23782.4382661138, 321790.84244792553, 284202.171013566) 

4 : 

x <- c(1281596.4375623942, 1462497.7210732936, 375432.065732954, 615880.4015429216, 1725450.5933791911, 3287777.308086034, 5757399.846724935, 1.3543405166946885, 1883878.1838480898, 453887.9530443978, 1274187.9366716875, 22.247704375333328, 41570.765137291826, 1168862.2133464997, 399588.39868271886, 21786.967086878627, 478772.184023607, 565166.5596048993, 76.53973950156481, 94.7350042682683, 280836.37323529355, 1359811.2135709939, 1388635.7948754877) 

5 : 

x <- c(1893010.7022981846, 2266379.272349943, 874491.0018872947, 1190446.5913031101, 2615126.5206711544, 2223115.291932924, 4893223.685350069, 433.4930494064619, 1826633.2707425086, 395979.2326203524, 1052019.9851003387, 20092.843356545116, 186419.87814684177, 1873381.6263328516, 902044.6830498701, 23916.112467138417, 193760.18738631238, 846876.810547187, 23395.33417092038, 31067.361416819385, 559706.1477550342, 2017842.2725035015, 2169398.309772878) 

6 : 

x <- c(1991175.6568435077, 2373672.7983396854, 941608.657339065, 1268549.143220744, 2730287.834167486, 2119320.206940475, 4738633.416372808, 3140.871454436887, 1732664.096376418, 352890.442872349, 981005.6085554882, 31319.16288525728, 218076.54582250325, 1971042.7559229252, 970192.1241713618, 36051.123229572586, 163991.80069467766, 912946.0090904939, 35411.07871101832, 44724.780442457464, 613649.9060285921, 2119151.969928201, 2274397.9663699195) 

7 : 

x <- c(1415556.9223363842, 1050444.0152298468, 347429.7864694608, 1041228.8407890022, 1795643.7295931769, 3125842.753176296, 6196642.065648213, 170.45805434345772, 368265.91085628344, 674.9508274843821, 53314.369498214946, 1007966.1743732255, 759742.6121629718, 936719.3772275562, 286570.76133895747, 117.95398504262646, 698273.7604117267, 90490.4445532818, 132647.66032238872, 215691.51140390924, 539712.7763331493, 1160100.983346332, 923432.2385030627) 

8 : 

x <- c(1844466.2924705117, 2120836.2133046156, 757287.0839150313, 1072936.9505942452, 2444595.445685942, 2420538.2339469506, 4822371.992326055, 18527.40867099582, 1526839.087889212, 278199.1979304537, 919784.7099648855, 33260.19029761799, 179399.0470012346, 1754816.760180851, 788032.4435752693, 10368.19580553732, 214103.41483258337, 898090.6017694433, 34017.86228103211, 37316.144286047216, 556117.5462749455, 1949902.3693636572, 2029837.7260953211) 

9 : 

x <- c(1896525.318079988, 2270224.7498932965, 876880.3195726769, 1193234.0525772504, 2619257.1633194634, 2219309.939321952, 4887577.279716312, 488.2836014435409, 1823184.0546988533, 394374.1576655402, 1049402.7573792173, 20456.3998402384, 187523.92519011087, 1876877.9811618726, 904471.3249433989, 24312.60413506404, 192637.90560967138, 849228.127292142, 23787.503077868467, 31519.032220147565, 561617.9823146677, 2021470.8683505403, 2173160.646851959) 

10 : 

x <- c(1850594.124325799, 1856369.7729134753, 1335755.8930066114, 2831995.45001838, 3732397.4769801423, 1369100.8837956828, 3814646.3450262225, 4178.030019678952, 447924.6940423225, 1605.6543314891414, 100822.57641764928, 897207.8238278389, 791052.4885687341, 1544328.4062081203, 1127067.412528378, 421066.75933023915, 94998.24572749401, 351076.1660070463, 183082.36396573344, 265334.4686442333, 727366.6514821484, 1701933.181485551, 1789798.8582064388) 

11 : 

x <- c(2895291.2026140564, 3353066.8398918924, 1589693.5647914687, 2007220.6761164817, 3774563.353860316, 1357978.2299227938, 3558410.4494200125, 120068.32470014443, 1052351.2021830387, 92161.14312915652, 489988.77908346243, 218497.8134128519, 573733.4611216567, 2871003.5240264777, 1626769.1288447212, 230723.26927518018, 13108.812764316373, 1552384.8475011406, 229099.69936389112, 251951.42142929678, 1153096.6580810037, 3049200.54531035, 3234875.681479073) 

12 : 

x <- c(340807.82638708263, 893.0935687326044, 45495.54009888375, 748946.7640223334, 1036147.5368833079, 6097922.603727673, 189924.11672104226, 8755649.47545211, 12306.271385929978, 169427.63204769505, 171901.85560959906, 669991.2024993014, 13574.172621172087, 5349.065716787985, 84539.34532935504, 17971.501470036706, 67250.57616740814, 2804251.082047906, 531003.5982758191, 116709.20219568413, 138773.06072313196, 244259.70529288045, 16299.982130475186) 

13 : 

x <- c(1915759.1417679468, 2291263.8181996066, 889974.3030957067, 1208500.3831481005, 2641852.1466055643, 2198604.6250279713, 4856826.830421217, 844.6436405819287, 1804421.8891644161, 385673.97620719305, 1035180.0781690419, 22497.44545270825, 193605.22795210034, 1896012.1696227156, 917768.9564358444, 26533.350368753563, 186571.93543817304, 862114.7704659074, 25984.663506557994, 34040.84629789224, 572106.7272055205, 2041326.5889249553, 2193746.0849926285) 

14 : 

