med: 7.0091024529880634/desvio: 0.008402486497052983


Funcoes: 

1 : Expressao: ((0.3425681120924016-(0.34677733334036054-X1)))
2 : Expressao: (((X1-0.7758271554733498)+0.7730843075676966))
3 : Expressao: (((X1+0.22807183268747855)-0.23078641380547493))
4 : Expressao: ((0.8288057212160821+(X1-0.8326436719006118)))
5 : Expressao: ((0.4981337091860422-(0.5013861704454625-X1)))
6 : Expressao: ((0.5772093785035565+(X1-0.5809330987849723)))
7 : Expressao: (((0.28767095447026747+X1)-0.2906242350400269))
8 : Expressao: (((0.7537886640678726+X1)-0.7585209223673679))
9 : Expressao: (((X1/0.9764346956975696)-(0.026572832317196426*X0)))
10 : Expressao: (((X1+0.49626686047551916)-0.5028031086666794))
11 : Expressao: (((0.6366755102477646+X1)-0.6391836032306352))
12 : Expressao: (((X1+0.9837104769088972)-0.9861632052017162))
13 : Expressao: (((0.28132516034920885+X1)-0.2846130995545648))
14 : Expressao: (((X1-0.00915880114085077)-0.0))
15 : Expressao: ((X1-0.0034652065920564024))
16 : Expressao: (((X1-0.748223643682804)+0.7447268701578537))
17 : Expressao: (((X1*X0)*(0.9967590883035127/X0)))
18 : Expressao: ((0.884168205203698-(0.8866460520678741-X1)))
19 : Expressao: (((X1+0.8433750449451938)-0.8461594881083498))
20 : Expressao: ((0.4960104180560861+(X1-0.49861699347733124)))
21 : Expressao: ((0.9858374079707969+(X1-0.9886709077246277)))
22 : Expressao: ((0.5889936465894222-(0.5922766032581915-X1)))
23 : Expressao: (((X0*X1)/(X0+0.0015079021074642096)))
24 : Expressao: (((0.7783938984824593+X1)-0.7822048080188383))
25 : Expressao: ((0.9655778618284164-(0.9698828909484006-X1)))
26 : Expressao: (((X1-0.6633477358948736)+0.6590015410218628))
27 : Expressao: (((X1-0.7099686420676593)+0.7076085615022101))
28 : Expressao: ((0.8904824733059468+(X1-0.8927127773105021)))
29 : Expressao: ((0.008476832853881122+(X1-0.010884302536016244)))
30 : Expressao: (((X1-0.8174380002952326)+0.8129751423425585))
Erros: 

1 : 

x <- c(1.8346632292226304, 93.03572024555703, 69.79762694610073, 2.707678779132013, 54.08863212940386, 128.92461139619135, 0.12566841252575794, 113.32672542886016, 87.50662176279761, 0.12566841252575794, 21.580694329041396, 44.16270469564765, 87.50662176279761, 21.580694329041396, 0.41667359582895885, 11.252652862616376, 54.08863212940303, 1.8346632292226304, 0.41667359582888547, 11.252652862616376, 28.67064249601012, 0.41667359582895885, 267.46958547967574, 5.543658045919503, 2.7076787791322, 0.41667359582888547, 214.49074616207267, 2.707678779132013, 6.99868396243514, 69.79762694610073, 74.74471506225488, 13.289689145738269, 28.67064249601012, 31.871699512344524, 5.543658045919503, 2.707678779132013, 1.8346632292226304, 0.12566841252575794, 28.67064249601012, 54.08863212940386, 6.99868396243514, 31.871699512345163, 6.99868396243514, 31.871699512344524, 159.90873579546786, 28.67064249600951, 186.19974097876954, 21.580694329041396, 11.252652862615994, 159.9087357954664, 107.21561657949448, 0.41667359582895885, 87.50662176279654, 5.543658045919503, 0.12566841252571764, 40.37963731270627, 44.16270469564841, 6.99868396243514, 0.41667359582888547, 152.63360621288822, 93.03572024555703, 18.96164767931325, 31.871699512344524, 44.16270469564765, 21.580694329041922, 159.90873579546786, 107.2156165794933, 0.41667359582888547, 58.45370987895165, 206.05159584628197, 54.08863212940303, 31.871699512344524, 40.37963731270699, 28.67064249601012) 

2 : 

x <- c(1.5153623837538042, 95.43335001877655, 67.74937025237641, 3.1293590114869767, 52.28736912828746, 126.13537362464324, 0.053361259664861625, 115.9713488946865, 85.21137137646535, 0.05336125966483536, 22.74335563922069, 45.81935339104226, 85.2113713764643, 22.74335563922069, 0.5913601355760065, 10.439364631931689, 52.287369128286635, 1.5153623837536643, 0.591360135575919, 10.439364631931323, 27.36336688010898, 0.5913601355760065, 263.4453792450861, 4.977363507842747, 3.1293590114871774, 0.591360135575919, 218.1233443983324, 3.1293590114871774, 7.667357887398034, 67.74937025237547, 76.89535114286538, 14.20535676330909, 27.363366880109574, 33.28135451513186, 4.977363507842493, 3.1293590114869767, 1.5153623837536643, 0.053361259664861625, 27.363366880109574, 52.287369128286635, 7.667357887398349, 33.28135451513186, 7.667357887398349, 33.281354515131206, 163.04734664651005, 27.363366880109574, 189.58534552241966, 22.743355639220148, 10.439364631931323, 163.0473466465086, 104.6733725005543, 0.5913601355760065, 85.21137137646535, 4.977363507842493, 0.05336125966483536, 38.825368004197806, 45.81935339104303, 7.667357887398349, 0.591360135575919, 149.59737474873216, 95.43335001877655, 17.90136575602063, 33.281354515131206, 45.81935339104226, 22.743355639220148, 163.04734664651005, 104.67337250055313, 0.591360135575919, 60.3573522669542, 202.52137699690843, 52.287369128286635, 33.28135451513186, 38.825368004197806, 27.36336688010898) 

3 : 

x <- c(1.5095069931165916, 95.47986798945192, 67.71018635908501, 3.137787264844409, 52.25294644966096, 126.0819060873572, 0.05226708369253085, 116.02262808002786, 85.16742626850908, 0.05226708369253085, 22.766067536572226, 45.85158771772411, 85.16742626850908, 22.766067536572226, 0.59502717426847, 10.423986811964713, 52.25294644966096, 1.5095069931165916, 0.59502717426847, 10.423986811964713, 27.338466630812835, 0.59502717426847, 263.3681056344775, 4.9667469025406525, 3.137787264844409, 0.59502717426847, 218.1936684423316, 3.137787264844409, 7.680547355420348, 67.71018635908501, 76.93710789887598, 14.223307445996287, 27.338466630812835, 33.30882762714817, 4.9667469025406525, 3.137787264844409, 1.5095069931165916, 0.05226708369253085, 27.338466630812835, 52.25294644966096, 7.680547355420348, 33.30882762714817, 7.680547355420348, 33.30882762714817, 163.10814826117974, 27.338466630812835, 189.65090835175567, 22.766067536572226, 10.423986811964713, 163.10814826117974, 104.62466617793314, 0.59502717426847, 85.16742626850908, 4.9667469025406525, 0.05226708369253085, 38.7957065402369, 45.85158771772411, 7.680547355420348, 0.59502717426847, 149.53914599678126, 95.47986798945192, 17.881226721388774, 33.30882762714817, 45.85158771772411, 22.766067536572226, 163.10814826117974, 104.62466617793314, 0.59502717426847, 60.39434780830005, 202.45362581562938, 52.25294644966096, 33.30882762714817, 38.7957065402369, 27.338466630812835) 

4 : 

x <- c(1.7509357385756046, 93.63989148608283, 69.27614571743464, 2.8115600333503026, 53.62968714902538, 128.21552142265995, 0.10447717016717051, 113.9934329176744, 86.92260428584308, 0.10447717016717051, 21.872184328125, 44.57926719130813, 86.92260428584308, 21.872184328125, 0.45801860175881337, 11.043852875392473, 53.62968714902621, 1.7509357385756046, 0.45801860175873643, 11.043852875392473, 28.336770012209342, 0.45801860175873643, 266.4478142647021, 5.397394306983775, 2.8115600333503026, 0.45801860175881337, 215.40759864404066, 2.8115600333503026, 7.165101464941868, 69.27614571743369, 75.28635005449127, 13.518642896533434, 28.336770012209342, 32.225725759717214, 5.397394306984038, 2.811560033350493, 1.7509357385756046, 0.10447717016717051, 28.336770012209342, 53.62968714902538, 7.165101464941868, 32.225725759717214, 7.165101464941868, 32.22572575971657, 160.70051578085898, 28.336770012209342, 187.05405721245066, 21.872184328125, 11.043852875392473, 160.70051578085753, 106.56906285425151, 0.45801860175873643, 86.92260428584308, 5.397394306984038, 0.10447717016717051, 39.98322858061778, 44.57926719130813, 7.165101464941868, 0.45801860175873643, 151.86197999106838, 93.63989148608283, 18.69031144380091, 32.22572575971657, 44.57926719130813, 21.872184328125, 160.70051578085753, 106.56906285425151, 0.45801860175873643, 58.9328086228997, 205.15489712788525, 53.62968714902621, 32.22572575971657, 39.98322858061778, 28.336770012209342) 

5 : 

