med: 982.8609127621963/desvio: 259.7865283645502


Funcoes: 

1 : Expressao: (((0.5723684394134044*X1)/(Power[Abs[X0],0.30124871041527623])))
2 : Expressao: (((X1*0.5444429717430483)/(Sqrt[Abs[X0]])))
3 : Expressao: (((0.7462486233624425*X1)/(Power[Abs[X0],0.22965989280050436])))
4 : Expressao: (((0.5948856571341719*X1)/(Sqrt[Abs[X0]])))
5 : Expressao: (((X1*0.49981531439541704)/(Sqrt[Abs[X0]])))
6 : Expressao: (((X1*0.7489126868816017)/(Power[Abs[X0],0.21298449458541613])))
7 : Expressao: (((X1*0.5285728437441036)/(Sqrt[Abs[X0]])))
8 : Expressao: (((0.5706511376007399*X1)/(Sqrt[Abs[X0]])))
9 : Expressao: (((0.7443537154305501*X1)/(Power[Abs[X0],0.3704547599205509])))
10 : Expressao: (((X1*0.5547581741451136)/(Sqrt[Abs[X0]])))
11 : Expressao: (((X1-X0)+(X0*0.6711068147970355)))
12 : Expressao: (((0.5342473936587339*X1)/(Power[Abs[X0],0.4720503210227648])))
13 : Expressao: (((0.6688257784571849*X1)/(Power[Abs[X0],0.18933471708863014])))
14 : Expressao: (((X1*0.7262616692800284)/(Power[Abs[X0],0.2260169965525366])))
15 : Expressao: (((0.5488322965815394*X1)/(Sqrt[Abs[X0]])))
16 : Expressao: (((X1*0.5727428814231977)/(Sqrt[Abs[X0]])))
17 : Expressao: (((0.5742259058199379*X1)/(Sqrt[Abs[X0]])))
18 : Expressao: (((0.5809766750549834*X1)/(Sqrt[Abs[X0]])))
19 : Expressao: (((0.565873885955085*X1)/(Sqrt[Abs[X0]])))
20 : Expressao: (((X1*0.4948993241434294)/(Sqrt[Abs[X0]])))
21 : Expressao: (((0.6500331357959991*X1)/(Sqrt[Abs[X0]])))
22 : Expressao: (((0.5382492875331322*X1)/(Sqrt[Abs[X0]])))
23 : Expressao: (((0.5761596956214855*X1)/(Sqrt[Abs[X0]])))
24 : Expressao: (((X1*0.6598699105694973)/(Power[Abs[X0],0.3521618191748348])))
25 : Expressao: (((0.5627631240879866*X1)/(Sqrt[Abs[X0]])))
26 : Expressao: (((0.6460993280657116*X1)/(Power[Abs[X0],0.26166332427135763])))
27 : Expressao: (((0.4774612371135115*X1)/(Sqrt[Abs[X0]])))
28 : Expressao: (((0.5419100288541778*X1)/(Sqrt[Abs[X0]])))
29 : Expressao: (((0.5631085033726516*X1)/(Sqrt[Abs[X0]])))
30 : Expressao: (((X1*0.5856105381271678)/(Sqrt[Abs[X0]])))
Erros: 

1 : 

x <- c(151586.05584094315, 321262.9126213067, 476119.92141343147, 916640.8871861616, 148205.6590853294, 8205.70580192793, 37718.33497851577, 489814.92873660655, 190579.25690587398, 1404199.020299863, 2913.391953531262, 31889.612715082156, 10457.164048979903, 143701.60734759746, 336699.1005298303) 

2 : 

x <- c(171690.17890669536, 325984.86439702316, 1265194.47870037, 917434.5581350917, 1.3573977201578228E7, 1517.6988829290358, 74474.34553784548, 460948.8142388884, 186067.25322648732, 1197182.5643736126, 7283.200281306954, 10615.53197619047, 12945.70300501959, 176186.28044350876, 369048.87419374037) 

3 : 

x <- c(221010.72623745308, 333345.87880137726, 546311.6294000082, 919343.6479951999, 48471.56672554779, 176569.78005260657, 519.0790540531013, 663295.5080251358, 144465.39182859528, 1164282.0833568051, 120028.0981555273, 128143.94760405949, 2135.446334010909, 180863.4951381295, 366217.26703140314) 

4 : 

x <- c(199787.91893771323, 331105.8069595437, 1508614.2817275664, 918516.1072759735, 1.765073311211047E7, 18201.994149994614, 56241.12993353093, 506252.46045102226, 169286.01906712138, 1078219.022510041, 35924.07109238123, 20287.835999397023, 9637.165100282902, 197401.27768039834, 386729.7657909168) 

5 : 

x <- c(148605.9571426599, 321487.537524688, 1067680.2690479083, 916478.2210731796, 1.0412862500959218E7, 2110.2566125674516, 92736.47543180748, 422637.92033799866, 201575.0260746647, 1307621.0706105144, 46.80696567456363, 4647.214912846339, 16279.150270583084, 158422.17938850407, 353751.13627057016) 

6 : 

x <- c(218413.40316992576, 332831.89681432047, 502754.103220398, 919254.9958561438, 4343.092062168685, 180707.0752002687, 174.54504272486864, 666654.4500163735, 145008.99345788514, 1183341.6763898435, 117163.10047533683, 134638.6037828908, 2029.2984275808933, 177541.41303176404, 363137.2843154064) 

7 : 

x <- c(163290.28392513012, 324381.982037671, 1193036.6047553436, 917094.4161135053, 1.2401906911844218E7, 76.87630525503695, 80739.3672372504, 447134.59114282444, 191510.8917047667, 1235897.6386963283, 2762.575719028764, 8214.637545984067, 14087.40995335685, 169761.0230544578, 363571.7154539166) 

8 : 

x <- c(186023.10245325527, 328640.5368824078, 1388995.1895992223, 917996.4118081651, 1.5625392488043945E7, 7887.827860268472, 64682.05020506882, 484221.9323243522, 177249.37720256014, 1134596.6752368847, 19453.960532670942, 15253.337654379264, 11165.882566160477, 187058.33002615388, 378183.58393644734) 

9 : 

x <- c(256384.8242433729, 339777.62246887054, 1165379.3750533562, 920517.3183197754, 4953308.927572002, 174707.5826989692, 6804.397228158813, 656929.9928987713, 134228.51205353765, 960471.0298892922, 177891.5399865553, 92314.70501848603, 2448.512346026237, 220286.46284823827, 401209.75757991057) 

10 : 

x <- c(177262.87346106555, 327028.8177849929, 1313231.378335653, 917655.6761050132, 1.4364167629042927E7, 3431.647172243882, 70537.88714215606, 470040.42087210924, 182571.10498642252, 1172349.0464677939, 11373.97266300497, 12340.876838388136, 12229.488235628825, 180426.5396773813, 372630.85343577067) 

11 : 

x <- c(497219.44172988203, 548797.3500221556, 304128.1705965922, 1281252.7219070673, 886011.9226172055, 343373.12170342094, 81507.21681204638, 433201.2883654652, 10474.741012646002, 1340118.4756129812, 197534.21235148233, 25316.108771858933, 91087.35097469669, 109567.35734934431, 489768.56461239845) 

12 : 

x <- c(161445.47877494377, 323903.71442504635, 1047145.2524935338, 917023.6981238505, 8401890.01330491, 375.05239690750557, 74440.22674086051, 452559.82682941516, 191474.242485513, 1260932.9270189733, 2724.4288684699404, 10359.347868544146, 13586.071598608032, 165633.5876180567, 359365.29111912247) 

13 : 

x <- c(175344.8548905297, 325267.69833194546, 353938.96522899886, 917640.1034520401, 108992.51967353288, 74442.55740965079, 5309.51132427219, 584580.5250248207, 169152.0987353032, 1360756.3247264295, 33528.444387522955, 90961.4966323506, 4901.190652802611, 149603.58341637018, 339545.4889420222) 

14 : 

x <- c(210034.38347473377, 331501.68265686836, 507664.00019748433, 918950.4689622611, 16420.30523751441, 146089.95197903347, 1465.0693869310974, 642321.370500521, 150209.46835365132, 1205378.8737668367, 94496.33916917718, 116370.71579759414, 2752.6076180848304, 173881.64213548542, 360483.44162607164) 

15 : 

x <- c(174050.593670574, 326428.8834455747, 1285525.744723863, 917528.6449952382, 1.3907486792525738E7, 2237.9964187828878, 72786.2405334473, 464806.6225643185, 184575.5194697581, 1186583.5940577376, 8912.925369321665, 11333.828863913539, 12638.44834353495, 177984.43285807877, 370570.9635217082) 

16 : 

x <- c(187191.80848934103, 328852.95745332737, 1399125.022057923, 918041.262264115, 1.579533957505638E7, 8610.460682422572, 63930.23091064863, 486104.1197476494, 176554.82245545543, 1129673.927241938, 20677.915790575084, 15659.615225690304, 11029.499378470597, 187940.08265631902, 378917.4617184508) 

17 : 

x <- c(188022.6259764682, 329003.602983455, 1406329.263716783, 918073.0614299823, 1.5916387156927021E7, 9141.984422635038, 63399.861476353086, 487440.7827188084, 176063.21647311666, 1126190.2345302987, 21568.30717150844, 15950.896747472094, 10933.312837140345, 188566.4920786117, 379438.2043225647) 

18 : 

x <- c(191827.77737979134, 329689.78164250654, 1439356.9530830514, 918217.8190966417, 1.6473237951937621E7, 11762.64150064986, 61013.52080786651, 493548.50132697675, 173834.07283198583, 1110400.3481762928, 25858.558134823394, 17310.73651763763, 10500.7921238003, 191431.09513613986, 381813.1580271174) 

19 : 

x <- c(183367.6644753693, 328155.65522600967, 1365998.0753232227, 917893.983719989, 1.5240703983375492E7, 6356.183924690051, 66415.5813764671, 479936.9692424138, 178840.75652622775, 1145879.6801726336, 16798.629704988383, 14345.48013375245, 11480.505365947458, 185052.30458710887, 376510.1768481001) 

20 : 

