med: 20.598176347353483/desvio: 0.40237245392565685


Funcoes: 

1 : Expressao: (((X1/0.9670187197446712)-(X0*0.030886094825478994)))
2 : Expressao: (((X1*0.695786400047895)*1.4310031647268737))
3 : Expressao: (((X1+0.870711239794166)-0.8699033736633164))
4 : Expressao: ((0.005619538874712749+(X1/0.9941980683858387)))
5 : Expressao: (((X1+0.0010704586325021026)-0.0))
6 : Expressao: (((0.802066084757194+X1)-0.8007596674270115))
7 : Expressao: ((-0.19777456524832826+(X1+0.19943680213732506)))
8 : Expressao: (((X1+0.5140521501938164)-0.5117394881567716))
9 : Expressao: (((X0+0.0018251735691371396)+(X1-X0)))
10 : Expressao: ((X1+0.004603193071978984))
11 : Expressao: (((X1/0.6427777060216061)-(0.5676700877418187*X0)))
12 : Expressao: (((X1-X0)+(0.0033781618972144045+X0)))
13 : Expressao: (((0.3155522461450485*X1)/0.3154386473444344))
14 : Expressao: (((X1-0.997715765021942)+1.0))
15 : Expressao: (((0.849288446572776+X1)-0.846165853605231))
16 : Expressao: (((X1/0.9095878428596738)-(X0*0.09142255220215789)))
17 : Expressao: (((0.13751151284607255+X1)-0.1373826541437985))
18 : Expressao: (((X1-0.6173653271819657)+0.6193052573142648))
19 : Expressao: (((X1/0.8113318082145787)-(0.23409114782805218*X0)))
20 : Expressao: (((0.6623767095693015*X1)+(X1*0.33421423440381615)))
21 : Expressao: (((X1+0.6862172215560244)-0.6840370310318702))
22 : Expressao: (((X1+0.001214024136414693)-0.0))
23 : Expressao: ((0.4434379674620116-(0.4417060176818056-X1)))
24 : Expressao: (((0.3373555763626942+X1)-0.334288426980301))
25 : Expressao: (((X1+0.7807548369911909)-0.7786081381380894))
26 : Expressao: (((0.5309029744333412+X1)-0.528822932731056))
27 : Expressao: ((-0.06263053721406475+(X1+0.06566871300973753)))
28 : Expressao: ((1.107013838378497*(0.9015445621420197*X1)))
29 : Expressao: ((0.4862931985600661+(X1-0.4857213802813565)))
30 : Expressao: (((X1-0.6798315791040542)+0.6806605640402934))
Erros: 

1 : 

x <- c(184.79635045643911, 5.990842398181248, 350.30248059688535, 405.848870861654, 38.79930385478828, 346.22878682629073, 630.8125939880575, 575.8186286830443, 42.452909906857826, 117.68247012428027, 0.11168764234888139, 696.1326040080079, 44.91848535760402, 287.46475201869185, 103.755157780002, 574.1469804975144, 0.10452642116609737, 309.6886220797657, 132.23784355906136, 23.837064479507436, 145.28827621941144, 53.2362589961159, 385.9890022134466, 33.81127406796443, 137.43967366709356, 202.94363050052377, 9.86370177272746, 70.47898880174277, 774.3566102379037, 260.4431198228481, 820.257902146433, 41.099977132442234, 0.0406403339888331, 65.86703258449597, 5.932882561919519, 29.00937178132576, 16.68613615082418, 158.51656139119822, 117.33461452296655, 231.07244785450098, 323.76993896918935, 164.59568945435782, 278.83236742398975, 247.8762178786664, 60.7250895972575, 602.0744426610315, 12.156465747138359, 300.52471582940495, 37.572050964636986, 153.00436344806738, 0.9186053793540412, 902.0341024821656, 20.627135386905078, 695.8473756804367, 1.9282381365654262, 60.361739908880814, 545.0830607284429, 65.64494097516437, 1737.1559175816233, 103.05586914742926, 19.398397430663582, 32.60569545749043, 766.2355211935646, 429.45502627865557, 4.052013424384389, 758.9757249037567, 255.10925988560106, 327.1451660794674, 44.57356252909398, 450.59032622358353, 251.65732537422545, 349.5463775245085, 152.16109425202868, 39.325273514452704, 10.7806479846278, 4.700471106395172, 705.9349778875523, 100.1789633123453, 86.02307274092593, 420.372015200839, 2.2035966225685955, 622.5317552578271, 36.33296627332475, 0.2992903076812887, 650.7748441718184, 2233.9165474585707, 5028.952467380222, 105.68766842756675, 374.9507813217002, 53.01406191706131, 300.4524451801163, 2265.301997263011, 283.4741452286977, 475.99708599677825, 30.719214391437372, 45.64086233098797, 977.5064756443749, 126.08717382359411, 13.363356986178191, 394.57273133582066, 156.27126925461891, 503.81542445923725, 44.33615556724183, 38.13953138266124, 231.89892892447685, 210.4374667267983, 201.1679908474765, 284.8962001892493, 40.22827791044202, 0.0030553795957086157, 55.03434575873765, 621.8071234390301, 136.68108181661114, 708.928936353193, 78.25347071182615, 5.708507947792081, 240.3151910407952, 465.2427057398208, 2.987689063888357, 0.040137928418960675, 82.99255824882322, 299.5788992058264, 2729.908535869136, 26.430734764907818, 153.50763683083972, 1022.0887380946432, 374.22466439361006, 31.24119155752791, 0.4411185415434907, 806.3032925344359, 146.77024189124688, 2788.4721974381387, 276.97937545340255, 3111.727300771605, 5.816923781998567, 221.16460215253895, 3594.463467214556, 672.9857712804895, 210.53711699247947, 737.246917122571, 70.16634200915527, 788.8367738258885, 315.3303612418744, 19.392031757176277, 69.89385743029206, 162.46889290054716, 185.0183147292867, 200.83182710293445, 457.47710004020513, 65.63295344448261, 339.8008459941821, 1914.2043278891051, 444.07938393529633, 26.728001476055272, 1564.5699320379601, 174.72425445975216, 3259.9029273002907, 63.240275430041955, 0.7948584373666276, 13.543268087020001, 560.7206608408685, 1420.5981085874168, 857.3661168946398, 28.660986588153353, 1.7223248950380499) 

2 : 

