med: 50.968058510155586/desvio: 1.0927438191485561


Funcoes: 

1 : Expressao: (((X1/0.9112584883612123)-(X0*0.17984747931892375)))
2 : Expressao: (((X1/0.7766966009505654)-(0.31965316742136896*X0)))
3 : Expressao: (((0.9390783641771392*X0)+(X1-X0)))
4 : Expressao: (((X1+X0)-(X0/0.9333990701010423)))
5 : Expressao: ((0.5831033634713324-(0.5560132740381725-X1)))
6 : Expressao: (((0.9739106359447841*X1)-(0.013507862045503471*X0)))
7 : Expressao: ((0.9741862372195398*(X1+0.01431499411964865)))
8 : Expressao: (((0.9434797450536926*X0)-(X0-X1)))
9 : Expressao: (((0.9401490030744701*X0)+(X1-X0)))
10 : Expressao: (((X1-X0)+(X0*0.9736814200541669)))
11 : Expressao: (((X1+X0)-(X0/0.9710228515327101)))
12 : Expressao: (((X1*0.9935869694926208)/(Power[Abs[X0],0.09859726476846253])))
13 : Expressao: (((X1+0.03806506611790672)/(Power[Abs[X0],0.051104432284437395])))
14 : Expressao: ((0.981111486580108*(0.02244585681022615+X1)))
15 : Expressao: (((X1-X0)+(0.9578040086781673*X0)))
16 : Expressao: (((X1-X0)+(X0*0.9869155764772733)))
17 : Expressao: (((X1+X0)-(X0/0.9407960646820759)))
18 : Expressao: (((0.9470365390266917*X0)+(X1-X0)))
19 : Expressao: (((X1+0.7994401130238291)-0.7731716393156594))
20 : Expressao: ((0.9718882017606736*(0.030412573617487726+X1)))
21 : Expressao: (((X1/0.9307976348810333)-(X0*0.08612015846048837)))
22 : Expressao: (((X0+X1)-(X0/0.9736630771204644)))
23 : Expressao: (((X0*0.9651703312053621)-(X0-X1)))
24 : Expressao: (((X1+0.7641364172630604)-0.7379586067516878))
25 : Expressao: (((X0*0.9437252147317865)-(X0-X1)))
26 : Expressao: (((X0*0.9348291742687677)-(X0-X1)))
27 : Expressao: (((0.9360304288020304*X0)+(X1-X0)))
28 : Expressao: (((X1-X0)+(0.9457302514110425*X0)))
29 : Expressao: (((0.03872172624211445+X1)*(Power[Abs[0.9903097723057606],X0])))
30 : Expressao: ((0.021807825341701684+(0.9934535784284642*X1)))
Erros: 

1 : 

x <- c(453.8528711411128, 7222.974895184061, 276.7063183702018, 1184.5182690942825, 1463.9670352132139, 520.749754987668, 242.2379643652232, 5230.963293231914, 124.19760438351462, 1248.8926617466968, 3505.1133131072474, 6799.057343744907, 376.64414700232805, 5624.3231787677405, 560.1909121240712, 599.2819723668379, 3344.37376771564, 211.70061321212148, 285.1108179256745, 1747.650924278923, 2342.767496666634, 336.64056443231505, 5902.870915384895, 9345.728300956609, 12.031625948136915, 4659.946013443819, 112.31287873081003, 2270.1229297529703, 4072.429224693435) 

2 : 

x <- c(8.25580441492179, 9653.295827702037, 76.3550300667473, 1029.4745175301466, 1902.5194018160744, 262.1894620620378, 519.3700411968197, 5146.255096334836, 697.8373300007363, 955.8134068392702, 2383.3537168224475, 4295.631926218452, 21.970506344773536, 8200.420689936447, 377.89816373198613, 530.2004356840251, 3601.3227751388968, 5.125499037514415, 647.2447660002206, 1589.611881190611, 1406.9132285347412, 11.451196371537549, 4309.508966688491, 5632.544776501509, 1077.4424814081185, 6792.154592494263, 69.78238624462321, 2516.7185038561893, 4654.265905613295) 

3 : 

x <- c(548.714774596631, 7772.8427089366905, 980.3676881129956, 1719.255752490041, 1010.8976926009404, 615.5091664257548, 211.57618513935276, 4741.085249392041, 38.95071079866143, 1002.2248001109525, 3486.751083046048, 7142.081593737967, 514.3262549525225, 6350.686317762675, 1522.6427709906266, 1147.1452332439287, 2572.402340978865, 288.23150840592683, 338.669945226383, 1319.7288319748498, 2375.9882303455893, 378.29921303548207, 5477.276456949897, 9737.498109447608, 0.2334578318229659, 5957.214319823541, 737.5427658176488, 3263.6151147960413, 2809.9142402737875) 

4 : 

x <- c(626.9227654455517, 7390.118745456667, 839.0787620918003, 1613.9117689706559, 1063.7766551585223, 630.9785580858448, 194.71912150966628, 4856.269921106011, 31.331041117249264, 1086.9671914262017, 3630.743880789725, 7390.519216457612, 609.0279171453433, 5913.4058142944505, 1304.2056933429956, 1021.6772892307217, 2708.217657447686, 317.89636506510004, 292.4841376585972, 1425.3697814039172, 2489.89910137431, 436.67524553204413, 5759.839542813567, 10136.158546399167, 4.72513315297398, 5419.689722600125, 564.5467140583881, 2997.8687714227785, 3013.3080600634544) 

5 : 

x <- c(115.56468752890176, 10868.041286167672, 2328.0526816131405, 2730.05186765275, 564.0673329001738, 390.06651893978284, 451.55817584577704, 3690.574862033784, 175.55980376655674, 430.5667224298806, 2376.5724201526177, 5292.577303914956, 60.06407705860882, 9850.54230361816, 3510.5504432220596, 2328.0526816131405, 1580.070588741738, 76.56428054870746, 855.5565479249959, 612.5675363902716, 1501.5703852516358, 60.06407705860882, 3570.0746585436864, 7014.07954230603, 370.55858282597234, 10251.541896637966, 2525.0522746329452, 5513.047390870602, 1501.5703852516403) 

6 : 

x <- c(465.98778683167774, 8517.731745930825, 1500.5918972152874, 2049.8971164491163, 831.6289665675486, 619.039550991149, 229.6657477370417, 4447.068657924105, 34.657673883777306, 824.6392489579447, 3272.709359698133, 6870.492559486125, 423.27445332157276, 7244.186097613752, 2253.2847935671743, 1538.7211408646876, 2194.2668514202082, 267.5511553248803, 430.52509024048607, 1071.55877312075, 2219.7261803780784, 309.33575819966234, 4962.111537040911, 9261.07382729556, 13.284252446021425, 7205.80322231701, 1343.9472518167877, 3995.485987993235, 2237.5670829562) 

7 : 

x <- c(315.6310745619706, 9384.300312161666, 1890.4919989963487, 2365.9865451319206, 680.8821139611331, 519.4155277624277, 310.3091505194603, 4085.735502562757, 71.03389566486536, 640.7834836994037, 2908.793493264104, 6284.612427090606, 263.65294585457366, 8186.387040545849, 2804.420165870428, 1883.763734489036, 1886.6890120173423, 183.4948032264266, 582.942851426736, 851.7427851011862, 1927.8613594047065, 195.7647609240488, 4392.448192801342, 8445.943513508224, 78.36477525479529, 8329.374754858818, 1831.4254684096916, 4625.14300346309, 1862.6836509721356) 

8 : 

x <- c(517.2787072083138, 7937.224773176873, 1043.2783858057305, 1764.7028108635006, 988.9907024744097, 609.0397179794425, 218.89862492733866, 4692.899788776085, 42.41424231202798, 967.5007786813176, 3426.869781762693, 7038.531788260891, 476.767721683547, 6539.8678220823385, 1619.8794840809019, 1202.263455134718, 2516.145463969331, 276.15072278512605, 359.1724557338249, 1276.3754677182897, 2328.725571967679, 354.9244189338142, 5360.1856231098955, 9571.68945046485, 2.5734979531308855, 6191.636160811609, 817.460975454825, 3379.1270635350074, 2726.2275032055254) 

9 : 

x <- c(540.9825858938897, 7812.670444261775, 995.4907072007444, 1730.256213019812, 1005.546714711312, 613.9323228364161, 213.34590867743844, 4729.341450781884, 39.77964113497476, 993.7218120983536, 3472.137178042773, 7116.823436808082, 505.05906689620275, 6396.449292082334, 1546.0186788652793, 1160.4337451869494, 2558.6605711000866, 285.26904545844684, 343.60174168073297, 1309.1164573649144, 2364.447855613782, 372.5446750444772, 5448.677590547365, 9697.033990921534, 0.5713363679399694, 6013.821224233541, 756.6046361894303, 3291.528584208709, 2789.440943172596) 

10 : 

x <- c(326.5798665983485, 9111.588040151386, 1527.7293522813482, 2092.5460241660394, 845.1409950728678, 565.569177740956, 272.50415808454153, 4368.896344639532, 70.15916954355022, 745.7422686738844, 3029.9626215368407, 6348.383243145934, 257.45191937907657, 7912.8994400025385, 2368.2798127265037, 1615.3614060335017, 2146.8952157936856, 200.22998641494507, 516.1091836498923, 998.4201074135715, 2017.2227834926684, 214.63491142708995, 4590.848968883101, 8472.33878541741, 86.42716451309498, 7922.229080523347, 1476.7113344885765, 4225.939015226307, 2186.1052029916973) 

11 : 

