med: 640.764128711949/desvio: 1228.6235153648233


Funcoes: 

1 : Expressao: (((Sin[X1])-(0.005345021923511162/X0)))
2 : Expressao: (((X1/0.6817054515789769)-(0.4484935774080899*X0)))
3 : Expressao: (((Sin[X1])-(0.006869219660416315/X0)))
4 : Expressao: (((Tan[X1])-(X0*0.13656082900440203)))
5 : Expressao: (((Tan[X1])-(0.14791843747781785*X0)))
6 : Expressao: (((X1-X0)-(Power[Abs[X0],0.9792126940921996])))
7 : Expressao: (((X1-0.19099812525843596)*(Sqrt[Abs[X1]])))
8 : Expressao: (((Sqrt[Abs[X1]])*(X1-0.1598379865257722)))
9 : Expressao: (((X1-0.20797031844094516)*(Sqrt[Abs[X1]])))
10 : Expressao: (((X0*0.9736138190484196)+(X1-X0)))
11 : Expressao: (((Tan[X1])-(0.13463734983183206*X0)))
12 : Expressao: (((Power[Abs[X1],0.5863799757853413])*(X1-0.23329848272326947)))
13 : Expressao: (((X1-0.1781751633095865)*(Sqrt[Abs[X1]])))
14 : Expressao: (((X1-0.17219638615172483)*(Sqrt[Abs[X1]])))
15 : Expressao: (((Tan[X1])-(X0*0.15146191881984483)))
16 : Expressao: (((Tan[X1])-(0.17337990202697207*X0)))
17 : Expressao: (((Sqrt[Abs[X1]])*(X1-0.1683370581749586)))
18 : Expressao: (((Sqrt[Abs[X1]])*(X1-0.19935884035310047)))
19 : Expressao: (((X1-0.0931042715504633)*(Power[Abs[X1],0.34244118394711054])))
20 : Expressao: (((X1-0.20646147117980418)*(Sqrt[Abs[X1]])))
21 : Expressao: (((X1-0.18869225460776984)*(Power[Abs[X1],0.5422658429966931])))
22 : Expressao: (((0.9603883530067759*X0)-(X0-X1)))
23 : Expressao: (((X1-0.015050352405869605)*0.9511602300134865))
24 : Expressao: (((X1*0.8783567873471306)*(Power[Abs[0.8419443745442389],X1])))
25 : Expressao: (((X1-0.15852576780413452)/(Power[Abs[X1],X0])))
26 : Expressao: (((Tan[X1])-(0.18169774874111388*X0)))
27 : Expressao: (((X1-0.16577861817149353)*(Sqrt[Abs[X1]])))
28 : Expressao: (((X1-0.06254150875727471)*(Power[Abs[X1],0.2569209574230561])))
29 : Expressao: ((Tan[(0.894486858315185*X1)]))
30 : Expressao: (((Sqrt[Abs[X1]])*(X1-0.1882645907393622)))
Erros: 

1 : 

x <- c(10.237169692700192, 0.706475079370319, 1.7910366316599637, 31.548329037686525, 136.74184174044848, 81.09985028267086, 10.921518790948134, 38.27150085973666, 270.52692390920726, 153.80756648935179, 521.3739450308576, 421.7234540045831, 723.4621756073685, 1685.9623180311319, 3100.093183409734, 3469.975621093943, 3949.230834454234, 5778.003989127582, 6707.055837921711, 4491.649346138794) 

2 : 

x <- c(6.438047998138788, 0.11521494142578682, 0.6922671254901029, 22.6512324658916, 70.33531074016878, 0.8073449059890112, 30.138991419535653, 5.7851948829691, 96.27861098084743, 52.20068250062555, 108.90144581648833, 88.84577174311467, 71.2973593193245, 52.012748218087296, 0.25175055175349564, 52.20870193261583, 45.736859268513314, 5.970704373694468, 28.68695726401478, 227.35142836428113) 

3 : 

x <- c(8.931144700629114, 2.8837330578453426, 2.701931258269593, 33.54715520797195, 140.68943082690507, 82.66592381013545, 11.201873976093324, 38.67646409260898, 271.69845457980836, 154.629837788509, 522.4425236216757, 422.72496347756953, 724.4818344549439, 1687.659720927012, 3102.0528793394424, 3471.663903184662, 3950.8537212836018, 5780.053743374477, 6709.0610289320275, 4493.150147609343) 

4 : 

x <- c(11.332857366036908, 4.018313643689253, 0.3036077282959877, 30.969673347538258, 117.88553664601629, 0.027752930224983034, 523.7592935773479, 100.25438692996069, 54.20278982841704, 1.8642041879876548E8, 114903.21743404679, 12120.307284777919, 29105.70632905544, 12100.41970105608, 8327.112047346302, 6652.423538610616, 8551.140229310207, 8387.81824433258, 7194.6126714280035, 5270.670518098175) 

5 : 

x <- c(11.013604274356057, 3.9713352420509267, 0.3410593010050839, 31.613287081226122, 119.19512551928722, 0.0025117101159764484, 512.8707884553811, 94.16668079385798, 50.11133470889635, 1.8642873238437784E8, 114611.22993050319, 12211.544502925792, 29287.490203775178, 12207.965647422365, 8431.98397713727, 6767.666261619558, 8696.130136832473, 8525.318312869842, 7334.969307830431, 5402.198173006261) 

6 : 

x <- c(16.7733135591123, 4.972927625067204, 38.08377265123909, 232.79333193468713, 464.8381404367152, 719.5560679206878, 1594.4239565634325, 3154.3055512944347, 3722.619069360171, 2706.285443422814, 7388.27771165091, 4710.117797585126, 10104.120789411365, 9385.527582864162, 11428.347322535028, 14342.141567499792, 20352.141470041643, 18785.85905143092, 20303.829357075127, 20327.573933638032) 

7 : 

x <- c(16.596726881458572, 31.994041648757996, 25.86807110699184, 98.67690074234952, 301.85932190429105, 139.7609651768875, 0.9637862172015216, 37.5495220736678, 211.71164999134635, 29.046780396974743, 60.24162827635126, 252.32296943317306, 0.5026956542088283, 18.649525095518467, 534.0163380150311, 1798.2939357779496, 818.767039852665, 1474.903639254465, 3238.350930778113, 4711.481526664029) 

8 : 

x <- c(15.352349189353228, 29.110696133329647, 22.482567435736083, 91.8032765568185, 285.06707436255607, 123.64782403679254, 0.03373026665431095, 28.764821046717646, 189.27826319313624, 40.09899735605775, 46.75663147585346, 286.6990884745686, 2.931216057785322, 29.219827162661456, 591.1410205939682, 1907.531839443607, 891.3781546135999, 1576.7034405102952, 3395.30616889011, 4899.379131745831) 

9 : 

x <- c(17.294906648014308, 33.6217992754854, 27.811919579432523, 102.52517992676792, 311.20781118090696, 148.9524468675073, 2.006231568437457, 42.82605341497966, 224.45896244114476, 23.774861294008392, 68.30439241014885, 234.52230700747236, 0.02645899948906678, 13.886292006466164, 504.12271487009525, 1740.1495084393935, 780.5150003468643, 1420.884686746913, 3154.423559497489, 4610.683625340948) 

10 : 

x <- c(14.66164513287156, 4.548396348325467, 0.09403944717797005, 25.945297519508955, 119.677506307553, 40.96764130144194, 2.837312162797581, 6.642552569769981, 139.19775795382432, 0.6768546341449098, 130.4445015515837, 8.579864405422569, 76.13964581390135, 159.5967620098543, 66.1098061833402, 1.6275768955075423, 71.97250075412711, 72.3669567068146, 1.1085412409242337, 142.28893818212822) 

11 : 

x <- c(11.387376442440921, 4.0262970700592255, 0.2974806995753386, 30.861328923745976, 117.66446620833864, 0.034714349416460955, 525.6146523812627, 101.30425589381748, 54.911598645724396, 1.8641901086149243E8, 114952.70405257626, 12104.889589866001, 29074.976174623116, 12082.253263620776, 8309.41633797942, 6633.004485117872, 8526.70601059979, 8364.642471780755, 7170.976690546937, 5248.556024560553) 

12 : 

x <- c(15.654617174726148, 34.25213382079812, 30.482654904185505, 108.00515806676957, 333.22198464486945, 167.55087816778152, 3.342432899548199, 50.53893365360155, 237.8514490370383, 32.78325234049742, 58.47293595055944, 318.5310493180945, 3.568824800687344, 50.44392065894795, 848.3393061735475, 2576.936853485329, 1291.090108461504, 2322.1852068318217, 4829.857901685571, 6537.975416450324) 

13 : 

x <- c(16.078772026310357, 30.791009084122283, 24.446136102727902, 95.818235957236, 294.89082210874335, 133.01065369845566, 0.4268095666912738, 33.79292574180046, 202.32781890916237, 33.379676930739386, 54.48569735183026, 266.20363502697444, 1.2584160808401834, 22.713240034768052, 557.1727765684385, 1842.8573281391477, 848.2743551742648, 1516.3847844160086, 3302.4911268967044, 4788.3599471106645) 

14 : 

x <- c(15.840079378982054, 30.237968763403035, 23.796890148943422, 94.49973062971233, 291.66953704566043, 129.92039436890667, 0.25017925813942354, 32.109054054272086, 198.02526291181928, 35.50283773816168, 51.90073636367, 272.80260961816504, 1.7272608189785268, 24.744771653167735, 568.1375894289057, 1863.8216964995786, 862.210850910312, 1535.922236645967, 3332.6118504969977, 4824.417605795052) 

15 : 

