med: 7.691876253783994/desvio: 0.2918634290930245


Funcoes: 

1 : Expressao: (((X1*0.7396161033476315)/(Power[Abs[X1],0.34466554752859446])))
2 : Expressao: (((X1*0.7481117680936628)/(Sqrt[Abs[X1]])))
3 : Expressao: (((X1*0.8446820117078104)/(Power[Abs[X1],0.3611499425456063])))
4 : Expressao: (((0.8088923993958009*X1)/(Power[Abs[X1],0.25983254032407865])))
5 : Expressao: (((0.7049135566341879*X1)/(Power[Abs[X1],0.27076252574064874])))
6 : Expressao: (((0.7458089840291263*X1)/(Sqrt[Abs[X1]])))
7 : Expressao: (((0.7451551243300915*X1)/(Sqrt[Abs[X1]])))
8 : Expressao: (((X1*0.614582039405423)*(Power[Abs[0.9216343001358563],X1])))
9 : Expressao: (((X1*0.6642601236781545)/(Power[Abs[X1],0.2647961154830806])))
10 : Expressao: (((0.864615007820673*X1)*(Power[Abs[0.9024874257443105],X1])))
11 : Expressao: (((X1+0.2691986766759984)*(Power[Abs[0.8008403947410146],X1])))
12 : Expressao: (((Power[Abs[0.9020896684182672],X1])*(0.7074814874128066*X1)))
13 : Expressao: (((0.7347611712064026*X1)/(Sqrt[Abs[X1]])))
14 : Expressao: (((X1*0.6639114046635878)/(Sqrt[Abs[X1]])))
15 : Expressao: (((X1*0.7817459796522868)/(Sqrt[Abs[X1]])))
16 : Expressao: (((0.762797980740489*X1)/(Sqrt[Abs[X1]])))
17 : Expressao: (((X1+0.16919443934837142)*(Power[Abs[0.8120325058835864],X1])))
18 : Expressao: (((Power[Abs[0.9112299146088394],X1])*(X1*0.7319059490944849)))
19 : Expressao: (((0.7560952675718448*X1)/(Power[Abs[X1],0.3648966679627649])))
20 : Expressao: (((0.7540215964152742*X1)/(Sqrt[Abs[X1]])))
21 : Expressao: (((X1*0.6330413222658102)/(Power[Abs[X1],0.4169684851872598])))
22 : Expressao: (((0.6730404574951884*X1)/(Power[Abs[X1],0.1823038111691555])))
23 : Expressao: (((X1+0.22582225301352388)*(Power[Abs[0.7862718515661984],X1])))
24 : Expressao: (((X1*0.7293448008821629)/(Power[Abs[X1],0.4356232782856351])))
25 : Expressao: (((0.768045244396142*X1)*(Power[Abs[0.9643204037187221],X1])))
26 : Expressao: (((X1*0.7921600526583729)/(Sqrt[Abs[X1]])))
27 : Expressao: (((X1*0.7543292206027559)/(Power[Abs[X1],0.5242683561499767])))
28 : Expressao: (((0.8753677135577533*X1)*(Power[Abs[0.877521459413135],X1])))
29 : Expressao: (((Power[Abs[0.8941657775907089],X1])*(X1*0.8529726402276835)))
30 : Expressao: (((X1*0.8198705417213845)/(Power[Abs[X1],0.2808118832473382])))
Erros: 

1 : 

x <- c(22.95598451848, 1.0122869050541612, 0.21784366297742203, 7.50488797078849, 2.8547140529534927, 8.705761336776197, 14.695310250391382, 86.79830407347275, 36.52875165698875, 34.86617722853907, 36.77093532220416, 31.308408840154275, 24.685946947147144, 19.59536297885058, 0.9441146823739639, 5.791265349135165, 14.692730478205934, 23.066879108353145, 5.033660255323688, 25.260042726912502, 0.509787685614942, 40.711046787838946, 612.3917233326058, 88.16040498209361, 73.00848643774943, 0.004859088891217789, 12.193439314288227, 12.097948427717585, 0.032983440183691516, 11.218974387189224, 0.05110502242907783, 55.88541760984559, 33.67995037590838, 24.76856883899349, 162.38313138087634, 1210.4080004845277, 150.86236164288835, 88.65042885479474, 86.35081713752699, 47.068501294838796, 0.11088018213878412, 0.3694040509256057, 1.1598863019800263, 8.40881574079424, 12.711725638829499, 0.8443737368207027, 1370.6681231144382, 8.820662768317392, 56.42090974708719, 42.39718980705336, 33.63870279275685, 703.866207638288, 285.79713477059795, 5.737658574350347, 0.5003056713177353, 33.02783050522819, 74.29772286569248, 13.294253431197841, 12.470019935769526, 78.62096948178372, 6.65103357559096, 1.5367369832518551, 1.9626489868383366, 6.248710525985771, 52.18021797168623, 32.022899267077854, 16.052823580624995, 3.3715098031241375, 16.86996818220771, 40.20982091896523, 0.2567728211680063, 12.630841623340553, 32.586945377135955, 86.01164808549107, 122.82680040207308, 93.37378844346786, 3.727546272890384, 33.8167911030088, 3.8333528173458973, 131.1591468893786, 34.99101410196978, 39.12843194957819, 6.849485122587058, 187.50177281188812, 3.7327195773771957, 1.2079265600670575, 23.693503649653444, 6.037301625883118, 0.022530090957930675, 0.9431917800854517, 44.928972131928425, 0.47741214782836355, 8.642170350234771, 29.41202469705731, 27.02804396905473, 57.26338732725077, 1.42223689226198, 2.128236931661173, 35.90830227415475, 14.347242762327388, 10.40097669790207, 1.7146876112084841, 39.313645278124596, 70.141902628829, 46.14100500668433, 31.837911480595945, 16.51144979277675, 165.0501090530382, 0.561910686173289, 27.897308763148914, 12.875663854840617, 2.090256717323888, 0.002313183314901285, 0.8120210104500043, 7.393912329679975, 1.370535407670961, 3.9032053469970878, 19.598973826708384, 4.631747080248936, 45.13003671058865, 76.96666843868817, 1.5751805993392902, 60.84023759524909, 60.2564619307612, 1.4285518313145775, 28.639665638544365, 44.99682954208043, 68.26856288270682, 59.572180415622185, 36.12511330805603, 9.938333765825428, 94.99339004427868, 7.979585592490647, 0.8552649537578157, 6.90423689791051, 0.5544974664047748, 0.6431841558343141, 0.6421210271035955, 3.5936862578215694, 0.8057591909309353, 0.7130280217069027, 0.592889512192416, 123.77836917338598, 119.14797604017912, 0.46111104969431804, 0.2790239288746089, 10.346226874343945, 48.24207308380625, 0.15627235180715832) 

2 : 

