med: 52.519378390732484/desvio: 0.1113761462260018


Funcoes: 

1 : Expressao: (X1)
2 : Expressao: (X1)
3 : Expressao: (X1)
4 : Expressao: (X1)
5 : Expressao: (X1)
6 : Expressao: (X1)
7 : Expressao: (X1)
8 : Expressao: (X1)
9 : Expressao: (X1)
10 : Expressao: (X1)
11 : Expressao: (X1)
12 : Expressao: ((0.00455438339327463+X1))
13 : Expressao: (X1)
14 : Expressao: (X1)
15 : Expressao: (X1)
16 : Expressao: (X1)
17 : Expressao: (X1)
18 : Expressao: (X1)
19 : Expressao: (X1)
20 : Expressao: ((X1+0.04964919719540817))
21 : Expressao: (X1)
22 : Expressao: (X1)
23 : Expressao: (X1)
24 : Expressao: (X1)
25 : Expressao: (X1)
26 : Expressao: (X1)
27 : Expressao: (X1)
28 : Expressao: (X1)
29 : Expressao: (X1)
30 : Expressao: (((X1-0.1303960094421862)+0.15945220891760284))
Erros: 

1 : 

x <- c(196.0, 10201.0, 2025.0, 2401.0, 729.0, 529.0, 324.0, 4096.0, 100.0, 576.0, 2704.0, 5776.0, 121.0, 9216.0, 3136.0, 2025.0, 1849.0, 144.0, 676.0, 784.0, 1764.0, 121.0, 3969.0, 7569.0, 256.0, 9604.0, 2209.0, 5041.0, 1764.0) 

2 : 

x <- c(196.0, 10201.0, 2025.0, 2401.0, 729.0, 529.0, 324.0, 4096.0, 100.0, 576.0, 2704.0, 5776.0, 121.0, 9216.0, 3136.0, 2025.0, 1849.0, 144.0, 676.0, 784.0, 1764.0, 121.0, 3969.0, 7569.0, 256.0, 9604.0, 2209.0, 5041.0, 1764.0) 

3 : 

x <- c(196.0, 10201.0, 2025.0, 2401.0, 729.0, 529.0, 324.0, 4096.0, 100.0, 576.0, 2704.0, 5776.0, 121.0, 9216.0, 3136.0, 2025.0, 1849.0, 144.0, 676.0, 784.0, 1764.0, 121.0, 3969.0, 7569.0, 256.0, 9604.0, 2209.0, 5041.0, 1764.0) 

4 : 

x <- c(196.0, 10201.0, 2025.0, 2401.0, 729.0, 529.0, 324.0, 4096.0, 100.0, 576.0, 2704.0, 5776.0, 121.0, 9216.0, 3136.0, 2025.0, 1849.0, 144.0, 676.0, 784.0, 1764.0, 121.0, 3969.0, 7569.0, 256.0, 9604.0, 2209.0, 5041.0, 1764.0) 

5 : 

x <- c(196.0, 10201.0, 2025.0, 2401.0, 729.0, 529.0, 324.0, 4096.0, 100.0, 576.0, 2704.0, 5776.0, 121.0, 9216.0, 3136.0, 2025.0, 1849.0, 144.0, 676.0, 784.0, 1764.0, 121.0, 3969.0, 7569.0, 256.0, 9604.0, 2209.0, 5041.0, 1764.0) 

6 : 

x <- c(196.0, 10201.0, 2025.0, 2401.0, 729.0, 529.0, 324.0, 4096.0, 100.0, 576.0, 2704.0, 5776.0, 121.0, 9216.0, 3136.0, 2025.0, 1849.0, 144.0, 676.0, 784.0, 1764.0, 121.0, 3969.0, 7569.0, 256.0, 9604.0, 2209.0, 5041.0, 1764.0) 

7 : 

x <- c(196.0, 10201.0, 2025.0, 2401.0, 729.0, 529.0, 324.0, 4096.0, 100.0, 576.0, 2704.0, 5776.0, 121.0, 9216.0, 3136.0, 2025.0, 1849.0, 144.0, 676.0, 784.0, 1764.0, 121.0, 3969.0, 7569.0, 256.0, 9604.0, 2209.0, 5041.0, 1764.0) 

8 : 

x <- c(196.0, 10201.0, 2025.0, 2401.0, 729.0, 529.0, 324.0, 4096.0, 100.0, 576.0, 2704.0, 5776.0, 121.0, 9216.0, 3136.0, 2025.0, 1849.0, 144.0, 676.0, 784.0, 1764.0, 121.0, 3969.0, 7569.0, 256.0, 9604.0, 2209.0, 5041.0, 1764.0) 

9 : 

x <- c(196.0, 10201.0, 2025.0, 2401.0, 729.0, 529.0, 324.0, 4096.0, 100.0, 576.0, 2704.0, 5776.0, 121.0, 9216.0, 3136.0, 2025.0, 1849.0, 144.0, 676.0, 784.0, 1764.0, 121.0, 3969.0, 7569.0, 256.0, 9604.0, 2209.0, 5041.0, 1764.0) 

10 : 

x <- c(196.0, 10201.0, 2025.0, 2401.0, 729.0, 529.0, 324.0, 4096.0, 100.0, 576.0, 2704.0, 5776.0, 121.0, 9216.0, 3136.0, 2025.0, 1849.0, 144.0, 676.0, 784.0, 1764.0, 121.0, 3969.0, 7569.0, 256.0, 9604.0, 2209.0, 5041.0, 1764.0) 

11 : 

x <- c(196.0, 10201.0, 2025.0, 2401.0, 729.0, 529.0, 324.0, 4096.0, 100.0, 576.0, 2704.0, 5776.0, 121.0, 9216.0, 3136.0, 2025.0, 1849.0, 144.0, 676.0, 784.0, 1764.0, 121.0, 3969.0, 7569.0, 256.0, 9604.0, 2209.0, 5041.0, 1764.0) 

12 : 

x <- c(181.000090173977, 10311.665788550543, 2074.472057167172, 2454.84303798027, 699.7944025314087, 504.1653833445066, 343.9679366787607, 4026.3628300102523, 111.22597505256475, 550.0726381412321, 2647.475772449546, 5693.249887570959, 109.2783257837981, 9321.20206253417, 3197.492254403191, 2074.472057167172, 1802.3104792790168, 131.18558058052596, 704.7098983049566, 753.7016573281342, 1718.4032244822913, 109.27832578380047, 3900.455575213527, 7474.229690334939, 273.7824462722117, 9711.387552940741, 2260.657547573721, 5118.883432452309, 1718.4032244822913) 

13 : 

x <- c(196.0, 10201.0, 2025.0, 2401.0, 729.0, 529.0, 324.0, 4096.0, 100.0, 576.0, 2704.0, 5776.0, 121.0, 9216.0, 3136.0, 2025.0, 1849.0, 144.0, 676.0, 784.0, 1764.0, 121.0, 3969.0, 7569.0, 256.0, 9604.0, 2209.0, 5041.0, 1764.0) 

14 : 

x <- c(196.0, 10201.0, 2025.0, 2401.0, 729.0, 529.0, 324.0, 4096.0, 100.0, 576.0, 2704.0, 5776.0, 121.0, 9216.0, 3136.0, 2025.0, 1849.0, 144.0, 676.0, 784.0, 1764.0, 121.0, 3969.0, 7569.0, 256.0, 9604.0, 2209.0, 5041.0, 1764.0) 

15 : 

x <- c(196.0, 10201.0, 2025.0, 2401.0, 729.0, 529.0, 324.0, 4096.0, 100.0, 576.0, 2704.0, 5776.0, 121.0, 9216.0, 3136.0, 2025.0, 1849.0, 144.0, 676.0, 784.0, 1764.0, 121.0, 3969.0, 7569.0, 256.0, 9604.0, 2209.0, 5041.0, 1764.0) 

16 : 

x <- c(196.0, 10201.0, 2025.0, 2401.0, 729.0, 529.0, 324.0, 4096.0, 100.0, 576.0, 2704.0, 5776.0, 121.0, 9216.0, 3136.0, 2025.0, 1849.0, 144.0, 676.0, 784.0, 1764.0, 121.0, 3969.0, 7569.0, 256.0, 9604.0, 2209.0, 5041.0, 1764.0) 

17 : 

x <- c(196.0, 10201.0, 2025.0, 2401.0, 729.0, 529.0, 324.0, 4096.0, 100.0, 576.0, 2704.0, 5776.0, 121.0, 9216.0, 3136.0, 2025.0, 1849.0, 144.0, 676.0, 784.0, 1764.0, 121.0, 3969.0, 7569.0, 256.0, 9604.0, 2209.0, 5041.0, 1764.0) 

18 : 

x <- c(196.0, 10201.0, 2025.0, 2401.0, 729.0, 529.0, 324.0, 4096.0, 100.0, 576.0, 2704.0, 5776.0, 121.0, 9216.0, 3136.0, 2025.0, 1849.0, 144.0, 676.0, 784.0, 1764.0, 121.0, 3969.0, 7569.0, 256.0, 9604.0, 2209.0, 5041.0, 1764.0) 

19 : 

x <- c(196.0, 10201.0, 2025.0, 2401.0, 729.0, 529.0, 324.0, 4096.0, 100.0, 576.0, 2704.0, 5776.0, 121.0, 9216.0, 3136.0, 2025.0, 1849.0, 144.0, 676.0, 784.0, 1764.0, 121.0, 3969.0, 7569.0, 256.0, 9604.0, 2209.0, 5041.0, 1764.0) 

20 : 

x <- c(64.70221446944917, 11439.635419612068, 2596.53751102088, 3020.1873616345365, 442.8401999750661, 290.49005058872245, 573.9010193786997, 3369.079081798745, 254.60131815138533, 325.5775879353104, 2120.0286336397194, 4906.129529957776, 25.43960242969199, 10395.073106344986, 3838.574600208428, 2596.5375110208743, 1372.2407975204408, 36.52713977627802, 1021.2007206060124, 485.92773732165205, 1299.153260173855, 25.43960242969142, 3253.9915444521594, 6568.0924407702305, 482.07609407186914, 10806.898031651814, 2804.362436327702, 5922.2615400096465, 1299.153260173855) 

21 : 

x <- c(196.0, 10201.0, 2025.0, 2401.0, 729.0, 529.0, 324.0, 4096.0, 100.0, 576.0, 2704.0, 5776.0, 121.0, 9216.0, 3136.0, 2025.0, 1849.0, 144.0, 676.0, 784.0, 1764.0, 121.0, 3969.0, 7569.0, 256.0, 9604.0, 2209.0, 5041.0, 1764.0) 

22 : 

x <- c(196.0, 10201.0, 2025.0, 2401.0, 729.0, 529.0, 324.0, 4096.0, 100.0, 576.0, 2704.0, 5776.0, 121.0, 9216.0, 3136.0, 2025.0, 1849.0, 144.0, 676.0, 784.0, 1764.0, 121.0, 3969.0, 7569.0, 256.0, 9604.0, 2209.0, 5041.0, 1764.0) 

23 : 

x <- c(196.0, 10201.0, 2025.0, 2401.0, 729.0, 529.0, 324.0, 4096.0, 100.0, 576.0, 2704.0, 5776.0, 121.0, 9216.0, 3136.0, 2025.0, 1849.0, 144.0, 676.0, 784.0, 1764.0, 121.0, 3969.0, 7569.0, 256.0, 9604.0, 2209.0, 5041.0, 1764.0) 

24 : 

x <- c(196.0, 10201.0, 2025.0, 2401.0, 729.0, 529.0, 324.0, 4096.0, 100.0, 576.0, 2704.0, 5776.0, 121.0, 9216.0, 3136.0, 2025.0, 1849.0, 144.0, 676.0, 784.0, 1764.0, 121.0, 3969.0, 7569.0, 256.0, 9604.0, 2209.0, 5041.0, 1764.0) 

25 : 

x <- c(196.0, 10201.0, 2025.0, 2401.0, 729.0, 529.0, 324.0, 4096.0, 100.0, 576.0, 2704.0, 5776.0, 121.0, 9216.0, 3136.0, 2025.0, 1849.0, 144.0, 676.0, 784.0, 1764.0, 121.0, 3969.0, 7569.0, 256.0, 9604.0, 2209.0, 5041.0, 1764.0) 

26 : 

x <- c(196.0, 10201.0, 2025.0, 2401.0, 729.0, 529.0, 324.0, 4096.0, 100.0, 576.0, 2704.0, 5776.0, 121.0, 9216.0, 3136.0, 2025.0, 1849.0, 144.0, 676.0, 784.0, 1764.0, 121.0, 3969.0, 7569.0, 256.0, 9604.0, 2209.0, 5041.0, 1764.0) 

27 : 

x <- c(196.0, 10201.0, 2025.0, 2401.0, 729.0, 529.0, 324.0, 4096.0, 100.0, 576.0, 2704.0, 5776.0, 121.0, 9216.0, 3136.0, 2025.0, 1849.0, 144.0, 676.0, 784.0, 1764.0, 121.0, 3969.0, 7569.0, 256.0, 9604.0, 2209.0, 5041.0, 1764.0) 

28 : 

