med: 20.590228868288104/desvio: 0.0


Funcoes: 

1 : Expressao: (X1)
2 : Expressao: (X1)
3 : Expressao: (X1)
4 : Expressao: (X1)
5 : Expressao: (X1)
6 : Expressao: (X1)
7 : Expressao: (X1)
8 : Expressao: (X1)
9 : Expressao: (X1)
10 : Expressao: (X1)
11 : Expressao: (X1)
12 : Expressao: (X1)
13 : Expressao: (X1)
14 : Expressao: (X1)
15 : Expressao: (X1)
16 : Expressao: (X1)
17 : Expressao: (X1)
18 : Expressao: (X1)
19 : Expressao: (X1)
20 : Expressao: (X1)
21 : Expressao: (X1)
22 : Expressao: (X1)
23 : Expressao: (X1)
24 : Expressao: (X1)
25 : Expressao: (X1)
26 : Expressao: (X1)
27 : Expressao: (X1)
28 : Expressao: (X1)
29 : Expressao: (X1)
30 : Expressao: (X1)
Erros: 

1 : 

x <- c(198.24639999999954, 2.0735999999999937, 370.1776000000003, 456.6769000000002, 23.716900000000045, 366.33959999999945, 565.4884000000014, 572.6449000000003, 64.0, 96.62889999999969, 0.592899999999972, 737.1225000000019, 70.05690000000007, 250.9056000000028, 97.41689999999896, 596.8249000000003, 3.7249000000000265, 278.2224000000002, 125.66409999999954, 19.891600000000324, 160.5289000000004, 37.33210000000017, 363.2836000000001, 35.28359999999997, 159.7696000000011, 237.46809999999903, 19.71359999999998, 87.79690000000008, 711.2888999999979, 261.7924000000002, 807.1281000000014, 44.2224999999997, 0.0440999999999914, 76.38760000000016, 2.3103999999999445, 35.760399999999535, 10.497600000000059, 172.65960000000115, 142.32490000000016, 265.6899999999985, 371.71840000000117, 203.63290000000111, 325.080899999999, 297.5625, 87.04889999999864, 668.7396000000007, 2.4648999999998003, 338.55999999999915, 61.93690000000007, 190.7160999999985, 0.5041000000000516, 979.6899999999971, 4.972899999999574, 630.5121000000007, 3.496900000000017, 82.62809999999851, 621.0064000000036, 35.52160000000043, 1641.0600999999992, 103.63239999999898, 27.87839999999971, 18.835600000000277, 825.9876000000005, 344.1024999999983, 1.8496000000000372, 695.3769000000002, 244.92249999999927, 349.3160999999978, 70.55999999999962, 513.4756000000037, 317.19609999999807, 422.30249999999813, 205.63560000000092, 66.09689999999992, 2.5280999999997396, 0.6084000000001348, 782.880400000001, 58.06440000000007, 64.16009999999986, 472.1929000000008, 13.690000000000337, 541.9584000000041, 46.10410000000105, 5.107599999999959, 572.6449000000031, 2168.764899999994, 5050.944900000007, 83.53959999999975, 429.73290000000077, 30.1401000000001, 267.97690000000017, 2320.3489000000072, 382.5935999999979, 562.6384000000013, 58.52249999999965, 26.214400000000047, 1055.6001000000006, 188.23840000000075, 2.8900000000001547, 338.19209999999947, 179.55999999999938, 593.8969000000002, 81.0, 18.318399999999766, 278.8900000000015, 278.2224000000021, 269.2880999999952, 366.7225000000035, 76.73759999999984, 4.752400000000278, 30.1401000000001, 708.0920999999947, 79.92360000000097, 798.0625, 137.12410000000085, 22.84839999999974, 177.15609999999856, 536.3856000000038, 20.430399999999835, 4.12089999999989, 127.01289999999959, 391.64409999999856, 2444.3136000000054, 21.436899999998904, 203.6328999999995, 1188.8704000000012, 510.30809999999633, 72.93159999999938, 3.5344000000004105, 944.9476000000005, 77.08839999999952, 2572.5184000000027, 298.2528999999994, 2809.0, 3.8809000000001075, 165.37959999999742, 3401.222400000019, 670.8099999999929, 183.60249999999877, 809.4024999999897, 32.37609999999803, 882.0899999999892, 422.7136000000071, 48.86010000000013, 111.30249999999904, 227.4063999999978, 122.76639999999838, 251.22249999999713, 573.6025000000021, 120.7801000000002, 253.1281000000026, 1773.2520999999915, 473.9328999999992, 5.90490000000031, 1411.5048999999951, 154.75360000000137, 3435.132100000015, 140.42249999999785, 2.5600000000004366, 2.25, 466.5600000000059, 1527.2463999999943, 1067.3289000000048, 74.82250000000157, 1.6128999999999538) 

2 : 

x <- c(198.24639999999954, 2.0735999999999937, 370.1776000000003, 456.6769000000002, 23.716900000000045, 366.33959999999945, 565.4884000000014, 572.6449000000003, 64.0, 96.62889999999969, 0.592899999999972, 737.1225000000019, 70.05690000000007, 250.9056000000028, 97.41689999999896, 596.8249000000003, 3.7249000000000265, 278.2224000000002, 125.66409999999954, 19.891600000000324, 160.5289000000004, 37.33210000000017, 363.2836000000001, 35.28359999999997, 159.7696000000011, 237.46809999999903, 19.71359999999998, 87.79690000000008, 711.2888999999979, 261.7924000000002, 807.1281000000014, 44.2224999999997, 0.0440999999999914, 76.38760000000016, 2.3103999999999445, 35.760399999999535, 10.497600000000059, 172.65960000000115, 142.32490000000016, 265.6899999999985, 371.71840000000117, 203.63290000000111, 325.080899999999, 297.5625, 87.04889999999864, 668.7396000000007, 2.4648999999998003, 338.55999999999915, 61.93690000000007, 190.7160999999985, 0.5041000000000516, 979.6899999999971, 4.972899999999574, 630.5121000000007, 3.496900000000017, 82.62809999999851, 621.0064000000036, 35.52160000000043, 1641.0600999999992, 103.63239999999898, 27.87839999999971, 18.835600000000277, 825.9876000000005, 344.1024999999983, 1.8496000000000372, 695.3769000000002, 244.92249999999927, 349.3160999999978, 70.55999999999962, 513.4756000000037, 317.19609999999807, 422.30249999999813, 205.63560000000092, 66.09689999999992, 2.5280999999997396, 0.6084000000001348, 782.880400000001, 58.06440000000007, 64.16009999999986, 472.1929000000008, 13.690000000000337, 541.9584000000041, 46.10410000000105, 5.107599999999959, 572.6449000000031, 2168.764899999994, 5050.944900000007, 83.53959999999975, 429.73290000000077, 30.1401000000001, 267.97690000000017, 2320.3489000000072, 382.5935999999979, 562.6384000000013, 58.52249999999965, 26.214400000000047, 1055.6001000000006, 188.23840000000075, 2.8900000000001547, 338.19209999999947, 179.55999999999938, 593.8969000000002, 81.0, 18.318399999999766, 278.8900000000015, 278.2224000000021, 269.2880999999952, 366.7225000000035, 76.73759999999984, 4.752400000000278, 30.1401000000001, 708.0920999999947, 79.92360000000097, 798.0625, 137.12410000000085, 22.84839999999974, 177.15609999999856, 536.3856000000038, 20.430399999999835, 4.12089999999989, 127.01289999999959, 391.64409999999856, 2444.3136000000054, 21.436899999998904, 203.6328999999995, 1188.8704000000012, 510.30809999999633, 72.93159999999938, 3.5344000000004105, 944.9476000000005, 77.08839999999952, 2572.5184000000027, 298.2528999999994, 2809.0, 3.8809000000001075, 165.37959999999742, 3401.222400000019, 670.8099999999929, 183.60249999999877, 809.4024999999897, 32.37609999999803, 882.0899999999892, 422.7136000000071, 48.86010000000013, 111.30249999999904, 227.4063999999978, 122.76639999999838, 251.22249999999713, 573.6025000000021, 120.7801000000002, 253.1281000000026, 1773.2520999999915, 473.9328999999992, 5.90490000000031, 1411.5048999999951, 154.75360000000137, 3435.132100000015, 140.42249999999785, 2.5600000000004366, 2.25, 466.5600000000059, 1527.2463999999943, 1067.3289000000048, 74.82250000000157, 1.6128999999999538) 

3 : 

