med: 0.5641534232020814/desvio: 9.997717284078761E-4


Funcoes: 

1 : Expressao: (X1)
2 : Expressao: (X1)
3 : Expressao: (X1)
4 : Expressao: (X1)
5 : Expressao: (X1)
6 : Expressao: (X1)
7 : Expressao: (X1)
8 : Expressao: (X1)
9 : Expressao: (X1)
10 : Expressao: (X1)
11 : Expressao: ((X1*0.9749947073041063))
12 : Expressao: (X1)
13 : Expressao: (X1)
14 : Expressao: (X1)
15 : Expressao: (X1)
16 : Expressao: (X1)
17 : Expressao: ((0.441888535596378/(0.44651443487457276/X1)))
18 : Expressao: (X1)
19 : Expressao: (X1)
20 : Expressao: (X1)
21 : Expressao: (X1)
22 : Expressao: (X1)
23 : Expressao: (X1)
24 : Expressao: (X1)
25 : Expressao: (X1)
26 : Expressao: ((0.9967076574630831*X1))
27 : Expressao: (X1)
28 : Expressao: (X1)
29 : Expressao: (X1)
30 : Expressao: (X1)
Erros: 

1 : 

x <- c(0.0702250000000003, 0.0014440000000000195, 1.7134810000000027, 1.0899359999999974, 1.9182250000000043, 0.017688999999999764, 0.12960000000000216, 0.029240999999999785, 0.3237609999999989, 1.089936000000001, 0.5760810000000005, 0.24304900000000032, 0.30360099999999823, 0.07075600000000001, 0.34574399999999905, 0.4408959999999996, 0.029241000000000395, 0.05198399999999989, 0.01768900000000024, 0.061008999999999945, 0.22467600000000018, 0.11696400000000036, 0.02310399999999977, 0.20702500000000007, 0.3918759999999993, 0.19096900000000103, 0.3249000000000003, 1.4280250000000008, 0.14440000000000058, 0.005776000000000078, 0.22562499999999966, 0.0806560000000004, 0.24403599999999978, 0.3684489999999992, 0.2621440000000005, 0.22467600000000018, 0.02310399999999977, 0.04326400000000008, 0.3931289999999986, 1.087849000000002, 0.3237609999999989, 0.017423999999999915, 0.07075600000000001, 0.17388899999999985, 0.24403599999999978, 0.8987040000000007, 0.2631689999999999, 0.0014440000000000195, 0.19096899999999947, 0.0918090000000005, 1.1299690000000013, 0.5475999999999976, 0.32376100000000096, 3.6100000000000487E-4, 0.08122500000000007, 0.0702250000000003, 0.05198399999999989, 0.26214399999999866, 0.0519840000000007, 0.01768900000000024, 0.3237609999999989, 0.012996000000000176, 0.3237609999999989, 0.44089600000000195, 0.41731599999999874, 0.02280099999999994, 0.017423999999999915, 0.15920099999999932, 0.30250000000000077, 1.4762249999999997, 0.0014440000000000195, 0.8648999999999994, 0.01768900000000024, 0.012996000000000176, 0.061008999999999945, 1.1278439999999987, 0.5198410000000027, 3.609999999999374E-4, 0.029240999999999785, 0.08065599999999938, 0.4408959999999996, 0.24403599999999978, 0.023104000000000312, 0.17472400000000088, 0.08065599999999938, 0.3036010000000021, 3.6100000000007236E-4, 0.30250000000000077, 0.012996000000000176, 0.15840399999999974, 0.012996000000000176, 0.0702250000000003, 0.44222499999999887, 0.6052840000000035, 0.14364099999999966, 0.03609999999999981, 0.003249000000000044, 1.1278439999999987, 0.06051599999999934, 1.4737959999999968, 0.937024, 0.19009599999999996, 0.19096900000000103, 0.13032100000000046, 0.9741689999999967, 1.010025000000005, 0.30360099999999823, 0.029240999999999785, 1.1278439999999987, 0.0014440000000000195, 0.0702250000000003, 1.0506250000000008, 0.28196099999999874, 0.08122500000000007, 3.6100000000007236E-4, 0.08122500000000007, 0.24304900000000207, 0.17472399999999938, 0.051529000000000144, 0.02280099999999994) 

2 : 

x <- c(0.0702250000000003, 0.0014440000000000195, 1.7134810000000027, 1.0899359999999974, 1.9182250000000043, 0.017688999999999764, 0.12960000000000216, 0.029240999999999785, 0.3237609999999989, 1.089936000000001, 0.5760810000000005, 0.24304900000000032, 0.30360099999999823, 0.07075600000000001, 0.34574399999999905, 0.4408959999999996, 0.029241000000000395, 0.05198399999999989, 0.01768900000000024, 0.061008999999999945, 0.22467600000000018, 0.11696400000000036, 0.02310399999999977, 0.20702500000000007, 0.3918759999999993, 0.19096900000000103, 0.3249000000000003, 1.4280250000000008, 0.14440000000000058, 0.005776000000000078, 0.22562499999999966, 0.0806560000000004, 0.24403599999999978, 0.3684489999999992, 0.2621440000000005, 0.22467600000000018, 0.02310399999999977, 0.04326400000000008, 0.3931289999999986, 1.087849000000002, 0.3237609999999989, 0.017423999999999915, 0.07075600000000001, 0.17388899999999985, 0.24403599999999978, 0.8987040000000007, 0.2631689999999999, 0.0014440000000000195, 0.19096899999999947, 0.0918090000000005, 1.1299690000000013, 0.5475999999999976, 0.32376100000000096, 3.6100000000000487E-4, 0.08122500000000007, 0.0702250000000003, 0.05198399999999989, 0.26214399999999866, 0.0519840000000007, 0.01768900000000024, 0.3237609999999989, 0.012996000000000176, 0.3237609999999989, 0.44089600000000195, 0.41731599999999874, 0.02280099999999994, 0.017423999999999915, 0.15920099999999932, 0.30250000000000077, 1.4762249999999997, 0.0014440000000000195, 0.8648999999999994, 0.01768900000000024, 0.012996000000000176, 0.061008999999999945, 1.1278439999999987, 0.5198410000000027, 3.609999999999374E-4, 0.029240999999999785, 0.08065599999999938, 0.4408959999999996, 0.24403599999999978, 0.023104000000000312, 0.17472400000000088, 0.08065599999999938, 0.3036010000000021, 3.6100000000007236E-4, 0.30250000000000077, 0.012996000000000176, 0.15840399999999974, 0.012996000000000176, 0.0702250000000003, 0.44222499999999887, 0.6052840000000035, 0.14364099999999966, 0.03609999999999981, 0.003249000000000044, 1.1278439999999987, 0.06051599999999934, 1.4737959999999968, 0.937024, 0.19009599999999996, 0.19096900000000103, 0.13032100000000046, 0.9741689999999967, 1.010025000000005, 0.30360099999999823, 0.029240999999999785, 1.1278439999999987, 0.0014440000000000195, 0.0702250000000003, 1.0506250000000008, 0.28196099999999874, 0.08122500000000007, 3.6100000000007236E-4, 0.08122500000000007, 0.24304900000000207, 0.17472399999999938, 0.051529000000000144, 0.02280099999999994) 

3 : 

