med: 0.5531656651641513/desvio: 0.11507372752506387


Funcoes: 

1 : Expressao: ((X1*0.5818286320179193))
2 : Expressao: ((X1*0.5148558383898472))
3 : Expressao: (((X1+0.5378290446979714)-(Sqrt[Abs[X0]])))
4 : Expressao: ((0.6641726285190139*X1))
5 : Expressao: (((0.10980781863081701+X1)*0.6847092430457041))
6 : Expressao: (((0.2974346844820758+X1)-(0.49120588048537106*X0)))
7 : Expressao: ((X1*0.6465873189657495))
8 : Expressao: ((0.9226600488909028*X1))
9 : Expressao: ((X1*0.8143363542025672))
10 : Expressao: ((Cos[(Power[Abs[0.21985208402954093],X1])]))
11 : Expressao: (((X1-X0)+(X0*0.29230464278657464)))
12 : Expressao: ((0.738286610151187*X1))
13 : Expressao: ((0.5408701702927599*X1))
14 : Expressao: ((0.2196024150818878*(0.38434480300229784+(X1/0.4550762790479803))))
15 : Expressao: ((X1*0.5457989285573968))
16 : Expressao: ((1.5574077246549023-(Power[Abs[0.18916997714943423],(X1+0.13190308910557336)])))
17 : Expressao: ((((Cos[X0])+(X1*0.570362029739792))-0.4634322115702699))
18 : Expressao: (((0.4110117522284238*X1)/0.6937611910134838))
19 : Expressao: ((Sin[((X1+0.04593006204519445)*(Power[Abs[X0],0.14436266218265548]))]))
20 : Expressao: ((X1*0.9750776672846219))
21 : Expressao: (X1)
22 : Expressao: ((X1/1.4995412728730317))
23 : Expressao: ((X1*0.8425694145407763))
24 : Expressao: (((Cos[X0])-(0.6943682094391787-X1)))
25 : Expressao: (X1)
26 : Expressao: ((((X1-0.18363411368694427)+0.1476989295246671)*0.7908651046891213))
27 : Expressao: ((0.5750270285750365*X1))
28 : Expressao: (((0.22269019976116666+X1)*0.39003315755171997))
29 : Expressao: ((X1*0.7945024228109137))
30 : Expressao: ((X1*0.4379851978759024))
Erros: 

1 : 

x <- c(0.53725686049283, 0.17890559092780492, 0.05624203986301221, 0.1168841198711867, 0.17798543126956523, 0.148484530877829, 0.08971140334227423, 0.09989702728253982, 6.332672753616641, 1.0236003653077468, 0.3798111106293614, 1.4590206936892631, 0.12912383791520823, 0.013951579330510033, 0.01946704897785148, 0.1484889604432578, 0.18122370967193546, 0.1303026819447766, 0.04092469015840377, 0.11688804992667814, 4.007730297296539, 5.044921926644344, 0.18138447076164185, 0.21437531023264964, 1.3712219611759966, 0.21620247353407784, 0.007128144135752018, 0.1380286469546491, 0.17295978904975134, 0.29818688584559566, 0.052761714907964295, 0.2767442894488082, 0.33795126138600445, 0.22871653446621287, 0.15528443532427152, 0.25646733220278856, 0.2515186195416064, 0.2440967275950261, 0.22871653446621287, 0.2440967275950261, 0.22871653446621287, 0.22473426914087516, 0.08403026811151446, 0.04017105759232298, 0.023472411151296745, 0.4627432885359613, 0.45485358212535937, 0.23838139796688476, 0.12127330895747848, 0.20222935565504954, 0.0888413200020654, 0.07813065856794409, 0.07711811341604698, 0.012681282473799089, 0.08350766427172762, 0.03766208159493287, 0.3493082729546484, 2.0275584040007404, 0.4924223079683715, 1.6423577366161348, 8.316914042664715E-4, 0.044130164117888275, 0.061809815298103934, 0.06697555736064968, 0.07966510323738535, 0.11663732287919908, 0.059213968554917784, 0.00933394617311982, 0.002967719837420801, 0.009804886045900654, 0.0849884672300388, 0.061809815298103934, 0.02214035756074168, 0.055814639748785234, 0.08152350770079439, 0.03731026042473538, 0.0764145322255896, 0.020028495709532444, 0.08982304574121555, 0.0026545234831824465, 0.001769843503999102, 3.5681088674010687E-6, 0.08173314548807516, 0.05193284680356707, 0.016169612214841762, 0.07402181718748187, 0.19190388670626835, 0.05965697467480134, 0.028614256775811683, 0.020494396368282857, 0.15643861553894475, 0.04033771340432184, 0.0026589250502325034, 0.002923884632597969, 0.009335056786344942, 0.02008126487489573, 0.07571417529462732, 0.05309933770195016, 0.042239792909412384, 0.03598796089350467, 0.03441886421156687, 0.07915304174149253, 0.12886443403558617, 2.7758209928294207E-4, 0.0017734378665818517, 0.04171950073114565, 1.2960004222147494E-4, 8.956967331618357E-4, 0.004658700011387475, 0.04201742558008796, 0.09727471329569483, 0.011135149420184856, 7.777290724669107E-4, 0.05453416685195858, 0.22837674396744229, 0.05842016235537451, 0.08364007360104345, 0.007502694834086001, 0.03516625046559538, 0.020132472386789484, 0.015483841482208665, 0.04598197676226178, 0.1616598892694504, 0.10396151523982913, 3.069825816563928E-4, 0.15572072124251357, 0.12717236817472732, 0.001172909963780275, 0.06690421767387025, 1.0013352518159681E-5, 0.020496042041344694, 2.9185611716006228E-6, 0.013599780690862822, 0.036127291835827774, 0.12978177096196886, 3.7638166725192634E-7, 0.0066233882425607874, 0.04032056421521116, 0.29998320998038475, 0.13816284669669873, 0.027173431740878762, 0.03600416263166929, 0.04024808232098138, 3.398578677942383E-4, 0.0044428953795926426, 0.008679603223906679, 0.1687564849581736, 0.021177006815875882, 0.04639084940513246) 

2 : 

x <- c(0.5810756380933908, 0.23923100181832088, 0.09239405553095148, 0.157321668053075, 0.22718374099557123, 0.19842524708947717, 0.12981676047269824, 0.13800437245989358, 6.066688836300289, 0.7643553978896805, 0.3950200506279865, 1.3444772313727382, 0.16981291897300418, 0.004014748633721333, 0.026722977591029234, 0.16697046779396324, 0.21627596581274774, 0.17005788116441248, 0.02196723735090292, 0.12946227685192777, 3.8754181499236457, 5.5732669718564285, 0.41350988179825043, 0.0949482444064141, 1.2363057791594798, 0.259096158275284, 0.019935260140254138, 0.1682667941795272, 0.2146210368904705, 0.36178949531297705, 0.08911313354008085, 0.33812991941270887, 0.4209613539791763, 0.30962370685450064, 0.2223942710642115, 0.33399614549143314, 0.33296667453793116, 0.3267116652318221, 0.30962370685450064, 0.3267116652318221, 0.30962370685450064, 0.3042481863983, 0.13449494839370543, 0.06999100865506336, 0.010500243089084519, 0.48931640891527983, 0.5346421514121635, 0.3208524751035837, 0.18184971961642032, 0.26886115466472377, 0.13558678810383523, 0.1158047232552776, 0.11008229105442315, 0.02646408762362272, 0.10604729220917848, 0.05511116923569692, 0.30730499543886397, 2.0798519445046786, 0.6523922649149323, 1.3756620418141356, 3.882837290287933E-5, 0.04897114545660828, 0.07247641118826278, 0.08261700105642127, 0.10000980315844443, 0.14455459275327728, 0.08335795259920421, 0.019407835238858976, 5.365014374244865E-4, 0.007131556089778692, 0.08606834390312057, 0.07247641118826278, 0.03148201982664, 0.06910453164433646, 0.10038600097981733, 0.05313046845519906, 0.09677991697699286, 0.03247324991161126, 0.11001755354398833, 0.008136645632861544, 0.004627532104413947, 3.9238328851567733E-4, 0.08787833914292964, 0.0640973399986596, 0.024691287575274435, 0.08881947664760255, 0.22221025189936677, 0.0858343396945063, 0.04573880781303379, 0.03258042106800284, 0.18219025083176804, 0.02437772239271543, 0.0015212235502694846, 0.0033556987233116097, 0.010502707471284435, 0.022979942734415726, 0.08433384464240033, 0.06642415993182947, 0.05609200108748962, 0.04914598653649538, 0.04701850111440768, 0.09733530020601822, 0.1565381567249989, 8.247105013103185E-4, 2.830966163070092E-4, 0.046718960369057885, 8.49057841624365E-5, 3.499050514870986E-4, 0.005296904336482964, 0.045022729334280656, 0.1087737568316267, 0.01872450122207996, 0.002827530085805833, 0.06255290307661399, 0.2531846023897268, 0.08318647509438173, 0.06043561009428205, 0.008553053112980631, 0.038706598480792685, 0.025538810049920677, 0.020840673416842384, 0.054926011950440376, 0.18320622791114394, 0.13283150357473109, 0.0040410450806226015, 0.1785741025500112, 0.1594500787752616, 0.006884847529317278, 0.051990357878195705, 1.347759920420704E-5, 0.020641409395390012, 1.3435980311187617E-4, 0.015002016187892046, 0.04051937542284822, 0.14402901676345858, 0.0012921256296309813, 0.003694885098443093, 0.04298745370854709, 0.31917666651914256, 0.17507584578370147, 0.012716579101609398, 0.029066311502515693, 0.039647523991245034, 9.608223209382548E-4, 0.003376948247700401, 0.008774290896752256, 0.17416780071168955, 0.03127150116824384, 0.03512614722923149) 

3 : 

