med: 646.9596324482122/desvio: 21.33604375981649


Funcoes: 

1 : Expressao: ((Sin[X1]))
2 : Expressao: ((0.7126711347179683*X1))
3 : Expressao: ((0.7355705745015485/(0.9961484658897871/X1)))
4 : Expressao: ((0.8833402118205327*X1))
5 : Expressao: ((Sin[(Tan[(Sin[X1])])]))
6 : Expressao: ((Sin[X1]))
7 : Expressao: (((Power[Abs[(Sqrt[Abs[X0]])],(Sin[X1])])*((Power[Abs[0.9848205384803919],X1])*(X1*0.5033353138772848))))
8 : Expressao: ((X1/1.1016799227784777))
9 : Expressao: ((Sin[X1]))
10 : Expressao: ((0.8788881475992371*X1))
11 : Expressao: ((X1*0.832051828299611))
12 : Expressao: (X1)
13 : Expressao: ((Sin[X1]))
14 : Expressao: ((Sin[X1]))
15 : Expressao: ((0.8473295102592547*(0.804675834342583*X1)))
16 : Expressao: ((0.8224751663144769*X1))
17 : Expressao: ((0.5652544313204573*X1))
18 : Expressao: (((Sqrt[Abs[X1]])*(Sin[X1])))
19 : Expressao: ((Sin[X1]))
20 : Expressao: ((X1*0.6372187903077808))
21 : Expressao: ((0.9363899968711005*(0.8925468609893331*X1)))
22 : Expressao: ((X1*0.6975951286716495))
23 : Expressao: ((Sin[X1]))
24 : Expressao: ((0.6890496871420261*X1))
25 : Expressao: (((X0*X1)/(X0+X0)))
26 : Expressao: ((0.7078900681095396*X1))
27 : Expressao: (((Sin[X1])*(Sqrt[Abs[X1]])))
28 : Expressao: ((X1*0.7337312719517313))
29 : Expressao: ((0.6259256494600779*X1))
30 : Expressao: ((0.6722463242671816*X1))
Erros: 

1 : 

x <- c(267227.4135281672, 342173.76131330244, 255491.30213689915, 921599.8033634154, 1194449.228058013, 13646.0828403953, 28147.219466117196, 874857.6385303244, 105835.52573082355, 1205342.083800556, 9975.7397936509, 275571.2007968665, 1153.3255400401254, 187434.06929381698, 367634.2982676569) 

2 : 

x <- c(159905.56653904376, 321613.511030102, 145010.79255805453, 917046.6867017885, 1482211.9119392782, 125528.69855543191, 2663.4831223490537, 634772.4794954301, 170595.73192897072, 1526930.443044465, 28769.052010180552, 175049.76205974547, 2766.309501003751, 126662.98573111834, 316451.0814612517) 

3 : 

x <- c(169807.90849556023, 323434.10777428903, 155440.84282793684, 917454.1847110017, 1423154.2009204433, 162492.1235648537, 5970.403970112861, 662082.0639201007, 163707.19193256606, 1486090.6936935724, 45489.27043888836, 198152.95245978178, 1962.4481049605147, 131888.01006813892, 320948.64154269546) 

4 : 

x <- c(231105.2226227998, 333779.24147862545, 220916.65335763412, 919749.9274460357, 1113086.8937541237, 459472.2535764336, 49160.191378852214, 826557.3314868923, 127576.50654807563, 1266509.423323677, 210785.86152047614, 354929.61401926674, 5.782885010811821, 163273.4979082646, 346860.3569180773) 

5 : 

x <- c(284178.2317554825, 342224.87010807963, 276895.89675028314, 921599.9999912269, 1075619.5717450266, 5073.235538375828, 49569.266847372055, 942170.9515405832, 102049.92076322147, 1131971.8098338738, 7043.196260482662, 333625.5287224691, 1566.670166910812, 190781.00600307225, 368436.18094099715) 

6 : 

x <- c(267227.4135281672, 342173.76131330244, 255491.30213689915, 921599.8033634154, 1194449.228058013, 13646.0828403953, 28147.219466117196, 874857.6385303244, 105835.52573082355, 1205342.083800556, 9975.7397936509, 275571.2007968665, 1153.3255400401254, 187434.06929381698, 367634.2982676569) 

7 : 

x <- c(116111.80291239168, 306181.45038248436, 299719.2431916106, 913714.6327635827, 2775163.489227594, 102.1390940329448, 77786.29414685475, 433205.2084930289, 242426.76402754293, 2149337.0122476104, 125458.38210975878, 115557.01418783826, 14093.582719805487, 75887.96326977553, 289876.23005545884) 

8 : 

x <- c(242336.0192116332, 335534.4240468113, 233051.32122665655, 920136.1623485655, 1064695.4525090388, 524222.903987037, 60518.903806515256, 855998.2352986748, 121944.08440450716, 1231316.7868481898, 250442.94407996477, 385741.3430809289, 105.19671293600592, 168878.5533319094, 351315.3127680057) 

9 : 

x <- c(267227.4135281672, 342173.76131330244, 255491.30213689915, 921599.8033634154, 1194449.228058013, 13646.0828403953, 28147.219466117196, 874857.6385303244, 105835.52573082355, 1205342.083800556, 9975.7397936509, 275571.2007968665, 1153.3255400401254, 187434.06929381698, 367634.2982676569) 

10 : 

x <- c(229081.83513724053, 333459.01803862955, 218734.36755972964, 919679.3603190898, 1122045.5676242362, 448101.5651628329, 47212.094701276605, 821233.3278744583, 128619.447543725, 1272993.6819442885, 203908.54533135652, 349438.0171275896, 0.9409455028479288, 162259.51943712274, 346049.383993327) 

11 : 

x <- c(208334.63114825086, 330099.5366990497, 196432.82233489223, 918937.1486227266, 1218467.911140326, 337113.29760657024, 29104.3574311507, 766266.4646888272, 139848.60344985657, 1342212.2404864132, 138470.00572695036, 294260.171796064, 199.47695104080054, 151783.7154165712, 337575.3543884021) 

12 : 

x <- c(287296.0, 342225.0, 281961.0, 921600.0, 891136.0, 808201.0, 114244.0, 972196.0, 101761.0, 1102500.0, 431649.0, 514089.0, 1600.0, 190969.0, 368449.0) 

13 : 

x <- c(267227.4135281672, 342173.76131330244, 255491.30213689915, 921599.8033634154, 1194449.228058013, 13646.0828403953, 28147.219466117196, 874857.6385303244, 105835.52573082355, 1205342.083800556, 9975.7397936509, 275571.2007968665, 1153.3255400401254, 187434.06929381698, 367634.2982676569) 

14 : 

x <- c(267227.4135281672, 342173.76131330244, 255491.30213689915, 921599.8033634154, 1194449.228058013, 13646.0828403953, 28147.219466117196, 874857.6385303244, 105835.52573082355, 1205342.083800556, 9975.7397936509, 275571.2007968665, 1153.3255400401254, 187434.06929381698, 367634.2982676569) 

15 : 

x <- c(148432.42420904682, 319438.8581402431, 132990.5844028242, 916558.5460697602, 1554555.3359492808, 87512.58656643542, 435.3092743825831, 602807.8612174009, 179036.45629066208, 1576593.2305642057, 13757.465354858632, 149253.0443951797, 3910.7670214224636, 120541.48704860825, 311103.94562674814) 

16 : 

x <- c(204213.67838528493, 329414.7151256037, 192020.43086607076, 918785.424861356, 1238672.8271749746, 316360.9840528637, 25938.580202030826, 755261.7750912741, 142202.49995439648, 1356591.056327448, 126644.19372153697, 283561.4163061877, 296.17870564813677, 149684.7620021548, 335855.59765992727) 

17 : 

x <- c(108929.91653518952, 311287.05679602246, 92259.68375614694, 914714.9443917365, 1843520.5185679921, 5600.595474137667, 9087.162087628278, 489464.4990581151, 212776.03296192645, 1771455.4849278217, 6471.10987511422, 70322.88778504598, 10020.570095330766, 98776.33415079663, 291307.5676436761) 

18 : 

x <- c(145878.87038951524, 290085.22963136155, 140978.35881614435, 907262.9055880733, 1200511.7920346393, 58004.85067090667, 33917.37705101156, 691236.1175048103, 210419.7439504357, 1451724.79672941, 44314.03248688197, 313594.2858287076, 9778.85357038188, 93463.76819039081, 264371.66299625864) 

19 : 

x <- c(267227.4135281672, 342173.76131330244, 255491.30213689915, 921599.8033634154, 1194449.228058013, 13646.0828403953, 28147.219466117196, 874857.6385303244, 105835.52573082355, 1205342.083800556, 9975.7397936509, 275571.2007968665, 1153.3255400401254, 187434.06929381698, 367634.2982676569) 

20 : 

x <- c(132596.07560027204, 316307.06772610004, 116527.442417666, 915852.8593785972, 1662222.232473849, 44631.869407279846, 556.8246448931535, 558043.238139462, 191603.34152254096, 1649817.9560269844, 1732.834971885386, 115582.72130133468, 5915.345522115554, 111957.13653547925, 303451.85868429055) 

21 : 

x <- c(209946.54663397998, 330365.7523931885, 198160.36457598835, 918996.0902005342, 1210663.9705138435, 345352.4554629231, 30383.26996349201, 770562.7812908933, 138939.51307307187, 1336647.3444842554, 143206.1566903865, 298469.6076405046, 167.04966130723474, 152603.01022692677, 338244.5907801658) 

22 : 

x <- c(154244.62298484717, 320549.71072959504, 139070.8580468925, 916808.0879104587, 1517354.9798822314, 106093.6260484917, 1338.2533014226497, 619046.3579887459, 174695.7395022737, 1551104.224718005, 20747.964364506322, 162184.63668932757, 3300.981633522371, 123652.11374604121, 313831.9346452867) 

23 : 

