med: 1369.598862960236/desvio: 164.8510771875175


Funcoes: 

1 : Expressao: ((Sin[X1]))
2 : Expressao: ((Sin[X1]))
3 : Expressao: ((Sin[X1]))
4 : Expressao: ((Sin[X1]))
5 : Expressao: ((Sin[X1]))
6 : Expressao: ((Sin[X1]))
7 : Expressao: ((Sin[(Tan[(Sin[X1])])]))
8 : Expressao: ((Sin[X1]))
9 : Expressao: (X1)
10 : Expressao: ((Sin[(Tan[(Sin[X1])])]))
11 : Expressao: ((Sin[X1]))
12 : Expressao: ((Sin[X1]))
13 : Expressao: ((Sin[X1]))
14 : Expressao: ((((X1/0.41217079576031945)*(Cos[X1]))*(Sin[(X0*X1)])))
15 : Expressao: ((Sin[X1]))
16 : Expressao: ((Sin[X1]))
17 : Expressao: ((Sin[(Tan[(Sin[X1])])]))
18 : Expressao: ((Sin[X1]))
19 : Expressao: ((Tan[(Sin[(Sin[X1])])]))
20 : Expressao: ((((Sin[X1])+0.8981078833089603)-(Sin[(Power[Abs[0.7208755712866811],X0])])))
21 : Expressao: ((Sin[X1]))
22 : Expressao: ((Sin[X1]))
23 : Expressao: ((Sin[X1]))
24 : Expressao: ((Sin[X1]))
25 : Expressao: ((Sin[X1]))
26 : Expressao: ((Sin[X1]))
27 : Expressao: ((Sin[X1]))
28 : Expressao: (((X1*0.3648900232256381)+(0.5672729544255369*X1)))
29 : Expressao: (X1)
30 : Expressao: ((Sin[X1]))
Erros: 

1 : 

x <- c(3151356.782270319, 45803.67970503892, 353358.0442671215, 1617569.8991977393, 204828.84103194866, 1723283.690275959, 3860576.196386983, 2032376.093408521, 1397049.7679054022, 5876823.416889586, 1446850.9582012272, 2407.7585120093377, 9476531.464667283, 5695473.454073219, 58662.52764369054, 1477430.921129645, 228858.5190788874, 1310613.1082682046, 2540582.615742065, 649450.6877576476, 258740.26376011648, 743893.0043198107, 275342.0543289295, 351850.1832416428, 3680781.5990663944, 121686.14737249952) 

2 : 

x <- c(3151356.782270319, 45803.67970503892, 353358.0442671215, 1617569.8991977393, 204828.84103194866, 1723283.690275959, 3860576.196386983, 2032376.093408521, 1397049.7679054022, 5876823.416889586, 1446850.9582012272, 2407.7585120093377, 9476531.464667283, 5695473.454073219, 58662.52764369054, 1477430.921129645, 228858.5190788874, 1310613.1082682046, 2540582.615742065, 649450.6877576476, 258740.26376011648, 743893.0043198107, 275342.0543289295, 351850.1832416428, 3680781.5990663944, 121686.14737249952) 

3 : 

x <- c(3151356.782270319, 45803.67970503892, 353358.0442671215, 1617569.8991977393, 204828.84103194866, 1723283.690275959, 3860576.196386983, 2032376.093408521, 1397049.7679054022, 5876823.416889586, 1446850.9582012272, 2407.7585120093377, 9476531.464667283, 5695473.454073219, 58662.52764369054, 1477430.921129645, 228858.5190788874, 1310613.1082682046, 2540582.615742065, 649450.6877576476, 258740.26376011648, 743893.0043198107, 275342.0543289295, 351850.1832416428, 3680781.5990663944, 121686.14737249952) 

4 : 

x <- c(3151356.782270319, 45803.67970503892, 353358.0442671215, 1617569.8991977393, 204828.84103194866, 1723283.690275959, 3860576.196386983, 2032376.093408521, 1397049.7679054022, 5876823.416889586, 1446850.9582012272, 2407.7585120093377, 9476531.464667283, 5695473.454073219, 58662.52764369054, 1477430.921129645, 228858.5190788874, 1310613.1082682046, 2540582.615742065, 649450.6877576476, 258740.26376011648, 743893.0043198107, 275342.0543289295, 351850.1832416428, 3680781.5990663944, 121686.14737249952) 

5 : 

x <- c(3151356.782270319, 45803.67970503892, 353358.0442671215, 1617569.8991977393, 204828.84103194866, 1723283.690275959, 3860576.196386983, 2032376.093408521, 1397049.7679054022, 5876823.416889586, 1446850.9582012272, 2407.7585120093377, 9476531.464667283, 5695473.454073219, 58662.52764369054, 1477430.921129645, 228858.5190788874, 1310613.1082682046, 2540582.615742065, 649450.6877576476, 258740.26376011648, 743893.0043198107, 275342.0543289295, 351850.1832416428, 3680781.5990663944, 121686.14737249952) 

6 : 

x <- c(3151356.782270319, 45803.67970503892, 353358.0442671215, 1617569.8991977393, 204828.84103194866, 1723283.690275959, 3860576.196386983, 2032376.093408521, 1397049.7679054022, 5876823.416889586, 1446850.9582012272, 2407.7585120093377, 9476531.464667283, 5695473.454073219, 58662.52764369054, 1477430.921129645, 228858.5190788874, 1310613.1082682046, 2540582.615742065, 649450.6877576476, 258740.26376011648, 743893.0043198107, 275342.0543289295, 351850.1832416428, 3680781.5990663944, 121686.14737249952) 

7 : 

x <- c(3061237.1715363823, 27142.753651357853, 278506.18258114846, 1562733.4190081793, 153022.13341682332, 1618722.6047924953, 3618329.0152135915, 1907494.2626602158, 1354727.4137137602, 5634937.238479619, 1436340.616859206, 0.08977436119332975, 9029845.161175668, 5697677.796140688, 68510.83656658327, 1335219.6683594307, 234706.96686656543, 1228400.9085710498, 2527153.4468664713, 542715.7194239221, 244560.34682567292, 713902.3092130013, 281004.16230955534, 390386.90171482705, 3680413.3533566515, 121921.59234925594) 

8 : 

x <- c(3151356.782270319, 45803.67970503892, 353358.0442671215, 1617569.8991977393, 204828.84103194866, 1723283.690275959, 3860576.196386983, 2032376.093408521, 1397049.7679054022, 5876823.416889586, 1446850.9582012272, 2407.7585120093377, 9476531.464667283, 5695473.454073219, 58662.52764369054, 1477430.921129645, 228858.5190788874, 1310613.1082682046, 2540582.615742065, 649450.6877576476, 258740.26376011648, 743893.0043198107, 275342.0543289295, 351850.1832416428, 3680781.5990663944, 121686.14737249952) 

9 : 

x <- c(3041937.133225001, 1025470.1490250004, 104486.6835360001, 611943.2238240001, 812529.171216, 833189.2352639999, 353790.6088089999, 812529.1712160008, 44201.278081, 1408921.5204000012, 4234228.060175999, 98349.97766400011, 8346592.568209, 3626826.9629290025, 1504056.959999998, 1243555.0619039992, 1782289.0805759998, 1202864.949504, 955731.0882249996, 1147784.3944089995, 645.3632159999767, 122167.0265759996, 1884283.326864, 401129.68910399993, 3680412.0336, 1218286.1375999996) 

10 : 

x <- c(3061237.1715363823, 27142.753651357853, 278506.18258114846, 1562733.4190081793, 153022.13341682332, 1618722.6047924953, 3618329.0152135915, 1907494.2626602158, 1354727.4137137602, 5634937.238479619, 1436340.616859206, 0.08977436119332975, 9029845.161175668, 5697677.796140688, 68510.83656658327, 1335219.6683594307, 234706.96686656543, 1228400.9085710498, 2527153.4468664713, 542715.7194239221, 244560.34682567292, 713902.3092130013, 281004.16230955534, 390386.90171482705, 3680413.3533566515, 121921.59234925594) 

11 : 

x <- c(3151356.782270319, 45803.67970503892, 353358.0442671215, 1617569.8991977393, 204828.84103194866, 1723283.690275959, 3860576.196386983, 2032376.093408521, 1397049.7679054022, 5876823.416889586, 1446850.9582012272, 2407.7585120093377, 9476531.464667283, 5695473.454073219, 58662.52764369054, 1477430.921129645, 228858.5190788874, 1310613.1082682046, 2540582.615742065, 649450.6877576476, 258740.26376011648, 743893.0043198107, 275342.0543289295, 351850.1832416428, 3680781.5990663944, 121686.14737249952) 

12 : 

x <- c(3151356.782270319, 45803.67970503892, 353358.0442671215, 1617569.8991977393, 204828.84103194866, 1723283.690275959, 3860576.196386983, 2032376.093408521, 1397049.7679054022, 5876823.416889586, 1446850.9582012272, 2407.7585120093377, 9476531.464667283, 5695473.454073219, 58662.52764369054, 1477430.921129645, 228858.5190788874, 1310613.1082682046, 2540582.615742065, 649450.6877576476, 258740.26376011648, 743893.0043198107, 275342.0543289295, 351850.1832416428, 3680781.5990663944, 121686.14737249952) 

13 : 

x <- c(3151356.782270319, 45803.67970503892, 353358.0442671215, 1617569.8991977393, 204828.84103194866, 1723283.690275959, 3860576.196386983, 2032376.093408521, 1397049.7679054022, 5876823.416889586, 1446850.9582012272, 2407.7585120093377, 9476531.464667283, 5695473.454073219, 58662.52764369054, 1477430.921129645, 228858.5190788874, 1310613.1082682046, 2540582.615742065, 649450.6877576476, 258740.26376011648, 743893.0043198107, 275342.0543289295, 351850.1832416428, 3680781.5990663944, 121686.14737249952) 

14 : 

