med: 7.008681874762303/desvio: 0.0


Funcoes: 

1 : Expressao: (X1)
2 : Expressao: (X1)
3 : Expressao: (X1)
4 : Expressao: (X1)
5 : Expressao: (X1)
6 : Expressao: (X1)
7 : Expressao: (X1)
8 : Expressao: (X1)
9 : Expressao: (X1)
10 : Expressao: (X1)
11 : Expressao: (X1)
12 : Expressao: (X1)
13 : Expressao: (X1)
14 : Expressao: (X1)
15 : Expressao: (X1)
16 : Expressao: (X1)
17 : Expressao: (X1)
18 : Expressao: (X1)
19 : Expressao: (X1)
20 : Expressao: (X1)
21 : Expressao: (X1)
22 : Expressao: (X1)
23 : Expressao: (X1)
24 : Expressao: (X1)
25 : Expressao: (X1)
26 : Expressao: (X1)
27 : Expressao: (X1)
28 : Expressao: (X1)
29 : Expressao: (X1)
30 : Expressao: (X1)
Erros: 

1 : 

x <- c(1.0, 100.0, 64.0, 4.0, 49.0, 121.0, 0.0, 121.0, 81.0, 0.0, 25.0, 49.0, 81.0, 25.0, 1.0, 9.0, 49.0, 1.0, 1.0, 9.0, 25.0, 1.0, 256.0, 4.0, 4.0, 1.0, 225.0, 4.0, 9.0, 64.0, 81.0, 16.0, 25.0, 36.0, 4.0, 4.0, 1.0, 0.0, 25.0, 49.0, 9.0, 36.0, 9.0, 36.0, 169.0, 25.0, 196.0, 25.0, 9.0, 169.0, 100.0, 1.0, 81.0, 4.0, 0.0, 36.0, 49.0, 9.0, 1.0, 144.0, 100.0, 16.0, 36.0, 49.0, 25.0, 169.0, 100.0, 1.0, 64.0, 196.0, 49.0, 36.0, 36.0, 25.0) 

2 : 

x <- c(1.0, 100.0, 64.0, 4.0, 49.0, 121.0, 0.0, 121.0, 81.0, 0.0, 25.0, 49.0, 81.0, 25.0, 1.0, 9.0, 49.0, 1.0, 1.0, 9.0, 25.0, 1.0, 256.0, 4.0, 4.0, 1.0, 225.0, 4.0, 9.0, 64.0, 81.0, 16.0, 25.0, 36.0, 4.0, 4.0, 1.0, 0.0, 25.0, 49.0, 9.0, 36.0, 9.0, 36.0, 169.0, 25.0, 196.0, 25.0, 9.0, 169.0, 100.0, 1.0, 81.0, 4.0, 0.0, 36.0, 49.0, 9.0, 1.0, 144.0, 100.0, 16.0, 36.0, 49.0, 25.0, 169.0, 100.0, 1.0, 64.0, 196.0, 49.0, 36.0, 36.0, 25.0) 

3 : 

x <- c(1.0, 100.0, 64.0, 4.0, 49.0, 121.0, 0.0, 121.0, 81.0, 0.0, 25.0, 49.0, 81.0, 25.0, 1.0, 9.0, 49.0, 1.0, 1.0, 9.0, 25.0, 1.0, 256.0, 4.0, 4.0, 1.0, 225.0, 4.0, 9.0, 64.0, 81.0, 16.0, 25.0, 36.0, 4.0, 4.0, 1.0, 0.0, 25.0, 49.0, 9.0, 36.0, 9.0, 36.0, 169.0, 25.0, 196.0, 25.0, 9.0, 169.0, 100.0, 1.0, 81.0, 4.0, 0.0, 36.0, 49.0, 9.0, 1.0, 144.0, 100.0, 16.0, 36.0, 49.0, 25.0, 169.0, 100.0, 1.0, 64.0, 196.0, 49.0, 36.0, 36.0, 25.0) 

4 : 

x <- c(1.0, 100.0, 64.0, 4.0, 49.0, 121.0, 0.0, 121.0, 81.0, 0.0, 25.0, 49.0, 81.0, 25.0, 1.0, 9.0, 49.0, 1.0, 1.0, 9.0, 25.0, 1.0, 256.0, 4.0, 4.0, 1.0, 225.0, 4.0, 9.0, 64.0, 81.0, 16.0, 25.0, 36.0, 4.0, 4.0, 1.0, 0.0, 25.0, 49.0, 9.0, 36.0, 9.0, 36.0, 169.0, 25.0, 196.0, 25.0, 9.0, 169.0, 100.0, 1.0, 81.0, 4.0, 0.0, 36.0, 49.0, 9.0, 1.0, 144.0, 100.0, 16.0, 36.0, 49.0, 25.0, 169.0, 100.0, 1.0, 64.0, 196.0, 49.0, 36.0, 36.0, 25.0) 

5 : 

x <- c(1.0, 100.0, 64.0, 4.0, 49.0, 121.0, 0.0, 121.0, 81.0, 0.0, 25.0, 49.0, 81.0, 25.0, 1.0, 9.0, 49.0, 1.0, 1.0, 9.0, 25.0, 1.0, 256.0, 4.0, 4.0, 1.0, 225.0, 4.0, 9.0, 64.0, 81.0, 16.0, 25.0, 36.0, 4.0, 4.0, 1.0, 0.0, 25.0, 49.0, 9.0, 36.0, 9.0, 36.0, 169.0, 25.0, 196.0, 25.0, 9.0, 169.0, 100.0, 1.0, 81.0, 4.0, 0.0, 36.0, 49.0, 9.0, 1.0, 144.0, 100.0, 16.0, 36.0, 49.0, 25.0, 169.0, 100.0, 1.0, 64.0, 196.0, 49.0, 36.0, 36.0, 25.0) 

6 : 

x <- c(1.0, 100.0, 64.0, 4.0, 49.0, 121.0, 0.0, 121.0, 81.0, 0.0, 25.0, 49.0, 81.0, 25.0, 1.0, 9.0, 49.0, 1.0, 1.0, 9.0, 25.0, 1.0, 256.0, 4.0, 4.0, 1.0, 225.0, 4.0, 9.0, 64.0, 81.0, 16.0, 25.0, 36.0, 4.0, 4.0, 1.0, 0.0, 25.0, 49.0, 9.0, 36.0, 9.0, 36.0, 169.0, 25.0, 196.0, 25.0, 9.0, 169.0, 100.0, 1.0, 81.0, 4.0, 0.0, 36.0, 49.0, 9.0, 1.0, 144.0, 100.0, 16.0, 36.0, 49.0, 25.0, 169.0, 100.0, 1.0, 64.0, 196.0, 49.0, 36.0, 36.0, 25.0) 

7 : 

x <- c(1.0, 100.0, 64.0, 4.0, 49.0, 121.0, 0.0, 121.0, 81.0, 0.0, 25.0, 49.0, 81.0, 25.0, 1.0, 9.0, 49.0, 1.0, 1.0, 9.0, 25.0, 1.0, 256.0, 4.0, 4.0, 1.0, 225.0, 4.0, 9.0, 64.0, 81.0, 16.0, 25.0, 36.0, 4.0, 4.0, 1.0, 0.0, 25.0, 49.0, 9.0, 36.0, 9.0, 36.0, 169.0, 25.0, 196.0, 25.0, 9.0, 169.0, 100.0, 1.0, 81.0, 4.0, 0.0, 36.0, 49.0, 9.0, 1.0, 144.0, 100.0, 16.0, 36.0, 49.0, 25.0, 169.0, 100.0, 1.0, 64.0, 196.0, 49.0, 36.0, 36.0, 25.0) 

8 : 

x <- c(1.0, 100.0, 64.0, 4.0, 49.0, 121.0, 0.0, 121.0, 81.0, 0.0, 25.0, 49.0, 81.0, 25.0, 1.0, 9.0, 49.0, 1.0, 1.0, 9.0, 25.0, 1.0, 256.0, 4.0, 4.0, 1.0, 225.0, 4.0, 9.0, 64.0, 81.0, 16.0, 25.0, 36.0, 4.0, 4.0, 1.0, 0.0, 25.0, 49.0, 9.0, 36.0, 9.0, 36.0, 169.0, 25.0, 196.0, 25.0, 9.0, 169.0, 100.0, 1.0, 81.0, 4.0, 0.0, 36.0, 49.0, 9.0, 1.0, 144.0, 100.0, 16.0, 36.0, 49.0, 25.0, 169.0, 100.0, 1.0, 64.0, 196.0, 49.0, 36.0, 36.0, 25.0) 

9 : 

x <- c(1.0, 100.0, 64.0, 4.0, 49.0, 121.0, 0.0, 121.0, 81.0, 0.0, 25.0, 49.0, 81.0, 25.0, 1.0, 9.0, 49.0, 1.0, 1.0, 9.0, 25.0, 1.0, 256.0, 4.0, 4.0, 1.0, 225.0, 4.0, 9.0, 64.0, 81.0, 16.0, 25.0, 36.0, 4.0, 4.0, 1.0, 0.0, 25.0, 49.0, 9.0, 36.0, 9.0, 36.0, 169.0, 25.0, 196.0, 25.0, 9.0, 169.0, 100.0, 1.0, 81.0, 4.0, 0.0, 36.0, 49.0, 9.0, 1.0, 144.0, 100.0, 16.0, 36.0, 49.0, 25.0, 169.0, 100.0, 1.0, 64.0, 196.0, 49.0, 36.0, 36.0, 25.0) 

10 : 

x <- c(1.0, 100.0, 64.0, 4.0, 49.0, 121.0, 0.0, 121.0, 81.0, 0.0, 25.0, 49.0, 81.0, 25.0, 1.0, 9.0, 49.0, 1.0, 1.0, 9.0, 25.0, 1.0, 256.0, 4.0, 4.0, 1.0, 225.0, 4.0, 9.0, 64.0, 81.0, 16.0, 25.0, 36.0, 4.0, 4.0, 1.0, 0.0, 25.0, 49.0, 9.0, 36.0, 9.0, 36.0, 169.0, 25.0, 196.0, 25.0, 9.0, 169.0, 100.0, 1.0, 81.0, 4.0, 0.0, 36.0, 49.0, 9.0, 1.0, 144.0, 100.0, 16.0, 36.0, 49.0, 25.0, 169.0, 100.0, 1.0, 64.0, 196.0, 49.0, 36.0, 36.0, 25.0) 

11 : 

x <- c(1.0, 100.0, 64.0, 4.0, 49.0, 121.0, 0.0, 121.0, 81.0, 0.0, 25.0, 49.0, 81.0, 25.0, 1.0, 9.0, 49.0, 1.0, 1.0, 9.0, 25.0, 1.0, 256.0, 4.0, 4.0, 1.0, 225.0, 4.0, 9.0, 64.0, 81.0, 16.0, 25.0, 36.0, 4.0, 4.0, 1.0, 0.0, 25.0, 49.0, 9.0, 36.0, 9.0, 36.0, 169.0, 25.0, 196.0, 25.0, 9.0, 169.0, 100.0, 1.0, 81.0, 4.0, 0.0, 36.0, 49.0, 9.0, 1.0, 144.0, 100.0, 16.0, 36.0, 49.0, 25.0, 169.0, 100.0, 1.0, 64.0, 196.0, 49.0, 36.0, 36.0, 25.0) 

12 : 

x <- c(1.0, 100.0, 64.0, 4.0, 49.0, 121.0, 0.0, 121.0, 81.0, 0.0, 25.0, 49.0, 81.0, 25.0, 1.0, 9.0, 49.0, 1.0, 1.0, 9.0, 25.0, 1.0, 256.0, 4.0, 4.0, 1.0, 225.0, 4.0, 9.0, 64.0, 81.0, 16.0, 25.0, 36.0, 4.0, 4.0, 1.0, 0.0, 25.0, 49.0, 9.0, 36.0, 9.0, 36.0, 169.0, 25.0, 196.0, 25.0, 9.0, 169.0, 100.0, 1.0, 81.0, 4.0, 0.0, 36.0, 49.0, 9.0, 1.0, 144.0, 100.0, 16.0, 36.0, 49.0, 25.0, 169.0, 100.0, 1.0, 64.0, 196.0, 49.0, 36.0, 36.0, 25.0) 

13 : 

x <- c(1.0, 100.0, 64.0, 4.0, 49.0, 121.0, 0.0, 121.0, 81.0, 0.0, 25.0, 49.0, 81.0, 25.0, 1.0, 9.0, 49.0, 1.0, 1.0, 9.0, 25.0, 1.0, 256.0, 4.0, 4.0, 1.0, 225.0, 4.0, 9.0, 64.0, 81.0, 16.0, 25.0, 36.0, 4.0, 4.0, 1.0, 0.0, 25.0, 49.0, 9.0, 36.0, 9.0, 36.0, 169.0, 25.0, 196.0, 25.0, 9.0, 169.0, 100.0, 1.0, 81.0, 4.0, 0.0, 36.0, 49.0, 9.0, 1.0, 144.0, 100.0, 16.0, 36.0, 49.0, 25.0, 169.0, 100.0, 1.0, 64.0, 196.0, 49.0, 36.0, 36.0, 25.0) 

14 : 

x <- c(1.0, 100.0, 64.0, 4.0, 49.0, 121.0, 0.0, 121.0, 81.0, 0.0, 25.0, 49.0, 81.0, 25.0, 1.0, 9.0, 49.0, 1.0, 1.0, 9.0, 25.0, 1.0, 256.0, 4.0, 4.0, 1.0, 225.0, 4.0, 9.0, 64.0, 81.0, 16.0, 25.0, 36.0, 4.0, 4.0, 1.0, 0.0, 25.0, 49.0, 9.0, 36.0, 9.0, 36.0, 169.0, 25.0, 196.0, 25.0, 9.0, 169.0, 100.0, 1.0, 81.0, 4.0, 0.0, 36.0, 49.0, 9.0, 1.0, 144.0, 100.0, 16.0, 36.0, 49.0, 25.0, 169.0, 100.0, 1.0, 64.0, 196.0, 49.0, 36.0, 36.0, 25.0) 

15 : 

x <- c(1.0, 100.0, 64.0, 4.0, 49.0, 121.0, 0.0, 121.0, 81.0, 0.0, 25.0, 49.0, 81.0, 25.0, 1.0, 9.0, 49.0, 1.0, 1.0, 9.0, 25.0, 1.0, 256.0, 4.0, 4.0, 1.0, 225.0, 4.0, 9.0, 64.0, 81.0, 16.0, 25.0, 36.0, 4.0, 4.0, 1.0, 0.0, 25.0, 49.0, 9.0, 36.0, 9.0, 36.0, 169.0, 25.0, 196.0, 25.0, 9.0, 169.0, 100.0, 1.0, 81.0, 4.0, 0.0, 36.0, 49.0, 9.0, 1.0, 144.0, 100.0, 16.0, 36.0, 49.0, 25.0, 169.0, 100.0, 1.0, 64.0, 196.0, 49.0, 36.0, 36.0, 25.0) 

16 : 

x <- c(1.0, 100.0, 64.0, 4.0, 49.0, 121.0, 0.0, 121.0, 81.0, 0.0, 25.0, 49.0, 81.0, 25.0, 1.0, 9.0, 49.0, 1.0, 1.0, 9.0, 25.0, 1.0, 256.0, 4.0, 4.0, 1.0, 225.0, 4.0, 9.0, 64.0, 81.0, 16.0, 25.0, 36.0, 4.0, 4.0, 1.0, 0.0, 25.0, 49.0, 9.0, 36.0, 9.0, 36.0, 169.0, 25.0, 196.0, 25.0, 9.0, 169.0, 100.0, 1.0, 81.0, 4.0, 0.0, 36.0, 49.0, 9.0, 1.0, 144.0, 100.0, 16.0, 36.0, 49.0, 25.0, 169.0, 100.0, 1.0, 64.0, 196.0, 49.0, 36.0, 36.0, 25.0) 

17 : 

