med: 1250.321074814418/desvio: 127.50241597588332


Funcoes: 

4507 : Expressao: ((Sin[(X1*0.9675045424664367)]))
8987 : Expressao: ((0.47457517222305995*(X0+X1)))
13423 : Expressao: (((X1+X0)*0.45639209768604816))
17823 : Expressao: ((Sin[(X1/0.9242753621399267)]))
22253 : Expressao: (((Sin[X1])+0.004370924227281656))
26760 : Expressao: ((0.9995585163308712*(Sin[X1])))
31226 : Expressao: (((X1+X0)*0.4952722148376456))
35677 : Expressao: ((Sin[X1]))
40102 : Expressao: (((0.38987046489878785*X1)+(0.4852318535181154*X0)))
44576 : Expressao: (((Sin[X1])+(X0*0.058491333111959976)))
49070 : Expressao: (((X1+X0)*0.4894976577152392))
53470 : Expressao: (((X1+X0)*0.5016899284190824))
57843 : Expressao: ((Sin[X1]))
62303 : Expressao: (((X1*0.6787540726780532)+(0.30579151193959586*X0)))
66815 : Expressao: (((Sin[X1])+(0.18814677647611977*X0)))
71295 : Expressao: (((Sin[X1])+(X0*0.030777157760386253)))
75787 : Expressao: ((Sin[X1]))
80262 : Expressao: ((0.4323161741007491*(X1+X0)))
84743 : Expressao: (((Sin[X1])+(X0*0.11568777677129738)))
89231 : Expressao: (((X0*0.3562479929024722)+(0.5367896949025275*X1)))
93710 : Expressao: ((Sin[X1]))
98233 : Expressao: ((Sin[(X1/0.86282516782838)]))
102685 : Expressao: ((Sin[(X1/0.8955432814406492)]))
107189 : Expressao: (((X0*0.10628511418574971)+(Sin[X1])))
111679 : Expressao: (((X1+X0)*0.47390556172258697))
116056 : Expressao: ((0.9987516848945087*(Sin[X1])))
120550 : Expressao: (((X0*0.4549292271803078)+(X1*0.5016412750596637)))
125021 : Expressao: (((X0+X1)*0.4458532580604976))
129460 : Expressao: (((Sin[X1])*0.9393671923892171))
133860 : Expressao: (((X1+X0)*0.44241036291643765))
Erros: 

4507 : 

x <- c(3218704.2283502845, 36068.27952686623, 378681.837961341, 1649591.934173376, 178091.04410267388, 1766426.1093388677, 3738235.7091531055, 1820140.9412137212, 1371032.4547791712, 5757963.968973719, 1192041.8486800035, 4470.355799997029, 9617965.2943718, 5075464.261173595, 64464.3765561868, 1534069.8575653043, 233862.15238091454, 1358526.96811478, 2561914.0933422805, 561974.8416176781, 269557.063591701, 763830.4183534526, 280363.12538139604, 328535.986432548, 3692881.614961575, 121751.18904111088) 

8987 : 

x <- c(2633186.1751106125, 3865.972330949584, 7407.304578616183, 1047305.8975106106, 162145.46675907256, 321101.3850485307, 1336466.9149358885, 212350.03478908454, 11039.350116843725, 1987875.7827382793, 1718432.352516109, 1467161.5069208937, 7857694.029804229, 104655.18709818993, 4069025.8188818237, 340794.67564155074, 487832.8808300591, 252656.36719084642, 2538739.760115089, 213857.92397510412, 196575.95723921954, 182026.7428069958, 1209703.860204713, 1556613.6866362405, 2633523.7386577483, 8248.132844392418) 

13423 : 

x <- c(2732532.598706531, 37.12358989255672, 278.2716702639635, 1166893.084189792, 106095.26758892206, 411447.89561803726, 1515478.3181492607, 128458.29716236645, 67.88969522135113, 2232579.2845797674, 1442936.2441536456, 1248650.098398853, 8144597.118733866, 51057.448535769196, 3616590.556058868, 412545.8350134583, 412102.5704602346, 308190.98175556085, 2694554.9844791302, 141798.74073811894, 129015.4385565457, 240968.37579547236, 1060349.0394715855, 1430690.42075436, 2682605.3115688395, 2745.7336796713616) 

17823 : 

x <- c(2987684.8507599323, 86977.16654512471, 300593.67082572414, 1565311.8143557839, 303239.4661118236, 1640395.0207525906, 4264506.78116695, 2688667.479863499, 1507021.3338735392, 6282822.977499453, 2231932.782704926, 161.22551983755176, 9153510.775890796, 7354344.33523548, 37955.51550915227, 1345503.7531653305, 201482.4488546167, 1196495.0148436206, 2528381.1306654024, 941299.6438667175, 243818.57706355423, 713733.5395516414, 246434.287002163, 412761.29419448046, 3650373.27886885, 111244.57923241575) 

22253 : 

x <- c(3131814.650692988, 43474.416839600446, 346834.44889087474, 1603577.6578007094, 199869.31172225898, 1708840.4865078046, 3838943.3141113548, 2016688.3840425012, 1384048.3722627712, 5850125.631278101, 1433619.3218253658, 1897.1399149549954, 9442621.00570941, 5669191.295721872, 61363.330730930815, 1464059.8675788194, 234163.4124426524, 1298021.2928946316, 2523039.2472742507, 640595.798667463, 253162.36998053893, 734413.9920015099, 281157.8564805637, 358420.56072001444, 3659659.1815098547, 125562.6200340193) 

26760 : 

x <- c(3152358.5490301014, 46028.374271731765, 353951.61293326545, 1618957.4063427825, 205289.90839120743, 1724681.585903137, 3862568.9253519406, 2033365.9747204855, 1398344.3668233652, 5879359.996220268, 1447221.1709703503, 2459.5369642122573, 9479381.480850562, 5695127.664080186, 58398.023029308875, 1478392.3500753287, 228328.90530524703, 1311349.1776809313, 2542351.421791029, 650143.4277904561, 259299.78070553078, 744838.2315268096, 274760.7462160961, 351488.673083409, 3680946.167485698, 121298.13069840678) 

31226 : 

x <- c(2522342.8889745325, 15879.80013650716, 27239.156618810925, 919050.5073541669, 240356.98271943888, 231875.56469012285, 1146392.9940361092, 333363.6011117467, 46347.426669249624, 1726620.4533786161, 2061290.2942622423, 1737314.1265581744, 7537384.384851751, 188822.10097478266, 4616454.286767918, 267458.68700035854, 581802.6562638297, 196152.06520416556, 2367028.6527462015, 313833.29237008205, 290725.21208466747, 124979.85074985537, 1391679.6705498998, 1706409.3824206411, 2578207.6817629365, 18103.848330256984) 

35677 : 

x <- c(3151356.782270319, 45803.67970503892, 353358.0442671215, 1617569.8991977393, 204828.84103194866, 1723283.690275959, 3860576.196386983, 2032376.093408521, 1397049.7679054022, 5876823.416889586, 1446850.9582012272, 2407.7585120093377, 9476531.464667283, 5695473.454073219, 58662.52764369054, 1477430.921129645, 228858.5190788874, 1310613.1082682046, 2540582.615742065, 649450.6877576476, 258740.26376011648, 743893.0043198107, 275342.0543289295, 351850.1832416428, 3680781.5990663944, 121686.14737249952) 

40102 : 

x <- c(2785030.8773252056, 18273.862982965453, 48.010684911893506, 1332976.808723172, 43551.234669864534, 456911.2674952707, 1828646.0840666841, 50149.77958698259, 2412.083795631848, 2532923.6461845315, 1062944.354640067, 1250627.5904451716, 8360610.944374959, 165.57515315096808, 3507798.4211458103, 415328.808758077, 281153.22016969987, 298000.54681738524, 3040539.2855516025, 58059.31156971313, 104356.38223153738, 309400.2401610783, 884345.9140239108, 1459681.4886739834, 2634988.5246470724, 6222.417680510912) 

44576 : 

x <- c(2947557.375523687, 30562.089783286163, 205413.69736453253, 1415755.790166748, 123686.82860611721, 1359775.8781835588, 3500321.085718023, 1634059.7550311964, 999733.9362696593, 5266284.76963284, 1126095.7440577939, 26254.92661387211, 8926076.014816718, 5355146.0132110845, 233857.3160600231, 1178318.7723552915, 287993.28906630946, 1043125.5116698843, 2397923.1460505687, 484885.1083184031, 116919.586311572, 575211.0875853073, 393518.02122986235, 512933.01630766934, 3518637.226251809, 125686.7528983405) 

49070 : 

x <- c(2553028.883591421, 11708.102504369932, 20451.27157056248, 953991.9744345131, 216992.3783495866, 255312.3104754196, 1197958.67743476, 296867.2269614574, 34052.709876410416, 1797661.259527218, 1962496.9968020883, 1659645.6535843308, 7626081.672530886, 162859.26169042342, 4460245.758518417, 287027.1333094751, 554752.7713080274, 211198.62267994008, 2414332.039358268, 284017.250606254, 262610.2235440069, 139820.61714812033, 1339625.7541287523, 1663923.7647263664, 2593582.0278821806, 14969.359190427913) 

53470 : 

x <- c(2488456.838922868, 21260.535590721964, 35922.39597294954, 880982.181606864, 267725.2421412364, 207152.06067165345, 1090414.9579349787, 376406.62701400346, 62230.40789939655, 1649347.5909843864, 2173933.2697099657, 1825716.9172901772, 7439416.932187476, 219928.5011611291, 4793215.309714611, 246521.25749860593, 612620.7320016295, 180081.9642646353, 2315005.8142632125, 348715.8965837919, 323648.7064588073, 109462.79145498395, 1450695.2837333488, 1754255.3323991061, 2561174.6004675585, 21936.777363418674) 

57843 : 

