med: 31.15973598129766/desvio: 6.155806735553924


Funcoes: 

57112 : Expressao: (((0.8832333208991847/X0)*(X1*X0)))
111739 : Expressao: (((0.9066978181652708*X1)-(X0-X1)))
166555 : Expressao: (((0.5600187884850231*X1)-(X0-X1)))
223601 : Expressao: (((X1*0.7040588722430848)-(X0-X1)))
277249 : Expressao: (((Sin[X0])-(X0-X1)))
336179 : Expressao: (((0.12053521892802443+X1)-(X0*0.32106048093228434)))
390509 : Expressao: (((0.6648464710894842*X1)+(X1-X0)))
437125 : Expressao: (((X1+0.1510726786122476)-(0.24766668605778508*X0)))
479082 : Expressao: (((X1/0.8452949830628973)*0.7771825902745677))
522042 : Expressao: (((0.9611973210624657*X1)-(0.11044557836819124*X0)))
555444 : Expressao: (((0.5319827562653412*X1)/0.5671768591036976))
587500 : Expressao: (((Sin[X1])-(X0-X1)))
619806 : Expressao: ((0.3559104096796877/(0.44794872141443476/X1)))
644259 : Expressao: (((Sin[X0])+(X1-X0)))
665388 : Expressao: (((X1/X0)*(Sin[X0])))
681336 : Expressao: (((0.5734193351713154*X0)+(X1-X0)))
696693 : Expressao: (((0.8680587320659054*X1)*0.8815926969191712))
712358 : Expressao: (((0.9108559552611762*X1)-(0.45803442323441024*X0)))
727088 : Expressao: (((Sin[X0])/(X0/X1)))
736492 : Expressao: (((Sin[X0])/(X0/X1)))
745639 : Expressao: (((X1-X0)+(X1*0.8905788379297621)))
755541 : Expressao: (((Sin[X1])+(X1-X0)))
765265 : Expressao: (((0.583791311905048*X0)+(X1-X0)))
774958 : Expressao: (((Sin[X0])-(X0-X1)))
784456 : Expressao: (((Sin[X1])-(X0-X1)))
794244 : Expressao: (((X1-X0)+(Sin[X1])))
803574 : Expressao: (((X1-X0)+(Sin[X0])))
812832 : Expressao: (((X1/0.6757829541310326)-(0.8485384087001282*X0)))
822062 : Expressao: (((Sin[X1])-(X0-X1)))
831449 : Expressao: (((X1*0.319894906661234)/0.393023043155049))
Erros: 

57112 : 

x <- c(744.0545676632801, 255.58259201835625, 176.36019349873897, 95.24610277520233, 3.9599051901475546, 518.0334859237038, 1777.4450253442628, 1470.7825721501563, 8.42501109553966, 186.53804375686752, 265.25464310592383, 325.39615089067513, 289.30961431705623, 268.3850199824566, 109.24899185026719, 363.49096412141876, 3320.194924765826, 4116.130062333673, 10.586515349118038, 74.99174181814877, 1658.6925567556168, 107.30467003561263, 1256.8381774393574, 383.273444754594, 183.12758958615754, 809.8721219766721, 10502.480938058708, 3527.209789649393, 124.40058995309946, 97.55589595535548, 1141.7383620346986, 2595.150844238541, 248.4342484375271, 118.30413992047282, 403.91878235104105, 0.18965938227139786, 784.4287795657528, 2174.5912495445727, 302.6623373822206, 39.8169858494563, 32.073686383027805, 983.0358895277838, 19.546476291487885, 812.8370312093903, 22.263178875515504, 425.4760454192102, 45.503626590207105, 114.82706303614843, 3913.198406222066, 4630.176011210057, 139.00459068120688, 3.2102457451118753, 191.817035089553, 1715.8038733077854, 345.17404985961326, 800.6596858231949, 65.05063791649495, 137.10424938493313) 

111739 : 

x <- c(217.9674655087498, 182.57022630304945, 3.45578207065748, 1.4801675215978487, 19.472711816958554, 428.18767265923526, 226.47769529720057, 35.79448181067568, 1111.906581972637, 105.94819034548776, 12.717788742349798, 6.2843223173833165, 10.974781479640011, 0.8761220225680726, 21.17649605933789, 711.6446199738407, 1181.8881086427239, 13.84397442024535, 4182.780873601166, 479.5247917947071, 1693.4236457548157, 1568.8744806203533, 459.8391936282374, 350.43787076679956, 23.793590998313498, 1520.3368177736504, 4778.466096019956, 2162.074577408928, 1654.289502572888, 58.933099487622606, 112.02075862323206, 32.961352675469065, 1807.096251791988, 33.40607596600906, 100.31829267553982, 362.2417428564456, 570.7239813660846, 218.03976710510494, 928.2556507008237, 50.95578098688003, 22.319457602471154, 1002.9227020243022, 1755.182013136608, 979.0961746960237, 698.3572620558393, 282.24361503568673, 169.70666200792286, 208.9925499696169, 2318.112148694736, 4.045806218209542, 2875.09086699116, 12.853553875320097, 3.2763762680137893, 338.7554357785339, 917.7805083687251, 56.79827028604828, 426.46694786879783, 290.0623311536141) 

166555 : 

x <- c(82.00089152340534, 82.75748785247184, 57.49602456884977, 137.5090091251737, 108.20830477745801, 47.85348789117142, 116.05982892235757, 23.58352892633729, 109.75421091916836, 119.06575972860762, 308.3576946915938, 85.01782585334635, 8.933478708267709, 27.5288044552996, 42.752260055317805, 174.59934755773332, 846.6447916927136, 362.218744297525, 835.7339423751272, 2741.4883523354797, 126.44430811568719, 2694.0468760639737, 200.94533643386274, 165.1017651521252, 50.33159186296103, 562.9089514880917, 4291.438389322768, 200.6437494849405, 71.81225950742005, 1568.0263842488778, 769.8847792424041, 268.9493421280725, 1971.7838038307004, 3.9564409981468307, 293.59928711627344, 33.380585102639955, 152.11525437643664, 203.60156285110008, 217.2669323187787, 163.4254224759565, 600.6323992286608, 149.6261881196617, 2322.520303984845, 585.4226808399263, 520.2537219859655, 467.89424252636945, 2.5904702504284196, 4.1353185811347295, 1671.9322641694805, 298.8765716212456, 273.47682481501124, 1105.886939387178, 906.4401936825499, 24.836342947727886, 1339.0135222509439, 70.81352736075505, 101.3132574245785, 23.86843506679688) 

223601 : 

x <- c(130.57962841345739, 119.4949528584844, 13.393928539327769, 40.30696992394186, 18.03581248269397, 159.79397721487686, 157.49625398524026, 0.12445677821928051, 399.12282319988867, 4.4159830062146375, 137.9649589843946, 41.358853019530045, 9.756127365074242, 7.17128257523705, 3.647653750794592, 353.71495708498776, 979.1593416809359, 160.5396664012407, 1915.7296146272333, 1576.3323503087959, 560.2903760367928, 2189.8410069047836, 295.68210076656464, 233.73584616893245, 4.495001607783119, 904.1097250867002, 4490.613410482857, 761.697391047872, 142.700251651356, 398.2497927070302, 139.73404925484806, 51.846697474869735, 1902.4865877046993, 12.702585920596242, 200.98636766681508, 127.34842505836141, 293.6077955774572, 209.5403736886271, 452.6020430803332, 20.308018325489595, 265.30107508232686, 412.4098158164046, 2077.1677241961497, 736.7630700749595, 591.0752546846119, 385.09174664533634, 40.36523310670317, 51.7699626321457, 1927.6189461191684, 119.70177767111421, 1020.4493109264832, 322.1439463246084, 283.78788075879777, 22.41214642269163, 1154.365555461456, 64.80291531077422, 209.19637950053155, 98.64239035036624) 

277249 : 

x <- c(705.3805314732356, 196.71416948726633, 106.50815519855026, 56.47373495375716, 5.452494437228316, 380.63107249076717, 1384.3420308753932, 1190.2340574293578, 2.6383323949970245, 35.368558971245854, 0.5595370722478944, 185.18027622757708, 260.1958437268532, 204.49250163791905, 53.31997838939908, 406.35552131616106, 2853.4600457304105, 3436.737954350602, 43.89090978489643, 6693.028480124224, 34.446029575975864, 1569.4846206947382, 1109.3257904097684, 276.41438433159425, 100.31921455257887, 861.4253373745498, 9043.804679879864, 2340.48988149373, 3630.3907250262255, 17759.420843673506, 10396.903595734308, 1530.71613467213, 65.41919436144826, 91.82448401445589, 318.25283837129, 15.87289527428486, 685.5122028930708, 1846.23356565543, 146.40234271656965, 80.44194186168774, 299.04716549025477, 398.3944189248497, 375.4211432352556, 915.9107331762875, 6.724514095517118, 365.62756503313824, 10.165301300957235, 125.46167329842262, 3631.9643878134793, 3835.3278476871524, 62.704841391702125, 5834.832895450634, 4179.876632683186, 204.7513327836188, 59.73465466515364, 748.7894337905351, 20.265709243210203, 164.80492994901368) 

336179 : 

