med: 0.563530454269718/desvio: 0.01885242450716668


Funcoes: 

19724 : Expressao: ((0.9600601450107206*(X1-0.029658143427075734)))
39239 : Expressao: ((X1*0.9671309687765074))
59251 : Expressao: (((0.9746001117224011/X0)*(X1*X0)))
78253 : Expressao: ((0.9370326129310043*X1))
97179 : Expressao: (X1)
116784 : Expressao: ((0.8262303235023821*(X1/0.8970044105326836)))
134987 : Expressao: (X1)
143030 : Expressao: (((X1+X1)-(0.9671117644674943*X0)))
151257 : Expressao: ((0.8191811206237756*(X1/0.8475439941938753)))
159024 : Expressao: (X1)
167323 : Expressao: ((0.9323711946918681*X1))
175415 : Expressao: ((0.9412775541154843*(0.043887737838406604+X1)))
183447 : Expressao: (((0.9253766037005547*X0)+(X1-X0)))
191483 : Expressao: (((0.9332968760445605*X0)/(X0/X1)))
199686 : Expressao: (X1)
207928 : Expressao: ((0.0700043115782728+X1))
216238 : Expressao: (X1)
224540 : Expressao: ((0.4531650491450331*(X1/0.4859068714903363)))
232242 : Expressao: (((X1-X0)+(X0*0.8550131008985888)))
240537 : Expressao: (X1)
248607 : Expressao: (((0.7710530009003468*X1)/0.9994628833518427))
256661 : Expressao: ((0.7728538648954038-(0.7516330077644626-X1)))
264878 : Expressao: ((0.4668820351441987*(X1/0.4673753484587818)))
272859 : Expressao: (((X1*0.9571834032123683)*0.9918555161997606))
281030 : Expressao: ((0.7667446923809502/(0.7985083628541148/X1)))
289246 : Expressao: (((X1+X1)*0.4505592524977474))
297615 : Expressao: (((0.9751802433150066*X1)-0.0))
305597 : Expressao: (((0.07808170212554744+X1)*0.854057525893033))
313397 : Expressao: (((0.8221289652662429*X1)/0.9097439485095411))
321619 : Expressao: (X1)
Erros: 

19724 : 

x <- c(0.05671277617602275, 0.002945395114734266, 1.7603696050782967, 1.2411530325484545, 2.240313511165804, 0.001161745432710553, 0.03929418686448972, 5.572414218836027E-4, 0.18355712913642475, 0.8577750393702203, 0.4662959534647244, 0.1999637033880853, 0.2754815480587763, 0.07297009727480619, 0.3633121193109552, 0.49313879113546305, 0.055582060162054255, 0.08975308577763155, 0.0027358673604536738, 0.029452573212393418, 0.1668580870361539, 0.08726952330996204, 0.014178518876789685, 0.1833076648704546, 0.38108037473223116, 0.20549850305529266, 0.28753924130322667, 1.4018384141918263, 0.17365614201654683, 5.809138686272988E-4, 0.18159324035555882, 0.06457139148065406, 0.22605454132609493, 0.3698856153212971, 0.2888263981906037, 0.2702699323079609, 0.04700501990841982, 0.018802643331809688, 0.3185814740917, 1.0109749680129116, 0.3284777430933052, 0.011055354089919976, 0.059739427814396256, 0.1648688926901346, 0.24969551851445268, 0.9475576208977364, 0.33210866187908666, 0.014829842863801644, 0.12369601540698795, 0.055299360161770617, 1.0145725785688988, 0.5281161472766207, 0.34254272226855653, 3.998908868030583E-4, 0.06089127996040951, 0.05671277617602275, 0.04482896004332835, 0.25485816766039193, 0.0582179677859024, 0.012234509022627673, 0.3046175801277496, 0.014315522597451433, 0.33547337736458116, 0.48570642656665997, 0.4976547329537056, 0.05581293987475583, 0.0016582371282083815, 0.09796494274419686, 0.23033234496825652, 1.3616473042014814, 0.0014120035061604295, 0.8669366878555526, 0.008979758041134803, 0.02158737113843825, 0.0809286186322279, 1.2306456671383497, 0.6573331196929002, 0.01892205566074427, 0.08428356587170549, 0.02491787408606809, 0.3016172165674748, 0.16460624104989782, 0.006963441083203896, 0.23086286268309808, 0.13189736343720662, 0.41154750614010965, 0.008747214623244766, 0.43793647258239843, 0.061372436010127755, 0.28760455239538085, 0.07192255796988815, 0.01129183425621308, 0.26713092925458964, 0.4308702912992097, 0.08322089218854292, 0.07042786062686425, 0.019591895489589596, 1.3161771109150084, 0.014003468049808449, 1.773793911899822, 1.2866944073061501, 0.4108647307086145, 0.43480979234299666, 0.014676158822771594, 0.5799789415726616, 0.6707349917612385, 0.16412519290814495, 0.08694800070307317, 0.8673212191218663, 0.00252838542310342, 0.12373885340604275, 1.25966817595727, 0.44794609429102056, 0.19757652909617918, 0.03605391052048097, 0.012851049513034877, 0.11071945348452927, 0.07697055474939771, 0.010635907489424013, 0.07065129687596883) 

39239 : 

x <- c(0.08412775253060832, 1.79933888317284E-5, 1.6294289786415275, 1.1120049360232533, 2.044418733612424, 0.0018185684438689444, 0.07508490952277184, 0.009379749916294746, 0.25046993398121103, 0.9883783475782169, 0.5527736042390604, 0.2524409849075669, 0.332513098897031, 0.04939491847764641, 0.30580107920602295, 0.42031860022703155, 0.03138030333306065, 0.057487480473144344, 0.012936876580000247, 0.05387596768839355, 0.21830445508720986, 0.12306803765490384, 0.02960180553759564, 0.23044593372327607, 0.44356033493872565, 0.24758512793989176, 0.2450813989503388, 1.2968479325038027, 0.13182040978343018, 0.006470426714900066, 0.2322632806821498, 0.0939727791877754, 0.27655461644904095, 0.4291847106240752, 0.3364851576424847, 0.31237183806716723, 0.0637472976246834, 0.010510685715299764, 0.279162592348304, 0.9311618445688984, 0.2758872221275669, 0.02466402569574029, 0.08725321827216109, 0.2071430617276329, 0.29793705427592665, 1.0324051686471254, 0.37482955083247155, 0.023745288050477622, 0.10217990404599687, 0.040007873077465235, 0.9408592569218315, 0.4650132203025329, 0.28648385028262285, 0.0011597879611386147, 0.09040856544015913, 0.08412775253060832, 0.06851732308045456, 0.30608808271057547, 0.08184246536557953, 0.004546081979013738, 0.2578570014629812, 0.005112063983926543, 0.2811605752623676, 0.414669345461038, 0.41961022776795937, 0.030278324129500312, 0.01082226126499906, 0.1409017435222186, 0.2910425044538768, 1.4946566717323877, 9.020048461411853E-5, 0.7810169428506758, 0.02210579335122851, 0.008826273208717478, 0.053220329314145984, 1.1105238786751346, 0.5590865127925484, 0.004819060100123834, 0.04930352107776497, 0.05168139938022015, 0.38028218303898076, 0.21948782290545962, 0.020372588436159637, 0.1783130766530232, 0.09121039385003937, 0.33448339074311895, 6.99931932817066E-4, 0.35382476933316054, 0.03129703569509703, 0.21590589705808388, 0.03753465531930606, 0.03294744260884013, 0.34836507539737493, 0.525744636420301, 0.1236609643640404, 0.04197910389179663, 0.00610478813274752, 1.177239492183196, 0.035376497790611264, 1.597260727978988, 1.1187944702069148, 0.3108598102316655, 0.32819027030135894, 0.0444186402320783, 0.7201610334695249, 0.808317435154526, 0.22857782401107637, 0.05098158995008897, 1.0031792510259592, 1.5613190287679557E-4, 0.08366886090312015, 1.1192920462919642, 0.3571935930554184, 0.13624234524330692, 0.012651273792546571, 0.03644189638073845, 0.16668053963522303, 0.12212908054933622, 0.029655928798080978, 0.039334694300720285) 

59251 : 

