med: 21.684433949225067/desvio: 20.979075370859942


Funcoes: 

20562 : Expressao: (X1)
38965 : Expressao: (-0.3770847467422883)
58349 : Expressao: (X1)
76906 : Expressao: (-0.3250348754275528)
96365 : Expressao: (X0)
115680 : Expressao: (X1)
135044 : Expressao: (((0.05523778652390099+X0)+(X1+0.33246308182231554)))
154492 : Expressao: (X0)
174184 : Expressao: (((X1+X1)+0.4850748364525477))
193162 : Expressao: (X1)
212231 : Expressao: (((X1+X1)+0.47981768331155694))
230320 : Expressao: (X0)
249412 : Expressao: (((X1+X1)+0.41635624915464076))
268951 : Expressao: (X1)
287817 : Expressao: (X1)
306568 : Expressao: (X1)
326069 : Expressao: (X0)
344847 : Expressao: (X1)
363770 : Expressao: (((X1+0.09214351183030633)+(0.2228511136368797+X0)))
384509 : Expressao: (X0)
404827 : Expressao: (X0)
419195 : Expressao: ((X0+0.11688687527955599))
433212 : Expressao: (X1)
447489 : Expressao: ((0.554366362390342+(X1+X1)))
461894 : Expressao: (X1)
475764 : Expressao: (((0.15168928978111396+X1)+(X0+0.3291163069967338)))
489498 : Expressao: (X0)
503582 : Expressao: (X1)
518269 : Expressao: (X1)
532515 : Expressao: ((0.09602938049884302+X1))
Erros: 

20562 : 

x <- c(15.52360000000001, 4.6656, 0.0529000000000002, 24.60160000000001, 116.64000000000001, 37.57690000000003, 5.017600000000009, 3.4595999999999716, 124.09960000000017, 2.3409000000000035, 108.5763999999999, 15.13209999999995, 56.10010000000003, 132.25, 46.23999999999977, 8.46809999999998, 44.488900000000214, 45.83289999999975, 0.7395999999999746, 196.5604000000003) 

38965 : 

x <- c(144.09860574497245, 200.6219517416408, 207.19034136165644, 374.5814914280802, 909.2702214114219, 1316.5364838927078, 1159.0012806369034, 1289.1049619118116, 2213.1480852464815, 2071.534015165508, 3128.624423167954, 2708.589163942473, 3544.3099998290686, 5045.844480829851, 6058.148347856397, 5613.62194005533, 6657.598439035785, 7808.215559590155, 7656.9688940544465, 5399.914109390885) 

58349 : 

x <- c(15.52360000000001, 4.6656, 0.0529000000000002, 24.60160000000001, 116.64000000000001, 37.57690000000003, 5.017600000000009, 3.4595999999999716, 124.09960000000017, 2.3409000000000035, 108.5763999999999, 15.13209999999995, 56.10010000000003, 132.25, 46.23999999999977, 8.46809999999998, 44.488900000000214, 45.83289999999975, 0.7395999999999746, 196.5604000000003) 

76906 : 

x <- c(115.5232018847275, 166.62090503388, 172.61156416550273, 327.5438306561492, 835.104346401912, 1226.972835431683, 1075.0642247584876, 1200.4958246924796, 2096.556697415424, 1958.7857910181076, 2989.7024960246667, 2579.438417668092, 3396.345334606589, 4868.993291187724, 5864.21643073135, 5426.999569544298, 6454.221884361359, 7587.833633583468, 7438.747177700012, 5216.908834111529) 

96365 : 

x <- c(50.55209999999999, 37.210000000000015, 5.712100000000003, 26.936100000000014, 248.37760000000006, 286.62490000000014, 15.132100000000005, 0.14440000000000736, 169.0, 92.35210000000012, 79.03209999999989, 42.640900000000016, 12.960000000000061, 360.6201000000001, 334.88999999999936, 15.132099999999895, 14.137600000000145, 180.63359999999994, 34.92809999999996, 221.41439999999986) 

115680 : 

x <- c(15.52360000000001, 4.6656, 0.0529000000000002, 24.60160000000001, 116.64000000000001, 37.57690000000003, 5.017600000000009, 3.4595999999999716, 124.09960000000017, 2.3409000000000035, 108.5763999999999, 15.13209999999995, 56.10010000000003, 132.25, 46.23999999999977, 8.46809999999998, 44.488900000000214, 45.83289999999975, 0.7395999999999746, 196.5604000000003) 

135044 : 

x <- c(1.4647516930478426, 37.94891741345662, 144.7273785808909, 89.49669456039595, 14.824573410599228, 181.71765944848536, 1066.040083056614, 1202.7210762712468, 536.3980724128406, 1420.556397244667, 1360.1542610358722, 2466.142343441289, 2371.7162264530916, 1664.6619720710244, 2807.9686367441145, 5505.679958952167, 5100.854861840499, 4679.964940867084, 6840.988641837156, 10535.024874727607) 

154492 : 

x <- c(50.55209999999999, 37.210000000000015, 5.712100000000003, 26.936100000000014, 248.37760000000006, 286.62490000000014, 15.132100000000005, 0.14440000000000736, 169.0, 92.35210000000012, 79.03209999999989, 42.640900000000016, 12.960000000000061, 360.6201000000001, 334.88999999999936, 15.132099999999895, 14.137600000000145, 180.63359999999994, 34.92809999999996, 221.41439999999986) 

174184 : 

x <- c(45.29090220976082, 154.99880421775774, 273.5666900941052, 144.95802592697476, 124.54228715651371, 709.1489948599602, 1691.6646905096022, 1210.3337725496908, 749.1087751896662, 2619.377207149528, 1421.2788087111019, 3897.486367567351, 2224.051600493558, 2564.394567449474, 4467.565758451139, 6947.197757428765, 5021.118565107106, 5995.381914791128, 8432.721640125932, 10843.02598884943) 

193162 : 

x <- c(15.52360000000001, 4.6656, 0.0529000000000002, 24.60160000000001, 116.64000000000001, 37.57690000000003, 5.017600000000009, 3.4595999999999716, 124.09960000000017, 2.3409000000000035, 108.5763999999999, 15.13209999999995, 56.10010000000003, 132.25, 46.23999999999977, 8.46809999999998, 44.488900000000214, 45.83289999999975, 0.7395999999999746, 196.5604000000003) 

212231 : 

x <- c(43.59959911523926, 151.8563105523384, 269.3865444295649, 141.91955116611277, 121.72707248348216, 702.4089693247279, 1681.2459476180732, 1201.523517109122, 742.1810082169401, 2606.4087325731175, 1411.7302727528208, 3881.663715731744, 2212.1030185911, 2551.5630933815046, 4450.624269129931, 6926.06760441428, 5003.157183111946, 5975.753693276594, 8409.440071719633, 10816.62385330641) 

230320 : 

x <- c(50.55209999999999, 37.210000000000015, 5.712100000000003, 26.936100000000014, 248.37760000000006, 286.62490000000014, 15.132100000000005, 0.14440000000000736, 169.0, 92.35210000000012, 79.03209999999989, 42.640900000000016, 12.960000000000061, 360.6201000000001, 334.88999999999936, 15.132099999999895, 14.137600000000145, 180.63359999999994, 34.92809999999996, 221.41439999999986) 

249412 : 

x <- c(25.72222646009063, 116.46097096826573, 221.4652459749853, 107.7798700507217, 90.28246320331017, 623.5862222140563, 1558.0157668589063, 1097.710103890056, 661.0919506993798, 2452.3996064230964, 1299.0047469877443, 3693.200546233752, 2070.4054705974204, 2399.2077613121833, 4248.655114639531, 6673.535227197216, 4788.876450465204, 5741.351799314636, 8130.937002272271, 10500.4510297986) 

268951 : 

x <- c(15.52360000000001, 4.6656, 0.0529000000000002, 24.60160000000001, 116.64000000000001, 37.57690000000003, 5.017600000000009, 3.4595999999999716, 124.09960000000017, 2.3409000000000035, 108.5763999999999, 15.13209999999995, 56.10010000000003, 132.25, 46.23999999999977, 8.46809999999998, 44.488900000000214, 45.83289999999975, 0.7395999999999746, 196.5604000000003) 

287817 : 

x <- c(15.52360000000001, 4.6656, 0.0529000000000002, 24.60160000000001, 116.64000000000001, 37.57690000000003, 5.017600000000009, 3.4595999999999716, 124.09960000000017, 2.3409000000000035, 108.5763999999999, 15.13209999999995, 56.10010000000003, 132.25, 46.23999999999977, 8.46809999999998, 44.488900000000214, 45.83289999999975, 0.7395999999999746, 196.5604000000003) 

306568 : 

x <- c(15.52360000000001, 4.6656, 0.0529000000000002, 24.60160000000001, 116.64000000000001, 37.57690000000003, 5.017600000000009, 3.4595999999999716, 124.09960000000017, 2.3409000000000035, 108.5763999999999, 15.13209999999995, 56.10010000000003, 132.25, 46.23999999999977, 8.46809999999998, 44.488900000000214, 45.83289999999975, 0.7395999999999746, 196.5604000000003) 

326069 : 

x <- c(50.55209999999999, 37.210000000000015, 5.712100000000003, 26.936100000000014, 248.37760000000006, 286.62490000000014, 15.132100000000005, 0.14440000000000736, 169.0, 92.35210000000012, 79.03209999999989, 42.640900000000016, 12.960000000000061, 360.6201000000001, 334.88999999999936, 15.132099999999895, 14.137600000000145, 180.63359999999994, 34.92809999999996, 221.41439999999986) 

344847 : 

