med: 7.613037364321562/desvio: 1.7057359135531687


Funcoes: 

66204 : Expressao: (X1)
134816 : Expressao: (X1)
208112 : Expressao: (X1)
277486 : Expressao: ((0.5183969303948028*(X0+X1)))
352689 : Expressao: (X1)
420273 : Expressao: (((X1-0.5264857316284921)+0.5283093121730578))
470550 : Expressao: (X1)
519309 : Expressao: (X1)
561764 : Expressao: (X1)
598764 : Expressao: (X1)
632121 : Expressao: (X0)
661447 : Expressao: (X1)
681707 : Expressao: ((0.9680685098857434*(0.09849611677720027+X1)))
701895 : Expressao: (((X1-0.33852744629366427)+0.2928651886463356))
720152 : Expressao: (((X1/X0)/(0.9974981102152118/X0)))
735194 : Expressao: (X1)
747608 : Expressao: (((Sin[X1])/0.7628897062720625))
759830 : Expressao: ((0.5055823429394601*(X1+X1)))
771884 : Expressao: (((0.28262937734665616+X1)-0.2511630172455953))
783516 : Expressao: (X1)
795215 : Expressao: (X1)
807128 : Expressao: (X1)
819121 : Expressao: (X1)
831027 : Expressao: (X1)
838639 : Expressao: (X1)
846188 : Expressao: (X1)
853548 : Expressao: (X1)
860879 : Expressao: (X1)
868119 : Expressao: (X1)
875322 : Expressao: (X1)
Erros: 

66204 : 

x <- c(1.0, 100.0, 64.0, 4.0, 49.0, 121.0, 0.0, 121.0, 81.0, 0.0, 25.0, 49.0, 81.0, 25.0, 1.0, 9.0, 49.0, 1.0, 1.0, 9.0, 25.0, 1.0, 256.0, 4.0, 4.0, 1.0, 225.0, 4.0, 9.0, 64.0, 81.0, 16.0, 25.0, 36.0, 4.0, 4.0, 1.0, 0.0, 25.0, 49.0, 9.0, 36.0, 9.0, 36.0, 169.0, 25.0, 196.0, 25.0, 9.0, 169.0, 100.0, 1.0, 81.0, 4.0, 0.0, 36.0, 49.0, 9.0, 1.0, 144.0, 100.0, 16.0, 36.0, 49.0, 25.0, 169.0, 100.0, 1.0, 64.0, 196.0, 49.0, 36.0, 36.0, 25.0) 

134816 : 

x <- c(1.0, 100.0, 64.0, 4.0, 49.0, 121.0, 0.0, 121.0, 81.0, 0.0, 25.0, 49.0, 81.0, 25.0, 1.0, 9.0, 49.0, 1.0, 1.0, 9.0, 25.0, 1.0, 256.0, 4.0, 4.0, 1.0, 225.0, 4.0, 9.0, 64.0, 81.0, 16.0, 25.0, 36.0, 4.0, 4.0, 1.0, 0.0, 25.0, 49.0, 9.0, 36.0, 9.0, 36.0, 169.0, 25.0, 196.0, 25.0, 9.0, 169.0, 100.0, 1.0, 81.0, 4.0, 0.0, 36.0, 49.0, 9.0, 1.0, 144.0, 100.0, 16.0, 36.0, 49.0, 25.0, 169.0, 100.0, 1.0, 64.0, 196.0, 49.0, 36.0, 36.0, 25.0) 

208112 : 

x <- c(1.0, 100.0, 64.0, 4.0, 49.0, 121.0, 0.0, 121.0, 81.0, 0.0, 25.0, 49.0, 81.0, 25.0, 1.0, 9.0, 49.0, 1.0, 1.0, 9.0, 25.0, 1.0, 256.0, 4.0, 4.0, 1.0, 225.0, 4.0, 9.0, 64.0, 81.0, 16.0, 25.0, 36.0, 4.0, 4.0, 1.0, 0.0, 25.0, 49.0, 9.0, 36.0, 9.0, 36.0, 169.0, 25.0, 196.0, 25.0, 9.0, 169.0, 100.0, 1.0, 81.0, 4.0, 0.0, 36.0, 49.0, 9.0, 1.0, 144.0, 100.0, 16.0, 36.0, 49.0, 25.0, 169.0, 100.0, 1.0, 64.0, 196.0, 49.0, 36.0, 36.0, 25.0) 

277486 : 

x <- c(56.39085007089804, 31.37117241743407, 49.90821887253525, 37.22670106158649, 99.81982530117597, 338.5232948923026, 82.22604516178559, 58.285718966053516, 49.954613943972184, 65.6853786149254, 2.436473457631858, 35.62819764463091, 85.59630484375023, 10.336438783249001, 0.02000683683462629, 39.08534219334208, 149.20703724026063, 64.49798806721508, 8.316812883346667, 34.62014388637842, 96.96527284351752, 22.089240454167715, 346.9402242157594, 165.13220238225975, 2.308068215365633, 0.26960267146645417, 167.07052622526655, 43.97315230225621, 0.6699058007878346, 95.52143747886184, 3.306861268462914, 28.090856523021934, 41.46174212466742, 0.0062912878097537645, 5.949107791149639, 6.313495519569776, 12.338829546107624, 16.24947651790597, 72.46549967879686, 166.94403268147698, 13.689402061053135, 19.12897636676735, 7.333784765599787, 16.341998495012252, 153.18892606594525, 6.113702658821409, 54.4678580823389, 59.51600838791003, 26.366990225159803, 46.626041040617615, 69.81676880857714, 79.40295764383684, 175.43694822240633, 123.16751078943652, 29.113790781176043, 107.3073439667077, 0.0617742337995252, 4.986551785332493, 3.8060516362185446, 256.78454208052625, 0.10376899362329577, 10.793446364623172, 0.15659405898147424, 30.99690556012729, 14.6560828094669, 112.52039719306391, 76.10087488477683, 86.09561597368575, 11.470414527087135, 233.44088394772564, 367.42720389872477, 5.2077759838171795, 60.2743898904063, 162.9109726915615) 

352689 : 

x <- c(1.0, 100.0, 64.0, 4.0, 49.0, 121.0, 0.0, 121.0, 81.0, 0.0, 25.0, 49.0, 81.0, 25.0, 1.0, 9.0, 49.0, 1.0, 1.0, 9.0, 25.0, 1.0, 256.0, 4.0, 4.0, 1.0, 225.0, 4.0, 9.0, 64.0, 81.0, 16.0, 25.0, 36.0, 4.0, 4.0, 1.0, 0.0, 25.0, 49.0, 9.0, 36.0, 9.0, 36.0, 169.0, 25.0, 196.0, 25.0, 9.0, 169.0, 100.0, 1.0, 81.0, 4.0, 0.0, 36.0, 49.0, 9.0, 1.0, 144.0, 100.0, 16.0, 36.0, 49.0, 25.0, 169.0, 100.0, 1.0, 64.0, 196.0, 49.0, 36.0, 36.0, 25.0) 

420273 : 

x <- c(0.7164258601501553, 103.09519828749332, 61.566297951840866, 4.637909249425564, 46.873459081599336, 117.64481456256546, 0.02358698990862484, 124.40235941725179, 78.2591368220824, 0.02358698990862484, 26.559392638700974, 51.17371489821791, 78.2591368220824, 26.559392638700974, 1.3307481196670943, 8.102103600633216, 46.873459081599336, 0.7164258601501553, 1.3307481196670943, 8.102103600633216, 23.48778134111628, 1.3307481196670943, 251.10900891377312, 3.4092647303916856, 4.637909249425564, 1.3307481196670943, 229.63100393628568, 4.637909249425564, 9.945070379184033, 61.566297951840866, 83.78803715773485, 17.252231508942504, 23.48778134111628, 37.86655376845944, 3.4092647303916856, 4.637909249425564, 0.7164258601501553, 0.02358698990862484, 23.48778134111628, 46.873459081599336, 9.945070379184033, 37.86655376845944, 9.945070379184033, 37.86655376845944, 173.01668167676874, 23.48778134111628, 200.3238428065272, 26.559392638700974, 8.102103600633216, 173.01668167676874, 96.95197569232393, 1.3307481196670943, 78.2591368220824, 3.4092647303916856, 0.02358698990862484, 34.180620211357805, 51.17371489821791, 9.945070379184033, 1.3307481196670943, 140.337653432807, 103.09519828749332, 14.794942470874746, 37.86655376845944, 51.17371489821791, 26.559392638700974, 173.01668167676874, 96.95197569232393, 1.3307481196670943, 66.48087602797638, 191.72333117329006, 46.873459081599336, 37.86655376845874, 34.180620211357805, 23.48778134111683) 

470550 : 

x <- c(1.0, 100.0, 64.0, 4.0, 49.0, 121.0, 0.0, 121.0, 81.0, 0.0, 25.0, 49.0, 81.0, 25.0, 1.0, 9.0, 49.0, 1.0, 1.0, 9.0, 25.0, 1.0, 256.0, 4.0, 4.0, 1.0, 225.0, 4.0, 9.0, 64.0, 81.0, 16.0, 25.0, 36.0, 4.0, 4.0, 1.0, 0.0, 25.0, 49.0, 9.0, 36.0, 9.0, 36.0, 169.0, 25.0, 196.0, 25.0, 9.0, 169.0, 100.0, 1.0, 81.0, 4.0, 0.0, 36.0, 49.0, 9.0, 1.0, 144.0, 100.0, 16.0, 36.0, 49.0, 25.0, 169.0, 100.0, 1.0, 64.0, 196.0, 49.0, 36.0, 36.0, 25.0) 

519309 : 

x <- c(1.0, 100.0, 64.0, 4.0, 49.0, 121.0, 0.0, 121.0, 81.0, 0.0, 25.0, 49.0, 81.0, 25.0, 1.0, 9.0, 49.0, 1.0, 1.0, 9.0, 25.0, 1.0, 256.0, 4.0, 4.0, 1.0, 225.0, 4.0, 9.0, 64.0, 81.0, 16.0, 25.0, 36.0, 4.0, 4.0, 1.0, 0.0, 25.0, 49.0, 9.0, 36.0, 9.0, 36.0, 169.0, 25.0, 196.0, 25.0, 9.0, 169.0, 100.0, 1.0, 81.0, 4.0, 0.0, 36.0, 49.0, 9.0, 1.0, 144.0, 100.0, 16.0, 36.0, 49.0, 25.0, 169.0, 100.0, 1.0, 64.0, 196.0, 49.0, 36.0, 36.0, 25.0) 

561764 : 

x <- c(1.0, 100.0, 64.0, 4.0, 49.0, 121.0, 0.0, 121.0, 81.0, 0.0, 25.0, 49.0, 81.0, 25.0, 1.0, 9.0, 49.0, 1.0, 1.0, 9.0, 25.0, 1.0, 256.0, 4.0, 4.0, 1.0, 225.0, 4.0, 9.0, 64.0, 81.0, 16.0, 25.0, 36.0, 4.0, 4.0, 1.0, 0.0, 25.0, 49.0, 9.0, 36.0, 9.0, 36.0, 169.0, 25.0, 196.0, 25.0, 9.0, 169.0, 100.0, 1.0, 81.0, 4.0, 0.0, 36.0, 49.0, 9.0, 1.0, 144.0, 100.0, 16.0, 36.0, 49.0, 25.0, 169.0, 100.0, 1.0, 64.0, 196.0, 49.0, 36.0, 36.0, 25.0) 

598764 : 

x <- c(1.0, 100.0, 64.0, 4.0, 49.0, 121.0, 0.0, 121.0, 81.0, 0.0, 25.0, 49.0, 81.0, 25.0, 1.0, 9.0, 49.0, 1.0, 1.0, 9.0, 25.0, 1.0, 256.0, 4.0, 4.0, 1.0, 225.0, 4.0, 9.0, 64.0, 81.0, 16.0, 25.0, 36.0, 4.0, 4.0, 1.0, 0.0, 25.0, 49.0, 9.0, 36.0, 9.0, 36.0, 169.0, 25.0, 196.0, 25.0, 9.0, 169.0, 100.0, 1.0, 81.0, 4.0, 0.0, 36.0, 49.0, 9.0, 1.0, 144.0, 100.0, 16.0, 36.0, 49.0, 25.0, 169.0, 100.0, 1.0, 64.0, 196.0, 49.0, 36.0, 36.0, 25.0) 

632121 : 

