med: 26621.766296411635/desvio: 777.662303687171


Funcoes: 

140479 : Expressao: (X1)
146991 : Expressao: (X1)
153555 : Expressao: ((0.4963491424436769-(0.5503513459221434-X1)))
160393 : Expressao: (((X1-0.04175591761731212)+0.1222453985573658))
166784 : Expressao: ((0.812080002568613*(X1/0.8836963717294551)))
173345 : Expressao: ((0.30086254550493885-(0.29614020935522445-X1)))
179999 : Expressao: (X1)
186651 : Expressao: (X1)
193228 : Expressao: ((X1*0.9388034092118785))
199722 : Expressao: (X1)
206189 : Expressao: (((Sin[X0])+(X1-X0)))
212701 : Expressao: (((X1+0.629114367952974)-0.6189766042265998))
219045 : Expressao: (((X1*0.9520470687758165)/0.9999302332377095))
225612 : Expressao: (X1)
232500 : Expressao: (X1)
238962 : Expressao: (((0.901426862671215*X1)/0.9200087402481064))
245468 : Expressao: (((X1/0.8630285177377877)*0.8177345371977615))
252131 : Expressao: (X1)
258681 : Expressao: ((0.6918341110247459/(0.7576395396824636/X1)))
265208 : Expressao: (((X1-0.05544837862031504)+0.1472773482392197))
271897 : Expressao: (X1)
278455 : Expressao: (X1)
284865 : Expressao: (X1)
291405 : Expressao: (X1)
297841 : Expressao: (X1)
304496 : Expressao: (X1)
311308 : Expressao: (((0.9855590750558638*X1)-(X0*0.06749307480790878)))
317846 : Expressao: (X1)
324293 : Expressao: ((0.998583261955944*(X1*0.9487651265405006)))
330503 : Expressao: (X1)
Erros: 

140479 : 

x <- c(8.70489E7, 2.1049744E9, 1.3053769E9, 4.94209E7, 9.998244E8, 1.1082241E9, 5.308416E8, 1.0725625E9, 6100900.0, 5.673924E8, 7.95664E7, 4.734976E8, 3.606201E8, 1.1999296E9, 1.6443025E9, 3.89376E7, 2.6368225E9, 6.806881E8, 1.962801E8, 5.262436E8, 2.244004E8, 1.896129E8, 9.35089E7, 2.663424E8, 3.048516E8, 9.126441E8, 8.779369E8, 4.293184E8, 1.2845056E9, 8.844676E8, 4.613904E8, 4.5796E8, 3.444736E8, 4.511376E8, 1.075369E8, 2.742336E8, 1.014049E8, 1.6008001E9, 1.0297681E9, 6.98896E7, 8.667136E8, 9.431041E8, 1.879641E8, 9.096256E8, 1.737124E8, 1.1909401E9, 9610000.0, 3.24E8, 8.87364E7, 8.862529E8, 1.0923025E9, 4.95616E7, 1.1553201E9, 5.621641E8, 3.790809E8, 1.7397241E9, 4.950625E8, 1.11556E9, 3.51649E7, 6.492304E8, 2.782224E8, 2.2259524E9, 1.4531344E9, 7398400.0, 1.9377604E9, 1.59201E9, 1.674436E8, 1.9421649E9, 2.292196E8, 1.38384E9, 2.34256E7, 2.839225E8, 1.648656E8, 1.6573041E9, 1.7598025E9, 4243600.0, 2.1613201E9, 1.4531344E9, 1.669264E8, 7.080921E8, 8.06404E7, 6.066369E8, 1.27449E7, 1.503076E8, 6.285049E8, 8.433216E8, 2.0930625E9, 3.88129E7, 2.1261321E9, 7.745089E8, 1.179396E8, 2.719201E8, 4.756761E8, 8.2944E8, 3.38724E7, 3.790809E8, 1.183744E8, 9.928801E8) 

146991 : 

x <- c(8.70489E7, 2.1049744E9, 1.3053769E9, 4.94209E7, 9.998244E8, 1.1082241E9, 5.308416E8, 1.0725625E9, 6100900.0, 5.673924E8, 7.95664E7, 4.734976E8, 3.606201E8, 1.1999296E9, 1.6443025E9, 3.89376E7, 2.6368225E9, 6.806881E8, 1.962801E8, 5.262436E8, 2.244004E8, 1.896129E8, 9.35089E7, 2.663424E8, 3.048516E8, 9.126441E8, 8.779369E8, 4.293184E8, 1.2845056E9, 8.844676E8, 4.613904E8, 4.5796E8, 3.444736E8, 4.511376E8, 1.075369E8, 2.742336E8, 1.014049E8, 1.6008001E9, 1.0297681E9, 6.98896E7, 8.667136E8, 9.431041E8, 1.879641E8, 9.096256E8, 1.737124E8, 1.1909401E9, 9610000.0, 3.24E8, 8.87364E7, 8.862529E8, 1.0923025E9, 4.95616E7, 1.1553201E9, 5.621641E8, 3.790809E8, 1.7397241E9, 4.950625E8, 1.11556E9, 3.51649E7, 6.492304E8, 2.782224E8, 2.2259524E9, 1.4531344E9, 7398400.0, 1.9377604E9, 1.59201E9, 1.674436E8, 1.9421649E9, 2.292196E8, 1.38384E9, 2.34256E7, 2.839225E8, 1.648656E8, 1.6573041E9, 1.7598025E9, 4243600.0, 2.1613201E9, 1.4531344E9, 1.669264E8, 7.080921E8, 8.06404E7, 6.066369E8, 1.27449E7, 1.503076E8, 6.285049E8, 8.433216E8, 2.0930625E9, 3.88129E7, 2.1261321E9, 7.745089E8, 1.179396E8, 2.719201E8, 4.756761E8, 8.2944E8, 3.38724E7, 3.790809E8, 1.183744E8, 9.928801E8) 

153555 : 

x <- c(1.5827623107212526E8, 2.4138343465713806E9, 1.550846477183754E9, 1.0569460547299214E8, 8.048121796440903E8, 9.02354247143854E8, 3.916129047052025E8, 1.296056749129377E9, 609630.1722279331, 4.230924751541923E8, 1.481280847696719E8, 3.425909224299372E8, 4.946526585884831E8, 1.4357118284260552E9, 1.9185090446394832E9, 9.007506015850863E7, 2.313534178308922E9, 5.216295968454858E8, 1.157606391226668E8, 6.859573851609036E8, 3.3236163743521273E8, 1.1065381744605578E8, 4.120628047059612E7, 1.7080429776006117E8, 4.2893674677688617E8, 1.1196243452068567E9, 1.0811462309253364E9, 5.745986856695698E8, 1.0620567274578594E9, 7.016783431772975E8, 3.3230416380722505E8, 6.076613575858352E8, 4.7571048075908005E8, 3.236117421306128E8, 5.068317702738191E7, 1.771351194366719E8, 1.7744339756923822E8, 1.8714957934118607E9, 1.2489713087400606E9, 2.610404548575413E7, 6.858748160815321E8, 7.54008314120272E8, 1.093951120269015E8, 1.1162807663894844E9, 2.6997080000980264E8, 9.771383239999664E8, 22737.0733351669, 2.1753924949634537E8, 1.605488729433964E8, 1.0903724516139832E9, 1.3177472220336115E9, 1.0590032123646662E8, 9.448991437006397E8, 4.1857934855241406E8, 2.6306283226559725E8, 2.0214724732025187E9, 6.502901974811668E8, 9.089749737456311E8, 7178176.010054867, 4.9413785841742957E8, 3.97236317225876E8, 2.54326439582307E9, 1.7115421141151822E9, 3.565031141548823E7, 1.6621286329357276E9, 1.3431647274872127E9, 9.388082581443721E7, 2.239256993382498E9, 3.382210896508046E8, 1.152548983625329E9, 2525594.2287739427, 1.849385622959117E8, 2.589134640516719E8, 1.932550896855075E9, 2.0431112515259118E9, 2.82044710261719E7, 1.869629439357524E9, 1.215861933385676E9, 9.349365734138732E7, 8.916666703560443E8, 1.4959217935051885E8, 4.570706983127611E8, 101896.1900341837, 8.116589773070252E7, 8.02067042780973E8, 1.0426950008803453E9, 2.401077241646212E9, 8875703.105820209, 1.8369120383695545E9, 6.041376540009218E8, 5.7900104617131084E7, 3.896987177198607E8, 6.280431038882892E8, 6.527622249438964E8, 8.227919809258007E7, 2.6306283226559538E8, 1.9967917441067025E8, 1.2083123944585402E9) 

160393 : 

x <- c(2.0112969881955985E7, 1.6838505915375159E9, 9.787354941054616E8, 4773126.385162591, 1.3297145606673083E9, 1.4542974003892019E9, 7.775872464075203E8, 7.786749936623478E8, 5.351290324623337E7, 8.216966386129556E8, 1.6603576041223248E7, 7.078394027883444E8, 2.0007391256848824E8, 8.877270433184085E8, 1.274829071607995E9, 1945323.6188726872, 3.157906281453511E9, 9.569897800313377E8, 3.555205058753657E8, 3.2741992639993566E8, 1.0271312890668757E8, 3.465275851967702E8, 2.1069252360409752E8, 4.4796786740684706E8, 1.5913188189453438E8, 6.4337047084415E8, 6.14283762484089E8, 2.5200764267694587E8, 1.6552896825992787E9, 1.1961396153516438E9, 6.930188619966497E8, 2.740597007542587E8, 1.8809432878430513E8, 6.804403413180542E8, 2.3150387558333433E8, 4.5818478808544254E8, 2.7297997789619945E7, 1.2365595431348348E9, 7.422763255284854E8, 1.7437866490009725E8, 1.1754784645033996E9, 1.2641759030943005E9, 3.442973550271213E8, 6.40836495985521E8, 6.946803399615362E7, 1.548835813838729E9, 6.312702002754648E7, 5.219055121570154E8, 2.0928324627482682E7, 6.212430920882416E8, 7.955078428141035E8, 4816921.35688778, 1.5081767523684387E9, 8.154023833019327E8, 5.912314513134127E8, 1.3590096883281126E9, 3.0292527335089976E8, 1.4626992557002249E9, 1.1610604302931808E8, 9.196208733065742E8, 1.4006127409996966E8, 1.792230937861795E9, 1.107208893478774E9, 4516693.571606278, 2.3878127957280746E9, 2.0021375240788522E9, 3.1631516784996086E8, 1.5385809016552567E9, 1.059818484542906E8, 1.767803166444653E9, 9.380409494736364E7, 4.706839339054121E8, 6.39160049574972E7, 1.286280191155598E9, 1.3767623676495214E9, 7757625.437743827, 2.6353080377119527E9, 1.8460128290459359E9, 3.156041577934112E8, 4.73704281023082E8, 1.709614587157438E7, 8.687904459032153E8, 7.08164563564636E7, 2.925896259272737E8, 4.0904045537740296E8, 5.853858591523029E8, 1.6731984569050932E9, 1.2266119387756243E8, 2.59643764663751E9, 1.067672054951155E9, 2.4665492196880007E8, 1.3560016963719106E8, 2.8780269459499145E8, 1.1320029426938117E9, 950134.8064147634, 5.912314513134127E8, 3.6418190499360226E7, 7.110088171684245E8) 

166784 : 

