med: 0.5042693257906713/desvio: 0.04600816461935089


Funcoes: 

3632 : Expressao: (((0.5203508166365327/X0)*(X1*X0)))
7263 : Expressao: (((X1*0.5624969048939022)+0.02309664086305098))
10894 : Expressao: (((0.635301021265108/X0)*(X0*X1)))
14525 : Expressao: (((0.9884815993854603*X1)-(X1*0.4474963749459392)))
18156 : Expressao: (((0.364801278195635+X1)*0.6185828430455971))
21787 : Expressao: (((0.9622838175363249*X1)-(0.4877907124340388*X0)))
25418 : Expressao: (((Cos[X0])+(X1-0.7182255223206133)))
29049 : Expressao: (((X1/X0)*(Sin[X0])))
32680 : Expressao: (((X1+X1)*0.2320163481542869))
36311 : Expressao: (((X1/0.8379054261818308)*0.5925364213544282))
39942 : Expressao: (((X0*0.6942828136603838)*(X1/X0)))
43573 : Expressao: (((X1-0.5749754356099206)+(Cos[X0])))
47204 : Expressao: (((0.4100487800343886*X1)*0.9744878684440043))
50835 : Expressao: ((0.779866565532115*(X1*0.7558116828424306)))
54466 : Expressao: (((X1+0.11023828325577656)*0.7010983481506562))
58097 : Expressao: (((X1-0.8368602470294242)+(Cos[X0])))
61728 : Expressao: (((X1*0.48926173225816616)-0.09278490859351479))
65359 : Expressao: (((0.8126291353378126*X1)-(X0*0.3402745435042178)))
68990 : Expressao: (((X1+0.05022059633203124)/1.4145068178763491))
72621 : Expressao: (((X1*0.10596106924388937)/0.14600142947096204))
76252 : Expressao: (((Sin[X0])*(X1/X0)))
79883 : Expressao: (((Sin[X0])*(X1/X0)))
83514 : Expressao: (((Sin[X0])*(X1/X0)))
87145 : Expressao: (((0.5972700273450587*X0)-(X0-X1)))
90776 : Expressao: (((Sin[X0])/(X0/X1)))
94407 : Expressao: (((X1-0.1109271944953033)*0.6688096560506176))
98038 : Expressao: (((Sin[X0])*(X1/X0)))
101669 : Expressao: (((X1-0.21817784961437303)*0.5512111035920904))
105300 : Expressao: ((0.26120771890625394*(X1/0.4030828333559988)))
108931 : Expressao: (((X0*X1)*(0.6464488705881276/X0)))
Erros: 

3632 : 

x <- c(0.5774157180596892, 0.23395195608136501, 0.0890916803647041, 0.15377804759334962, 0.2229213182953918, 0.19405555904852181, 0.12624794507060463, 0.13464638272319937, 6.088297371433725, 0.7842028505926864, 0.39376094556600644, 1.3536989729596764, 0.16626492812408206, 0.004604241056606836, 0.026084452112082556, 0.16541328903664043, 0.213283374086766, 0.16659702046255273, 0.023302343049576763, 0.12840640249159999, 3.8861904511075394, 5.528926731169689, 0.3909128562215314, 0.10294055018327998, 1.2471123152511496, 0.25543074953561773, 0.018641783666330385, 0.16567312611315677, 0.21103368859728472, 0.35633967223504265, 0.08577387389376971, 0.3328619948861867, 0.41380759745273293, 0.3025249221847725, 0.21643538388540853, 0.3272500552951988, 0.32585452520073177, 0.3194806167316768, 0.3025249221847725, 0.319480616731677, 0.3025249221847725, 0.2972715701624232, 0.12990954874471916, 0.06723458548540245, 0.011370705265974931, 0.4871082037977873, 0.5278529861849584, 0.3136253753060718, 0.17641903160787833, 0.2630374528671702, 0.1313806979367631, 0.11243539033498542, 0.10715733510154071, 0.02514444459945317, 0.10409667438035251, 0.05355480603824986, 0.3106499885922078, 2.0755362955876286, 0.6384211320576375, 1.396654630541122, 6.53860826285975E-5, 0.04856446747052326, 0.07156928232256198, 0.08127189518109613, 0.09825353239136468, 0.14215134784032485, 0.08122189707325553, 0.018443972814212364, 6.6212410515609E-4, 0.007334906405910265, 0.08597948554493218, 0.07156928232256198, 0.03065379789837356, 0.06796072808593907, 0.0987645189483303, 0.0517274316797231, 0.09501848596120496, 0.03133949268811219, 0.10828358964869308, 0.007574157869616487, 0.004342321436607688, 3.3629658585734395E-4, 0.08736575161896847, 0.0630511101666159, 0.023924431119848513, 0.08755461623568528, 0.21964004277943555, 0.08350771542085247, 0.04418322627046228, 0.03148376625839684, 0.18000352904465144, 0.025536658626861948, 0.001602684615672833, 0.0033191497491367895, 0.010404313760981797, 0.02273475587340481, 0.08360912413350324, 0.06527477051315625, 0.05488160251464227, 0.04798935134897245, 0.04591087340622024, 0.09577275530667152, 0.15416629711350036, 6.247278404787005E-4, 3.5721751438323285E-4, 0.04629811363805543, 5.6615968916240114E-5, 3.852005737983607E-4, 0.0052429987452528495, 0.04477224161332573, 0.10780609902932856, 0.018027956972532202, 0.0026111896834805927, 0.06187427768795957, 0.25110101077053504, 0.08099006785731146, 0.06219782576468558, 0.008464283000333143, 0.03840972715872718, 0.025071046076457267, 0.020371243886706376, 0.05416225986368324, 0.18138765242646826, 0.13032973421550356, 0.003574969426978774, 0.17664012723925648, 0.156664439033029, 0.006237368959130701, 0.05314328055960249, 1.3174020575280706E-5, 0.02062946296231476, 1.1621894381738813E-4, 0.014884375282279106, 0.04014952856246289, 0.14283212398650655, 0.001092116020846547, 0.003903205796780833, 0.042765425156486916, 0.3175794721587016, 0.1718828282271899, 0.013698484596857137, 0.029607611810867674, 0.03969662855064597, 8.979885073019577E-4, 0.0034589095249599943, 0.008766502625979264, 0.1737205977002352, 0.030369415189376244, 0.035991489617556556) 

7263 : 

