med: 1150.5962005719557/desvio: 97.83045645415638


Funcoes: 

23682 : Expressao: (((X1-0.18324744919039748)-(Sin[X0])))
48920 : Expressao: (X1)
74662 : Expressao: ((0.9827846003937876*(X1+0.02024279821399888)))
99868 : Expressao: (((0.9316438397935175+X1)-(X0*0.10980383222494472)))
124945 : Expressao: (X1)
150065 : Expressao: (((X1-0.23178956608295698)+(Cos[X0])))
173952 : Expressao: (((X1-0.2197120477909379)+(Cos[X0])))
199139 : Expressao: (((0.034812820395354604+X1)*(X1/X0)))
224898 : Expressao: (((X1-0.06943624644789903)/(X0/X1)))
251492 : Expressao: (X1)
276395 : Expressao: (((X1*X1)/(0.05857566167580264+X1)))
301289 : Expressao: (((X1*X1)/(X0-0.12357206875360993)))
326131 : Expressao: (((0.4546689594545017+X1)*0.9551981326843627))
350606 : Expressao: (X1)
375607 : Expressao: (((Cos[X0])-(0.5346608780939989-X1)))
400472 : Expressao: (((Cos[X0])-(0.48087661632427836-X1)))
420515 : Expressao: (((0.9947207461452778*X1)*0.9901016899484119))
438860 : Expressao: (((Cos[(X0*0.9945064069025171)])+(0.81804318733082*(0.8131373774044409+X1))))
457876 : Expressao: (((X1*0.8555817267698398)+(X1*0.14060270113118167)))
476960 : Expressao: (((0.9924256263598603*X1)-0.0))
495099 : Expressao: (((X1*X1)/(0.26450200094766385+X0)))
513413 : Expressao: (((0.062221831925222015+X1)*(X1/X0)))
532092 : Expressao: (((Cos[X0])+(X1-0.3883052752254662)))
546078 : Expressao: ((1.3859962305656+(0.8147398440518007*X1)))
559672 : Expressao: (((X1/X0)+(X1*0.8468862163102905)))
573367 : Expressao: (((X1-0.14225454496184098)-(Sin[X0])))
586864 : Expressao: (X1)
599679 : Expressao: (((X1*X1)/(0.06014185740409839+X0)))
612994 : Expressao: (((X1*X1)/(X0+0.5928117444569949)))
626897 : Expressao: (((X1*0.8985904324583028)+0.7897198171444529))
Erros: 

23682 : 

x <- c(3950372.419936234, 4482269.009694746, 2392681.0788678145, 2899401.8820984666, 4967649.331491699, 773211.3522032176, 2561203.636129873, 400065.8930528206, 547367.438289124, 309.11550312687933, 171390.30985172314, 567666.339571909, 1088789.5933957272, 3921993.850918055, 2438118.1587568843, 587270.0648780896, 29414.01083088094, 2346859.2415166413, 584678.0930594333, 620859.6638610144, 1849116.5252831853, 4129816.024915027, 4345452.397640279) 

48920 : 

x <- c(1129583.3569200425, 285523.31360958645, 107247.68496779559, 3062.2821424413432, 143372.82341937622, 7499819.756741048, 1.1289975549434913E7, 388.09700291305876, 226498.93410562503, 1420639.099317556, 775320.8319553706, 2734677.6049883617, 1470736.4155272252, 372715.9096979394, 97578.95565682971, 1052353.376620497, 2861037.0238310085, 18965.13408391406, 243426.26148605024, 427904.78738506924, 540827.5260250058, 663040.8529580912, 151450.9933420784) 

74662 : 

x <- c(1509970.3294410713, 516429.8987071354, 17956.3283460941, 17558.89725858051, 319836.9119965223, 6477870.58166953, 1.0328432492187252E7, 4722.868520472375, 318099.6121988033, 1659415.3280303916, 994646.1331630542, 3188513.9649583963, 1885576.8219741604, 626957.1811365902, 14535.818206528564, 704607.0050621482, 2318573.5066384007, 3.7660436985065067, 397739.9266642838, 639875.0136236562, 796464.6571472202, 968201.8747571541, 328196.5138850859) 

99868 : 

x <- c(564170.1543312167, 100395.85327371131, 183420.4505789218, 9497.302936537, 90342.62811459937, 7967814.404733844, 1.1577897357808959E7, 131755.7907324182, 55842.22626069587, 228019.49016897308, 47693.748438439776, 1259844.1992567354, 605541.9706702306, 127815.01316661494, 186801.39545570785, 1163455.5795378305, 3163252.052706657, 113871.6632652107, 11646.484165117812, 64292.27022903479, 151320.95410069375, 291266.301824419, 38155.99186670098) 

124945 : 

x <- c(1129583.3569200425, 285523.31360958645, 107247.68496779559, 3062.2821424413432, 143372.82341937622, 7499819.756741048, 1.1289975549434913E7, 388.09700291305876, 226498.93410562503, 1420639.099317556, 775320.8319553706, 2734677.6049883617, 1470736.4155272252, 372715.9096979394, 97578.95565682971, 1052353.376620497, 2861037.0238310085, 18965.13408391406, 243426.26148605024, 427904.78738506924, 540827.5260250058, 663040.8529580912, 151450.9933420784) 

150065 : 

x <- c(535.3737520457524, 302.42759929820033, 14945.197313957233, 834237.4659615452, 1068493.1103028557, 4571607.099642218, 5737083.6284077475, 1430858.152752784, 1793596.62245202, 4301115.051157295, 1679828.212825215, 948673.2862615108, 3921.8976212228026, 33788.835904160165, 1292.3762880780785, 21961.102723165575, 1248900.0172589533, 305961.9721251454, 525279.1087276672, 309521.6868785141, 200096.50612387763, 10942.110245541151, 438.31166280967756) 

173952 : 

x <- c(1788.5459220929597, 1335.4277221616976, 10629.092960543137, 799616.7997338469, 1029263.7049878112, 4653877.463400099, 5829202.085682873, 1477046.189465155, 1742661.9072373337, 4222038.335956537, 1630547.187760781, 911730.0205889107, 1889.8145211350366, 41197.00647339561, 3036.306921187793, 28004.632816214707, 1292075.5505893228, 327517.3924130838, 553408.7445065853, 331200.0099991121, 217598.49506433043, 15315.943821488181, 3.1785015054361727) 

199139 : 

x <- c(5741.156430694991, 472296.63943732646, 887675.1771398626, 44150.37286621642, 143471.0049533384, 1.014664657777731E7, 1535222.4323078496, 4884396.546762725, 194050.72958342472, 389881.00630205503, 321240.661463478, 387305.35543405387, 629962.7973719306, 632559.7057119601, 1022040.041492704, 600417.0086559982, 639140.5010435611, 1589341.915485685, 330333.1895853199, 6077.024768106409, 360.6394577241747, 865.5534349807982, 292548.84735826566) 

224898 : 

x <- c(64747.15139538457, 256646.4288630691, 592586.4078562601, 137864.28850057354, 295262.4235545593, 9090972.923324343, 1228473.089586504, 5389871.40778591, 366469.56530831807, 641680.2285801625, 140565.0636473146, 647308.2730229201, 359512.62017650413, 374585.63008662785, 701362.6349557438, 376410.9561754181, 419300.01102569874, 1965554.397716667, 544318.7142303326, 63300.14443518467, 24596.044215655576, 21609.284413084162, 132524.7481686276) 

251492 : 

x <- c(1129583.3569200425, 285523.31360958645, 107247.68496779559, 3062.2821424413432, 143372.82341937622, 7499819.756741048, 1.1289975549434913E7, 388.09700291305876, 226498.93410562503, 1420639.099317556, 775320.8319553706, 2734677.6049883617, 1470736.4155272252, 372715.9096979394, 97578.95565682971, 1052353.376620497, 2861037.0238310085, 18965.13408391406, 243426.26148605024, 427904.78738506924, 540827.5260250058, 663040.8529580912, 151450.9933420784) 

276395 : 

x <- c(1333942.9593599588, 392568.0112687325, 55342.81096165853, 1360.2659319608472, 221711.77966278925, 7003134.938374504, 1.067977164507907E7, 5179.6474207820165, 322153.3774700271, 1647756.6898734546, 945608.8330612134, 3047392.322490981, 1702669.1801172174, 493792.6168909989, 48463.72711889646, 871660.1561084392, 2557772.8035366274, 2086.8222517416216, 342696.3439261017, 556823.3087029756, 684790.2649698504, 821620.3115635102, 231720.85255907814) 

301289 : 

x <- c(9562.329213546895, 748106.5944568443, 1212230.1247071417, 5600.963355872701, 55904.77297820587, 1.1153069712809153E7, 1741614.5254667324, 4649990.804780466, 87063.87876599122, 205366.93165614057, 598759.4384063736, 193236.17491864596, 1009466.7839799658, 959110.0384177552, 1374282.9174631885, 828997.4153579059, 840574.5600736992, 1350910.5476104205, 189035.6847239562, 7165.112530862435, 34678.57428156579, 39097.81988431247, 503907.4112126514) 

326131 : 

x <- c(788846.1059215592, 165902.71588109928, 185398.76396310265, 29964.496454588712, 66771.66030572717, 8076166.7853277465, 1.2859605698073456E7, 156982.60904941626, 9707.432859520215, 698620.1210765039, 333912.89846436185, 1933390.3228490574, 1047768.1071169045, 226294.14531410224, 176253.32463924325, 1316267.1194529454, 3455374.5749373306, 145083.50270360048, 59549.81162675314, 182239.0029070712, 288870.7130528543, 421562.06426762935, 67939.94238441637) 

350606 : 

