med: 646.3453344101051/desvio: 12.974507788002644


Funcoes: 

12916 : Expressao: ((0.7516410993428109*X1))
26822 : Expressao: ((0.9155737587642742*(X1*0.7790759495051319)))
40203 : Expressao: (((X1/X0)*(Sin[X0])))
54863 : Expressao: (((X0*0.6398475109928218)+(X1-X0)))
68954 : Expressao: ((0.7150485584181044*(X1+0.04248081993059327)))
82805 : Expressao: (((Sin[X0])*(X1/X0)))
96436 : Expressao: ((0.061766802422155896+(X1*0.7549078109732127)))
109723 : Expressao: ((0.8203922175474538*X1))
123563 : Expressao: (((0.13754999593804695+X1)/1.1654580392144434))
137774 : Expressao: (((0.44705187242328814*X1)*1.5065781061981638))
151376 : Expressao: (((0.6832249455924085*X1)+0.10720193075632373))
164841 : Expressao: (((X1*X1)/(X1/0.8863243536093801)))
178718 : Expressao: (((0.020514450130039386+X1)*0.7458335576920329))
192362 : Expressao: (((X1*0.019813165479015127)*40.50589392031294))
205656 : Expressao: (((0.5487447210830859*X1)/0.6430873649960723))
218723 : Expressao: ((0.6764771013932411*(X1-0.0013476876562643625)))
232112 : Expressao: (((0.11141413273129053+X1)*0.6937528731317112))
245707 : Expressao: (((0.5620169262564985*X0)+(X1-X0)))
259022 : Expressao: ((Sin[(X1*0.8902880098775584)]))
273303 : Expressao: ((0.8244889231325945*(X1-0.062197695843405953)))
286817 : Expressao: ((0.45816078249016584*(X1/0.7760590706497732)))
300346 : Expressao: ((0.6945897825401445*X1))
313955 : Expressao: ((Sin[(X1*0.8477159627886935)]))
327350 : Expressao: (((X1-X0)+(X0*0.8174042228554135)))
341098 : Expressao: ((Sin[(0.846096117685854*X1)]))
355463 : Expressao: ((0.7771890998669174*(0.16890675526710464+X1)))
368757 : Expressao: (((X1-0.2264217657147618)/1.4287032254106267))
381889 : Expressao: ((0.5643984341520188*(X1/0.8133306124460348)))
394509 : Expressao: (((X1*0.5807591319190016)*1.3234812783329266))
407837 : Expressao: (((Sin[X0])*(X1/X0)))
Erros: 

12916 : 

x <- c(175011.21726047117, 324371.49336768995, 160940.44517502343, 917663.5844978559, 1393278.375364194, 183335.5977145988, 8181.512782463113, 676336.8644610937, 160223.19752041876, 1465323.296746922, 55562.86489267255, 210579.63108800538, 1602.9697900697347, 134613.59268887003, 323271.74204851076) 

26822 : 

x <- c(160144.4849188279, 321658.02922648, 145261.8595806893, 917056.6637144021, 1480751.471578159, 126376.90258112481, 2728.730027913779, 635434.3192087685, 170425.3620382696, 1525923.8195331225, 29132.918528059094, 175598.37446266363, 2744.981916650669, 126789.66567912862, 316560.83076340763) 

40203 : 

x <- c(263773.4755548318, 339300.3914141613, 281570.6548614004, 920824.9893279725, 891158.2689579303, 362877.53531621, 38452.78542286885, 762997.0637187853, 118452.33476614105, 1128880.2524526406, 282307.6884611936, 64149.22552705861, 382.31593480161393, 186373.75100128943, 365749.70253408485) 

54863 : 

x <- c(520148.7965964768, 570957.4127040264, 306278.67117744155, 1318511.8477005197, 885525.6789571182, 309391.66906485864, 118855.37493022248, 393157.853439198, 6683.806443155625, 1363908.4343347845, 179985.05191682486, 11254.311195898223, 111752.12830918314, 102999.82514245839, 502196.2206899525) 

68954 : 

x <- c(138308.03418974503, 355654.96545874194, 124563.29828942493, 973686.4636661566, 1548304.6577224168, 108700.06662103672, 618.4312234586602, 591640.7409945454, 146799.31408997168, 1452129.8271835484, 41110.599900075016, 202473.52960310585, 516.163361769908, 148748.15895690356, 284939.6549208277) 

82805 : 

x <- c(263773.4755548318, 339300.3914141613, 281570.6548614004, 920824.9893279725, 891158.2689579303, 362877.53531621, 38452.78542286885, 762997.0637187853, 118452.33476614105, 1128880.2524526406, 282307.6884611936, 64149.22552705861, 382.31593480161393, 186373.75100128943, 365749.70253408485) 

96436 : 

x <- c(130102.68999232464, 395556.82144437585, 118121.43279998127, 1034630.8623994729, 1528824.82853179, 140757.3401484435, 1191.2362122297013, 585768.9646341543, 115611.11707241215, 1320662.3788376434, 90271.67169413809, 271939.318219798, 408.4082362130681, 182339.93158873994, 259979.56533909985) 

109723 : 

x <- c(203322.81098487633, 329265.85881420877, 191067.36062691902, 918752.4262091459, 1243089.447339723, 311934.58288329316, 25274.14355590691, 752878.7652872918, 142717.07964679698, 1359728.6293600784, 124141.92845333864, 281260.64026561275, 319.7338247511262, 149230.1691679883, 335482.12761561276) 

123563 : 

x <- c(126479.30559622913, 475087.24125334265, 118117.89940644393, 1149038.237706103, 1421392.1824916278, 267041.3510745673, 6953.874795088439, 607425.6478394631, 63683.480231518166, 1058107.9280297065, 280147.4852622413, 465891.90102445113, 11524.877225075954, 260133.36626837065, 222715.2475729155) 

137774 : 

x <- c(145415.58435197387, 318854.4631826746, 129842.29482005775, 916427.1071095556, 1574332.7500303495, 78443.32248330466, 158.3611448549879, 594340.6016228416, 181344.46193640484, 1590103.7569153332, 10650.51422076317, 142657.01237102444, 4252.758510778531, 118918.81891542181, 309671.69561218965) 

151376 : 

x <- c(80200.27594426219, 446240.08354257065, 68997.92168698426, 1123849.9436861037, 1817702.409314006, 38315.08911465349, 6476.518732579743, 455075.91438524605, 102357.34904799689, 1327068.5032068857, 49462.47149097712, 240612.62743939887, 1652.4651279232498, 202789.4772307498, 207250.53638957138) 

164841 : 

x <- c(232466.44448974114, 333993.96775094053, 222385.46552823848, 919797.228888432, 1107102.149683891, 467173.5789756584, 50488.013024244516, 830135.5484766928, 126879.8178635288, 1262172.4048105984, 215459.45736413845, 358634.504100258, 11.332946027900627, 163954.9181694838, 347404.46938684525) 

178718 : 

x <- c(160744.2685971615, 340866.2621057918, 147053.1528389718, 945877.8523090038, 1441349.8435610537, 162009.9332081273, 4900.028983218074, 646268.8193313642, 150169.09716956734, 1439029.775644556, 57854.47108200581, 218572.06715597518, 742.3305893753726, 144339.90033643876, 305818.23676901084) 

192362 : 

x <- c(195771.55508445282, 327992.15537880966, 183000.6427231295, 918469.7887966649, 1281243.5995379467, 275296.3065926032, 19935.86820609507, 732620.5149237881, 147162.97070577138, 1386753.1082152927, 103730.79813815709, 261936.50027788806, 558.4247087872428, 145364.5170878106, 332291.54920124554) 

205656 : 

x <- c(217623.78007143177, 331621.3277545427, 206400.4912546892, 919273.7871342123, 1174237.1678293874, 385504.91383859265, 36778.08597737974, 790964.1320327424, 134696.7009442614, 1310586.8416824006, 166589.30484985164, 318702.24546248047, 52.95441126710432, 156492.34156483941, 341406.2525945409) 

218723 : 

x <- c(147156.0318306778, 318076.2701679064, 131592.34763111174, 914801.8539300038, 1565087.8904872087, 82116.43632367002, 269.18117099783683, 598700.6399631273, 181263.9645699328, 1587486.259426807, 11523.183557720726, 144324.4938441393, 4242.3656438746175, 118892.19209147416, 311155.3678022318) 

232112 : 

x <- c(100391.39964623498, 409607.0671307028, 88113.93193727524, 1064080.6844428116, 1714895.2939800303, 59713.082438848964, 1707.4439268619624, 504370.2627196268, 119128.50002938943, 1377906.9212694424, 44773.59336108978, 223541.80517078514, 236.583411018663, 180311.61631978676, 235747.97709040614) 

245707 : 

x <- c(579484.6305522892, 628037.861103667, 311665.9840398554, 1413601.076914697, 884315.5911248174, 232474.1119672111, 242359.613885259, 301891.4061916459, 929.318962525695, 1424050.9138637637, 139836.62468171614, 672.6175823191023, 172374.42616082507, 87529.51321521384, 533815.5291523698) 

259022 : 

x <- c(221409.65823960467, 334243.54601486627, 207546.31003296925, 919859.9198070565, 1333048.3303478393, 3102.8578283088345, 11484.462980160128, 770538.7166793802, 129148.61695831502, 1333678.4276964057, 6550.950960694555, 216962.0447268966, 0.1422004870594612, 162539.8469082964, 347568.7861909205) 

273303 : 

