med: 55.0140582880192/desvio: 14.164317735019674


Funcoes: 

28910 : Expressao: (X1)
56395 : Expressao: ((X1+0.01872025563877644))
84320 : Expressao: (X1)
114888 : Expressao: (((X1-0.5891873083211197)+0.6258366916872049))
142747 : Expressao: (X1)
171290 : Expressao: (X1)
198819 : Expressao: (X1)
229051 : Expressao: ((0.9922306732424035*(X1+0.02893736319921869)))
258041 : Expressao: (X1)
284501 : Expressao: (((X1/X0)*(0.930973359217354*X0)))
313263 : Expressao: ((X1+0.023821492888161933))
342394 : Expressao: ((0.9961737215756469/(0.99822974610808/X1)))
370383 : Expressao: ((0.4568161461161327-(0.44071822019188545-X1)))
398115 : Expressao: (((X1-0.07728918472522717)+0.17788147118636932))
421685 : Expressao: (X1)
441755 : Expressao: (X1)
461538 : Expressao: ((Sin[(X1/0.7871755597427121)]))
481840 : Expressao: (((X1-0.4396224593501743)+0.47090372174471856))
502974 : Expressao: ((0.9776318430115232*(X1/0.9939369191030307)))
523084 : Expressao: (((0.029101351716495194+X1)-0.0))
540763 : Expressao: (((0.9350828746056958*X0)+(X1-X0)))
555900 : Expressao: (X1)
571647 : Expressao: ((0.7092377585465233*(X1/0.754879240634618)))
586917 : Expressao: (X1)
603506 : Expressao: ((1.0-(0.9628306029143955-X1)))
618214 : Expressao: (X1)
632054 : Expressao: (X1)
643084 : Expressao: ((0.3323525347589044-(0.33322444600271195-X1)))
654186 : Expressao: (((X1/0.35244565700653185)*0.34487902515349905))
666195 : Expressao: ((0.9876171404654182*X1))
Erros: 

28910 : 

x <- c(196.0, 10201.0, 2025.0, 2401.0, 729.0, 529.0, 324.0, 4096.0, 100.0, 576.0, 2704.0, 5776.0, 121.0, 9216.0, 3136.0, 2025.0, 1849.0, 144.0, 676.0, 784.0, 1764.0, 121.0, 3969.0, 7569.0, 256.0, 9604.0, 2209.0, 5041.0, 1764.0) 

56395 : 

x <- c(138.16121479044304, 10659.695242669759, 2232.165629093744, 2626.1320300634534, 612.7704116388711, 430.7368126085859, 409.8924225481633, 3813.5812026690087, 149.9596206087336, 473.2452123661572, 2475.4804055781533, 5439.681999759856, 76.63601551772955, 9652.237241457615, 3392.5732317604547, 2232.165629093744, 1660.9048077600116, 95.14441527530182, 797.8252244875931, 663.2788113964424, 1580.3964080024357, 76.63601551773054, 3691.0728029114302, 7183.274397093139, 332.909222063308, 10049.220441942472, 2425.1488295786016, 5364.947235396885, 1580.3964080024402) 

84320 : 

x <- c(196.0, 10201.0, 2025.0, 2401.0, 729.0, 529.0, 324.0, 4096.0, 100.0, 576.0, 2704.0, 5776.0, 121.0, 9216.0, 3136.0, 2025.0, 1849.0, 144.0, 676.0, 784.0, 1764.0, 121.0, 3969.0, 7569.0, 256.0, 9604.0, 2209.0, 5041.0, 1764.0) 

114888 : 

x <- c(92.2235333652462, 11108.462587716867, 2440.033135163034, 2851.2066674883076, 510.9095533081065, 346.0830856333803, 501.61179196743626, 3552.5543792993244, 207.26472731688872, 384.28970255206184, 2266.0749762751457, 5127.033782323503, 43.60368260920077, 10079.495672310286, 3647.760349057537, 2440.033135163034, 1490.2154240070115, 57.810299527883075, 923.9588566179802, 557.1161702267881, 1414.0088070883298, 43.60368260920151, 3434.3477623806425, 6823.30656842899, 416.02502580480166, 10485.082438472922, 2641.619901325677, 5684.6610952773135, 1414.0088070883298) 

142747 : 

x <- c(196.0, 10201.0, 2025.0, 2401.0, 729.0, 529.0, 324.0, 4096.0, 100.0, 576.0, 2704.0, 5776.0, 121.0, 9216.0, 3136.0, 2025.0, 1849.0, 144.0, 676.0, 784.0, 1764.0, 121.0, 3969.0, 7569.0, 256.0, 9604.0, 2209.0, 5041.0, 1764.0) 

171290 : 

x <- c(196.0, 10201.0, 2025.0, 2401.0, 729.0, 529.0, 324.0, 4096.0, 100.0, 576.0, 2704.0, 5776.0, 121.0, 9216.0, 3136.0, 2025.0, 1849.0, 144.0, 676.0, 784.0, 1764.0, 121.0, 3969.0, 7569.0, 256.0, 9604.0, 2209.0, 5041.0, 1764.0) 

198819 : 

x <- c(196.0, 10201.0, 2025.0, 2401.0, 729.0, 529.0, 324.0, 4096.0, 100.0, 576.0, 2704.0, 5776.0, 121.0, 9216.0, 3136.0, 2025.0, 1849.0, 144.0, 676.0, 784.0, 1764.0, 121.0, 3969.0, 7569.0, 256.0, 9604.0, 2209.0, 5041.0, 1764.0) 

229051 : 

x <- c(148.65633300096138, 10547.035117602398, 2254.679076851389, 2686.668264351252, 565.7843664170229, 399.8397768361438, 433.69359760878774, 3725.251773597484, 155.44908982071962, 460.2906056236416, 2464.213804116839, 5482.640275336809, 92.83942937999254, 9463.245756642731, 3366.908842370452, 2252.466132964712, 1615.2543614750275, 90.71244743573526, 805.5640265513672, 645.9495547815584, 1570.7809362632263, 80.2706788061068, 3726.4740939052726, 7316.120020640208, 281.89563301360187, 9783.990688520045, 2369.299540250364, 5334.93063063174, 1552.972205370381) 

258041 : 

x <- c(196.0, 10201.0, 2025.0, 2401.0, 729.0, 529.0, 324.0, 4096.0, 100.0, 576.0, 2704.0, 5776.0, 121.0, 9216.0, 3136.0, 2025.0, 1849.0, 144.0, 676.0, 784.0, 1764.0, 121.0, 3969.0, 7569.0, 256.0, 9604.0, 2209.0, 5041.0, 1764.0) 

284501 : 

x <- c(814.7604545439699, 7308.474776519701, 1329.42702955363, 1898.1277097687703, 843.9133706367477, 724.358357853861, 156.21202379000576, 4659.296488018619, 1.751004809397889, 1023.1347882075761, 3799.8739459273197, 7962.439575291846, 868.9835899266991, 5892.432177570126, 1882.5824861914439, 1314.3691017138267, 2365.8080054218917, 424.6780401754837, 274.3648482246266, 1270.3054737635384, 2659.886856997812, 550.9915811202676, 5811.394499674287, 10937.223477433801, 57.55496746792759, 5702.95733262589, 978.5971851890362, 3425.38516411986, 2457.4147480006804) 

313263 : 

x <- c(124.14913859906797, 10786.43779475039, 2290.366796972355, 2689.2290110993576, 582.8469426863098, 405.7091568133123, 435.0468516150881, 3738.3714620115366, 165.32242336108305, 446.99360328156166, 2414.958104392544, 5349.784819630529, 66.29579919431986, 9772.860027091638, 3464.237885821612, 2290.366796972355, 1611.3980861782998, 83.58024566256923, 832.7712798690932, 632.1313891545592, 1532.1136397100504, 66.29579919431986, 3617.087015543287, 7079.913730781272, 355.61574455158683, 10172.291134155139, 2485.7979040358564, 5454.971188797871, 1532.1136397100504) 

342394 : 

x <- c(208.33964790725724, 10107.726400020349, 2002.1343438939496, 2385.1405796947256, 732.3071966901541, 534.3858036516311, 318.11723797335554, 4112.28297174707, 94.88896172013379, 587.4955144685855, 2734.007634421848, 5836.171842732303, 133.43430365768853, 9106.115163176608, 3093.9954796602997, 2001.5814196208908, 1863.50022156504, 150.23021977848302, 661.4381641822997, 796.8204584616399, 1788.078663961135, 129.3265996612919, 4018.9059577896455, 7660.555776870757, 233.97396910113056, 9472.965853743894, 2165.1349034601735, 4988.288202069943, 1783.0307464376024) 

370383 : 

x <- c(145.65571901244826, 10594.833762229464, 2202.5383672716184, 2593.988038340031, 628.4442880400899, 443.8939591085079, 397.25308755979194, 3852.5348306572237, 142.353745422956, 487.0315413414034, 2506.8838438624775, 5486.18581745197, 82.24297231376173, 9590.521673393941, 3356.0249627097623, 2202.538367271613, 1686.6456037664182, 101.38055454665724, 780.1524296966278, 679.5818702729854, 1605.5080215335227, 82.24297231376173, 3729.397248424328, 7236.699222013821, 321.52825202558296, 9986.24650892815, 2394.263202805822, 5318.96122921633, 1605.5080215335227) 

398115 : 

x <- c(3.7338369323374714, 12784.301644443269, 3256.7207990466413, 3729.2622880035433, 222.9739978224059, 119.51548677930785, 904.0657485875529, 2696.965224971063, 486.982770673749, 142.38011454008236, 1594.5896918417686, 4087.3407581003644, 1.1399536500137202, 11678.624783247142, 4633.209893678121, 3256.7207990466413, 956.808041994798, 0.004581410788230787, 1449.1487265013525, 253.8386255831804, 895.9434142340269, 1.139953650013599, 2594.100597210294, 5614.851663468877, 787.7950041091019, 12114.895527725592, 3488.9915435250923, 6900.240477266494, 895.9434142340269) 

421685 : 

x <- c(196.0, 10201.0, 2025.0, 2401.0, 729.0, 529.0, 324.0, 4096.0, 100.0, 576.0, 2704.0, 5776.0, 121.0, 9216.0, 3136.0, 2025.0, 1849.0, 144.0, 676.0, 784.0, 1764.0, 121.0, 3969.0, 7569.0, 256.0, 9604.0, 2209.0, 5041.0, 1764.0) 

441755 : 

