med: 7.812049747675982/desvio: 0.4058286913383438


Funcoes: 

120469 : Expressao: (((X1*0.5640567990466747)*0.9906557373014083))
244519 : Expressao: (((0.562288598095673*X1)*0.9130950609381862))
370947 : Expressao: ((0.44460912016599685*(X1+0.19831908299107615)))
472376 : Expressao: (((0.9005182262302903*X1)*0.8206641027042485))
555106 : Expressao: (((X1+0.20799361599008082)-(X1*0.48314577046455587)))
623979 : Expressao: (((0.2882677991783512*X1)/0.5185633094862845))
671728 : Expressao: ((0.510892136559171*X1))
708549 : Expressao: (((Sin[X1])+(0.24869804344548152*X1)))
735822 : Expressao: (((0.6666951396519588*X1)*0.7183107580957836))
755676 : Expressao: ((0.6732114017571523*(X1*0.6635431524743629)))
775927 : Expressao: (((Sin[X1])+(X1*0.07223366327472258)))
796788 : Expressao: ((0.5095577403717955*(0.05640012473094125+X1)))
817572 : Expressao: ((X1*0.5489533514158688))
836271 : Expressao: ((0.5921200641613158*X1))
848828 : Expressao: ((0.7586662250917175*(0.7153921248378283*X1)))
861802 : Expressao: (((0.7525944056744378*X1)*0.8065074297915855))
875336 : Expressao: ((1.3225422078284854*(X1*0.4075634410091471)))
881864 : Expressao: (((X1*0.9942756601453602)*0.5116866313175711))
888440 : Expressao: (((X1/0.984711383253084)/1.7220403455097057))
894814 : Expressao: ((0.5632798243170145*(0.996814204644449*X1)))
901102 : Expressao: (((0.022782649209317496*X0)+(X1*0.36958433316487926)))
907483 : Expressao: (((X1*0.6130486440603523)-0.014739269415663435))
914016 : Expressao: (((X1*0.8100378535105104)*0.8142045540673065))
920757 : Expressao: (((X0*X1)*(0.5376214755894911/X0)))
927040 : Expressao: (((X1*0.5111237030404022)/0.8813206441531899))
933963 : Expressao: (((0.5697998528046194*X1)/0.9678250234945417))
940427 : Expressao: ((X1*0.6663556628135995))
947340 : Expressao: (((Sin[X1])+(X1*0.3035452156979147)))
953964 : Expressao: ((0.04139567593315002+(0.6083114564401714*X1)))
960603 : Expressao: (((Sin[X1])+(X1*0.13805359918492888)))
Erros: 

120469 : 

x <- c(39.32495952569489, 4.148414883478686, 6.0572088947301825, 0.028686132471929783, 17.004842940614083, 34.74024297037296, 49.33121606533548, 156.77011459037092, 77.2826394960207, 74.40391030990642, 77.21041738126128, 68.94193350452083, 59.546569568775446, 2.562371361761701, 4.833839138861259, 29.879170706402792, 49.40156668613514, 64.07856311488362, 28.550219468821716, 66.99356344244408, 5.419498339985092, 10.008763663581075, 501.8981472210757, 46.01823840928095, 33.563338567450565, 5.239416913678247, 37.0939698828887, 0.1075093600982869, 6.164524645444652, 37.50751591765702, 11.570508563408664, 112.92305353304994, 78.82865678468004, 62.38371116597423, 96.80610021502844, 1202.230656249008, 138.89810781315654, 156.66085875782898, 39.91263852266454, 20.49089996010742, 6.742399564758445, 4.089502562385816, 2.5334145208829426, 30.206782916289743, 0.20485991949914253, 12.109618304271478, 1164.7998161408295, 3.3254564708901984, 19.784585342863508, 15.014690419022802, 56.44569536667426, 546.5805363528634, 198.7332446705967, 0.011752400603252871, 7.379848437009697, 69.18140912729048, 140.070439762769, 0.5596897208694323, 0.11896641464097382, 37.42297362741485, 0.015823081061007778, 0.3797113662085886, 10.028550934241789, 0.011612818156064733, 26.192784719956133, 9.73328659771709, 6.847453171138046, 14.492323115206176, 1.7519204195948914, 21.83003295689804, 9.394886244791028, 0.5253948134221882, 59.88098760838074, 37.14538348196525, 156.97335816625227, 42.04837243373332, 0.42585841141806935, 28.015546319000066, 22.870297913044457, 212.0201765838841, 75.85141608010512, 81.204343484307, 28.310662465123762, 114.26221956596149, 0.043475740367869296, 7.763834975823755E-5, 16.44082424814652, 0.009341467742687702, 4.843120258183943, 11.727733446063237, 91.25759752172543, 6.27608798010892, 0.06673648564486578, 6.451847354958136, 17.356540612710962, 25.137352235285636, 1.1756233273169017, 13.50447217349209, 77.67717852997642, 0.3310938023676666, 0.08292975732297189, 13.276405050214523, 83.14653366640161, 134.12136876579953, 92.81882621822886, 69.45092501191033, 46.234397569896764, 98.91839441109971, 1.1297717223301393, 14.612595561990561, 1.4537742819223838, 6.191606872188975, 4.893833069597746, 11.834827664332472, 0.025961919999187122, 12.750235631352313, 0.7753380247156269, 3.464393154817653, 8.347281425521086, 19.162467465931307, 43.09067525543187, 2.400467947771162, 109.72367189197493, 20.95008751768878, 11.540931107290664, 65.95229089612292, 98.50857353572182, 127.53157716530481, 107.61437542075397, 72.30942775755769, 33.244545378737904, 46.42288247618508, 0.3075397074353461, 0.2370134011133455, 16.484222308177205, 3.9363929938290596, 3.660141206955137, 12.212341148901752, 1.0925708608437457, 3.165975788573742, 3.2354105035541463, 3.451568408052305, 72.13675652271259, 63.27426609155821, 4.089554027209611, 10.468466693884006, 37.55476277674081, 14.079456346606284, 4.330454185082838) 

244519 : 

x <- c(39.973597837302464, 5.522581440515771, 7.445118795861122, 0.18529039706390835, 18.29500514170968, 38.03144184271097, 55.40529647399587, 170.92973658805687, 93.47351427828798, 90.52913925092794, 93.60463149278051, 84.60201221124196, 73.84488036079965, 0.5788516767867866, 6.7356813081563605, 33.496327629309775, 55.594791901095796, 73.31927765615708, 36.21676309884645, 77.51767895844493, 9.274576378651915, 7.060522670521467, 495.6666740621843, 34.16819016166292, 31.10066798323321, 5.908574962428793, 39.357318818057244, 0.002569302904868166, 7.179796819515536, 40.28267262157559, 14.468197302305118, 121.12222021552377, 91.63081967612072, 75.49538412319774, 81.70371691496733, 1202.182159422553, 104.30555316013331, 165.39205505288743, 30.886963658514432, 19.259595779786164, 7.424442015711638, 4.891448619400833, 3.2014006371310444, 32.247354297716726, 0.01025317109323729, 13.36406090357739, 1147.3848553518712, 0.17512413856738118, 14.02919719029486, 13.572933300122902, 57.49025354011957, 528.9806878692714, 175.5301414333864, 0.07495336267087604, 7.918092473108212, 72.1676062036353, 151.57782730767528, 0.00303045371277904, 0.004892993854332515, 34.82484098968122, 9.56107983547846E-4, 0.48730011893952635, 10.500742900593545, 0.08561404135031388, 25.09725897450728, 8.691311853184791, 6.611032398792774, 15.210925056305346, 1.207378879987352, 21.221624177217468, 10.50030615578167, 0.23798553475322126, 61.43164028213019, 32.35379236574205, 158.20957689591262, 34.6756994591647, 0.3767183693248204, 27.931772055628546, 25.180028521817697, 222.29460466122632, 91.48182516588963, 97.70093292641685, 38.65604158217363, 98.94208687266256, 0.01916596182434485, 0.0014826529466198852, 16.30331478038448, 0.07349061733360193, 5.301820482485525, 12.825899332847298, 95.95814604144846, 9.451393881521774, 0.4760771609373858, 5.230964367758673, 17.139727935026198, 23.418959520629382, 1.474393378501085, 14.41464341944017, 81.87062930732846, 0.0019724961519533403, 3.015469430715666E-4, 14.30223726269206, 87.62751814302767, 147.1421894709057, 109.5467613645938, 85.2997715557088, 59.0084171518999, 83.62029872442234, 1.1369755134080646, 14.232021013331675, 1.124273811221406, 6.324472129596319, 5.475212313015317, 13.045799259165124, 0.17068325414894084, 13.830044918734215, 1.2662685136877878, 2.8378084881954098, 8.430164252239063, 17.964361562536773, 41.51836853158893, 3.1669096427991077, 113.93092739649165, 15.92639509924496, 12.370689224363316, 69.59340033702173, 108.51661696355956, 144.43561735166605, 127.49173363003378, 89.99862436999892, 44.90325084959465, 36.35261293173372, 0.18103793523347356, 0.28495311154866215, 16.879010604193073, 4.818986223631066, 4.499313605052695, 13.67250515630782, 1.735100681076598, 3.915288956371878, 3.9635099307269366, 4.189374635544032, 68.94765175117374, 58.91055163744921, 4.959966207465907, 11.845267709725512, 40.83446755328107, 11.074711279576942, 4.613491169520407) 

370947 : 

