med: 64.41151919475546/desvio: 108.72436085246895


Funcoes: 

138165 : Expressao: ((0.9992169814340514*(0.957074330138862*X1)))
289933 : Expressao: (X1)
425060 : Expressao: (X0)
533691 : Expressao: (X1)
616904 : Expressao: (((Sin[X1])-0.04073656701373241))
674089 : Expressao: (X1)
712604 : Expressao: (X1)
744483 : Expressao: ((0.776498844720327*(X1/0.7751780172479371)))
769216 : Expressao: (X1)
795775 : Expressao: ((X1*0.9456817212190947))
823051 : Expressao: ((0.49858406785115794*(X0+X0)))
841810 : Expressao: ((0.552115301204482+(X1-0.5629701256092391)))
858243 : Expressao: ((1.0944524653142205*(Sin[X1])))
874128 : Expressao: (((X1-0.9815152875974079)+1.0))
882834 : Expressao: ((0.7451347177998457+(X1-0.7101812771011551)))
890986 : Expressao: (X1)
899488 : Expressao: (X1)
908063 : Expressao: (X1)
916106 : Expressao: (X1)
924367 : Expressao: (X1)
932185 : Expressao: (X1)
940412 : Expressao: (((Sin[X1])/0.9307075137086803))
948035 : Expressao: (((X1+X1)*0.5141724755054928))
956026 : Expressao: (((X1+X0)+(0.03564731101656249-X0)))
962207 : Expressao: ((Sin[(X1/0.934569221461039)]))
965838 : Expressao: (X1)
969469 : Expressao: (((X1*0.7721138822331317)+(0.22273440488937746*X1)))
973100 : Expressao: (X1)
976731 : Expressao: (X1)
980362 : Expressao: (X1)
Erros: 

138165 : 

x <- c(450.859384789319, 40.048580104760006, 726.0601124578723, 894.9557547896212, 21.244240758774787, 806.9263950537978, 187.0769919159912, 1088.590675334369, 327.93378458943147, 0.39481458815355147, 116.61876225263859, 1384.781062165232, 384.88259443108194, 17.859200545690573, 1.1070660172906863, 1219.4831580960504, 181.92833354155695, 25.377675067851953, 0.08769073652292639, 35.57259025006768, 524.3864283261047, 21.83551359265381, 73.00004138418701, 244.09521675111316, 509.99084227120096, 671.0705687304967, 243.61162218167473, 429.81499766706855, 221.97377835666848, 31.065003116340012, 342.6297808436878, 4.035798001222058, 73.59049591459895, 293.0143547847863, 52.40865525633411, 215.29681531202422, 32.651774049831545, 481.91953732736164, 454.395574452892, 686.8382984207345, 893.9803253899668, 662.1131412427422, 906.9013351920329, 907.3508022135485, 526.9622940444639, 1591.4632390012182, 184.75837396520384, 1121.8490666938794, 564.9005590532281, 903.0842170891362, 308.1609079054226, 2320.8808978275765, 256.4018111433674, 48.50904841133792, 357.9086991412154, 687.4961332482302, 1801.7608756091338, 160.16261248324503, 490.83368428858483, 41.036272412015855, 458.8739671406153, 144.76777590666092, 2018.0218691013222, 1.2373892444333354, 233.09494808933158, 96.07823891168188, 0.0545981857522601, 1117.0850639235741, 573.5598547912516, 1488.1062585899438, 1205.176880738117, 1461.801339799417, 1083.794448051337, 747.3298369061645, 323.007610954592, 350.1752134591315, 2250.449476542735, 170.58792418773817, 152.2293810505715, 1741.2501665911648, 607.4918217528759, 4.713471270547079, 722.6522025703489, 512.9656478291855, 11.851146205801838, 735.9117798315418, 2879.5718535284327, 549.6384845630448, 1255.5371884028968, 102.39303864561329, 1.001663951055921, 3946.881030733774, 1318.999725349937, 1708.3607027289966, 691.6002220100264, 192.16634104380236, 2626.4385874793643, 1149.060460393445, 363.9325540942148, 5.34889930407858, 1108.862300561465, 2011.955785044511, 933.2531160778778, 311.9556908849129, 1478.8130287276247, 1533.874657232634, 1569.9989425941121, 1855.8795227020692, 1124.0126509569427, 746.8683146738725, 390.2245948830157, 2664.038758876677, 296.7530210896839, 2918.8157725872234, 1499.2296181576235, 1043.3753866439313, 207.93895566101477, 2530.9726752034276, 1068.0012317148714, 923.4122790144306, 1577.3892417128225, 2374.474313003947, 385.61539159268546, 529.6263355723238, 1739.8405860532957, 3911.8319556285724, 2720.7236390047665, 1528.5891976146277, 1076.5066972794962, 3813.3429290355725, 555.7731989222626, 351.5109271701445, 2211.4611754841494, 505.78012881091496, 687.7855012249487, 232.55106363304446, 946.9182276188047, 0.8085011792724499, 106.49514668718074, 2675.7705983319897, 354.5842360182319, 2912.965561227648, 2127.8888676456636, 1119.3712098631481, 1392.9536428573565, 1790.3955746770303, 282.63279958350864, 1871.2343667101, 2709.2042192780164, 1610.9012738723518, 188.12930614166385, 173.68200224714948, 2387.494627928875, 656.0156347428203, 92.8010135905329, 191.9831684712989, 7117.028223420275, 1613.0085250736377, 925.9743742610344, 750.7439531335538, 52.33357089082993, 4485.089780167678, 3877.258356059472, 1574.0659232884288, 1067.4784733873032) 

289933 : 

x <- c(198.24639999999954, 2.0735999999999937, 370.1776000000003, 456.6769000000002, 23.716900000000045, 366.33959999999945, 565.4884000000014, 572.6449000000003, 64.0, 96.62889999999969, 0.592899999999972, 737.1225000000019, 70.05690000000007, 250.9056000000028, 97.41689999999896, 596.8249000000003, 3.7249000000000265, 278.2224000000002, 125.66409999999954, 19.891600000000324, 160.5289000000004, 37.33210000000017, 363.2836000000001, 35.28359999999997, 159.7696000000011, 237.46809999999903, 19.71359999999998, 87.79690000000008, 711.2888999999979, 261.7924000000002, 807.1281000000014, 44.2224999999997, 0.0440999999999914, 76.38760000000016, 2.3103999999999445, 35.760399999999535, 10.497600000000059, 172.65960000000115, 142.32490000000016, 265.6899999999985, 371.71840000000117, 203.63290000000111, 325.080899999999, 297.5625, 87.04889999999864, 668.7396000000007, 2.4648999999998003, 338.55999999999915, 61.93690000000007, 190.7160999999985, 0.5041000000000516, 979.6899999999971, 4.972899999999574, 630.5121000000007, 3.496900000000017, 82.62809999999851, 621.0064000000036, 35.52160000000043, 1641.0600999999992, 103.63239999999898, 27.87839999999971, 18.835600000000277, 825.9876000000005, 344.1024999999983, 1.8496000000000372, 695.3769000000002, 244.92249999999927, 349.3160999999978, 70.55999999999962, 513.4756000000037, 317.19609999999807, 422.30249999999813, 205.63560000000092, 66.09689999999992, 2.5280999999997396, 0.6084000000001348, 782.880400000001, 58.06440000000007, 64.16009999999986, 472.1929000000008, 13.690000000000337, 541.9584000000041, 46.10410000000105, 5.107599999999959, 572.6449000000031, 2168.764899999994, 5050.944900000007, 83.53959999999975, 429.73290000000077, 30.1401000000001, 267.97690000000017, 2320.3489000000072, 382.5935999999979, 562.6384000000013, 58.52249999999965, 26.214400000000047, 1055.6001000000006, 188.23840000000075, 2.8900000000001547, 338.19209999999947, 179.55999999999938, 593.8969000000002, 81.0, 18.318399999999766, 278.8900000000015, 278.2224000000021, 269.2880999999952, 366.7225000000035, 76.73759999999984, 4.752400000000278, 30.1401000000001, 708.0920999999947, 79.92360000000097, 798.0625, 137.12410000000085, 22.84839999999974, 177.15609999999856, 536.3856000000038, 20.430399999999835, 4.12089999999989, 127.01289999999959, 391.64409999999856, 2444.3136000000054, 21.436899999998904, 203.6328999999995, 1188.8704000000012, 510.30809999999633, 72.93159999999938, 3.5344000000004105, 944.9476000000005, 77.08839999999952, 2572.5184000000027, 298.2528999999994, 2809.0, 3.8809000000001075, 165.37959999999742, 3401.222400000019, 670.8099999999929, 183.60249999999877, 809.4024999999897, 32.37609999999803, 882.0899999999892, 422.7136000000071, 48.86010000000013, 111.30249999999904, 227.4063999999978, 122.76639999999838, 251.22249999999713, 573.6025000000021, 120.7801000000002, 253.1281000000026, 1773.2520999999915, 473.9328999999992, 5.90490000000031, 1411.5048999999951, 154.75360000000137, 3435.132100000015, 140.42249999999785, 2.5600000000004366, 2.25, 466.5600000000059, 1527.2463999999943, 1067.3289000000048, 74.82250000000157, 1.6128999999999538) 

425060 : 

