med: 672.3459128702351/desvio: 15.697552026195803


Funcoes: 

37548 : Expressao: ((0.7646582700278083*(X1*0.9029359700258424)))
72398 : Expressao: (((0.6930467757953257*X1)-0.0))
109100 : Expressao: ((Sin[(0.9086673572312711*X1)]))
143168 : Expressao: ((0.1440168239932419*(X1/0.17959656200346952)))
180170 : Expressao: ((Sin[(X1*0.9099063531947733)]))
215338 : Expressao: ((0.9995227367031719*(X1*0.7071566557235041)))
251430 : Expressao: ((1.1782486094347615*(0.6587990362687166*X1)))
288538 : Expressao: ((Sin[(X1*0.7423545435625837)]))
323325 : Expressao: ((Sin[(0.8432345415824423*X1)]))
357167 : Expressao: (((0.6492463815972281*X1)-0.09398321742929881))
395625 : Expressao: (((0.7364650820784694*X1)-0.06448471171374362))
426174 : Expressao: ((Sin[(X1*0.9087690568414724)]))
453094 : Expressao: ((Sin[(0.9720321710664596*X1)]))
479819 : Expressao: ((1.4514753435919254*(X1*0.5258963252693858)))
506090 : Expressao: ((0.94452838067431*(X1*0.7694451670756284)))
532113 : Expressao: (((0.5993461190567656*X1)/0.8541826755595572))
551145 : Expressao: (((0.7985394826875098*X1)/0.9758369057620556))
570289 : Expressao: ((Sin[(0.8556419674776361*X1)]))
589305 : Expressao: (((0.6962041212441462*X1)-0.0))
608917 : Expressao: ((0.9559980304612944*(Sin[X1])))
628614 : Expressao: (((X1-0.1223187462903329)/1.3784726848321056))
642606 : Expressao: ((1.2562710738736609*(X1*0.6503135983991472)))
657605 : Expressao: ((X1*0.729670053037155))
669691 : Expressao: ((Sin[X1]))
679272 : Expressao: (((X1*0.26272898278042434)+(0.5789461471403151*X1)))
688842 : Expressao: ((Sin[(0.9304546744816105*X1)]))
697932 : Expressao: (((0.01838301359346972+X1)-(X1*0.2975382723834853)))
707227 : Expressao: ((0.9532129999038266*(X1*0.8514851426896116)))
717349 : Expressao: (((0.8322338296217742*X1)*0.780260794629854))
727251 : Expressao: ((Sin[(X1*0.6997861556635875)]))
Erros: 

37548 : 

x <- c(82801.94586672868, 695633.8245724007, 61763.247545109356, 17248.92404836563, 880.0992993338239, 248518.84952781044, 312942.88091056317, 2264674.5567549095, 13616.156817617566, 410743.26641822857, 121979.5529084623, 32960.66507627394, 33463.96957007794, 970090.2528639847, 495898.7071752362, 843254.0777427725, 73874.50345082566, 169506.0740747943, 144985.44312947174, 1499133.0511146225, 244157.21360240248, 242844.0910673145, 176580.83173313612, 37.89502224262618, 388308.33052569104, 1737926.565056491, 147484.72712452244, 80572.09459658667, 12364.636113177772, 285107.17773334845, 146993.10614857796, 1400118.594537428, 172806.22131189686, 542127.3099826364, 164091.7158548247, 68802.75954373986, 1020276.2270052459, 1260051.332595038) 

72398 : 

x <- c(82367.12732775262, 693511.6621272207, 63291.22441259233, 16867.283934383908, 962.1118198865986, 247666.43111412306, 310830.10032457585, 2273006.351111071, 14090.986271009879, 412139.35780636844, 121337.12635011124, 32401.28320400159, 32902.20801914796, 967055.2194060097, 490792.92181639484, 851256.4983793882, 73545.8875845395, 168579.29933246563, 143578.1623461733, 1504703.1931946801, 245766.51951761334, 242679.69488605502, 175405.32060634386, 67.56342184936705, 386554.46436247823, 1731081.5252595297, 151532.3238961147, 79096.2075320061, 12936.85673889539, 283543.48555412114, 145154.27556778528, 1406423.8190482403, 173847.05906204105, 541800.9977312334, 162415.54132781236, 67503.14746199524, 1015427.4911859242, 1250427.8428237936) 

109100 : 

x <- c(53665.130408016244, 579514.0194116777, 7658.611772519291, 3562.092274922071, 10509.578928432165, 191241.73230608343, 258708.8989819678, 2015276.9602989226, 24349.161788747184, 505143.4636320071, 81298.24258663839, 12532.085444769766, 12808.554306380076, 837545.0678027881, 1130257.8041786498, 56491.96064480685, 50565.67060630668, 116241.09823395025, 106894.12292716424, 1518798.1097279305, 314681.84437555366, 229361.4854510958, 120907.20228379405, 1649.1674834641233, 303303.29995585134, 1868744.3389378209, 622215.019356178, 112385.10808873683, 5381.18848281399, 213812.10499637568, 156991.4420852535, 1257636.7509045564, 238466.07147949384, 515436.6984878087, 138216.354241157, 83993.19092155508, 1045451.3195784313, 3157594.6888910355) 

143168 : 

x <- c(65249.06538695655, 607876.880937793, 143661.3116516849, 4751.132636078084, 7637.383985896082, 213413.61728772445, 229073.73924817884, 2634183.925277667, 41147.6544401247, 472485.4009906628, 96050.31221630637, 13332.412195187702, 13705.348994246677, 844689.3830180527, 301349.8961569974, 1218733.6931452556, 60490.72873543694, 132183.49235525262, 90989.61308615055, 1746255.3866010816, 317605.77067139244, 235871.73390401193, 129867.9407662057, 8894.056541262484, 316931.0273733062, 1457583.160799505, 369184.5431110861, 29685.44095576604, 48336.75133257568, 222146.95280069762, 78761.05718347582, 1682056.7105758581, 220048.20718646047, 528276.8662316598, 100162.20527591548, 24330.852262922952, 823458.0525749702, 881862.0294075051) 

180170 : 

x <- c(53512.34813082082, 578800.6476858269, 7640.911176982831, 3503.7257959217527, 10608.232616992622, 190923.35193765172, 258227.58571940864, 2015596.189735479, 24489.42442697673, 505756.30044824386, 81078.89768584704, 12421.41844833979, 12696.70613791608, 836638.8833416511, 1131622.2420179923, 55815.658090939236, 50443.269355541284, 115941.1822511408, 106581.02285123768, 1519711.5737736172, 315238.6022935813, 229285.91991236497, 120569.6525053273, 1684.8801345018894, 302767.66864983365, 1868155.7070670119, 625928.5274682972, 112245.80222616969, 5417.292485123961, 213357.93703262397, 156742.19666393692, 1258037.238160173, 238920.23388636188, 515286.6732322631, 137893.38660860065, 83834.26017169846, 1044805.5269192685, 3162458.433752223) 

215338 : 

x <- c(80091.0551999754, 682364.2827989786, 71665.45581299755, 14923.666389972665, 1455.509212566992, 243191.5009884577, 299797.0930254898, 2317236.290996394, 16732.041754498172, 419547.38314786955, 117974.40533878395, 29528.101270780917, 30015.931584021208, 951114.6401235599, 464281.56922215834, 894120.6424826299, 71823.54017108082, 163729.73486560292, 136264.0336815158, 1534274.3803229574, 254348.26506974373, 241812.90926712708, 169265.8400733434, 365.2978236756619, 377363.06743048085, 1695176.1557313756, 173803.9759993856, 71532.29004808371, 16171.570679608103, 275361.3248183456, 135640.4148989534, 1439938.4470580192, 179392.53718072607, 540080.2999690901, 153711.01018843317, 60848.906701493404, 990026.4800791555, 1200244.8242866404) 

251430 : 

x <- c(69105.4823816262, 627558.4443208276, 121786.0460092842, 6938.452394284555, 5490.959193123107, 221259.70806384864, 247227.3110245828, 2546632.3791597965, 33492.91439834126, 457886.5567237195, 101746.19019087417, 17077.736687289264, 17485.902896021173, 872793.6764252293, 341872.42474438454, 1126170.811811902, 63453.86247581626, 140366.1378377326, 102312.34901519229, 1687686.43035697, 299839.8453985004, 237468.09399485492, 139988.70244983333, 5477.707594639725, 332723.566894672, 1519947.4983510925, 309280.38857738726, 39196.22410897698, 37961.72225088173, 235948.12262017236, 92599.9857986852, 1614851.2818199503, 208665.65030910846, 531449.9977269883, 113490.52417474306, 32566.940643942213, 866907.5210285389, 962974.4713842714) 

288538 : 

x <- c(76521.23951804948, 684309.8374672788, 5147.781890829296, 16928.18722798444, 1187.1193905767957, 237325.3528282995, 337987.2596437619, 1906655.1938213164, 7207.995012979254, 423714.91294514, 114238.4011383023, 33763.0015666344, 34189.59333307907, 973980.0609286847, 1034535.6697383663, 145163.0609720283, 68523.5274675839, 161743.941986754, 159966.39969155748, 1363853.6003869614, 238432.06239504938, 239625.0091745153, 173831.47379453367, 880.1922755450199, 384540.35235018894, 2006358.5801932493, 264852.83409128076, 147392.19807129752, 434.7109822903777, 284002.604152203, 207499.97375128776, 1157280.2202900997, 178960.63076228643, 535798.350217563, 195221.34627547688, 119147.12381681979, 1170482.5924001867, 2693797.3528628023) 

323325 : 

