med: 1420.7861587834138/desvio: 257.5286450390098


Funcoes: 

1 : Expressao: ((Sin[X1]))
2 : Expressao: ((Sin[X1]))
3 : Expressao: ((Sin[X1]))
4 : Expressao: ((Sin[(Sin[X1])]))
5 : Expressao: (X1)
6 : Expressao: (X1)
7 : Expressao: ((Sin[X1]))
8 : Expressao: ((Sin[((X0+X1)-(Sin[X0]))]))
9 : Expressao: (X1)
10 : Expressao: ((Sin[(0.6199903711054656*(X1/0.643004662830038))]))
11 : Expressao: ((Sin[X1]))
12 : Expressao: ((Sin[X1]))
13 : Expressao: ((Sin[(X1-0.07595605733056388)]))
14 : Expressao: ((Sin[((Tan[X1])*0.7860184938860295)]))
15 : Expressao: ((Sin[X1]))
16 : Expressao: (X1)
17 : Expressao: ((Sin[(Tan[(Sin[X1])])]))
18 : Expressao: ((Sin[X1]))
19 : Expressao: ((Sin[((Sqrt[Abs[X1]])*(X0/0.5902883694476985))]))
20 : Expressao: ((Sin[X1]))
21 : Expressao: (((Sin[X1])-0.017074460271121705))
22 : Expressao: ((Sin[X1]))
23 : Expressao: ((Sin[X1]))
24 : Expressao: (X1)
25 : Expressao: ((Sin[X1]))
26 : Expressao: ((Sin[X1]))
27 : Expressao: ((Sin[X1]))
28 : Expressao: ((Sin[(X1-0.08724683971542835)]))
29 : Expressao: (X1)
30 : Expressao: ((Sin[X1]))
Erros: 

1 : 

x <- c(3151356.782270319, 45803.67970503892, 353358.0442671215, 1617569.8991977393, 204828.84103194866, 1723283.690275959, 3860576.196386983, 2032376.093408521, 1397049.7679054022, 5876823.416889586, 1446850.9582012272, 2407.7585120093377, 9476531.464667283, 5695473.454073219, 58662.52764369054, 1477430.921129645, 228858.5190788874, 1310613.1082682046, 2540582.615742065, 649450.6877576476, 258740.26376011648, 743893.0043198107, 275342.0543289295, 351850.1832416428, 3680781.5990663944, 121686.14737249952) 

2 : 

x <- c(3151356.782270319, 45803.67970503892, 353358.0442671215, 1617569.8991977393, 204828.84103194866, 1723283.690275959, 3860576.196386983, 2032376.093408521, 1397049.7679054022, 5876823.416889586, 1446850.9582012272, 2407.7585120093377, 9476531.464667283, 5695473.454073219, 58662.52764369054, 1477430.921129645, 228858.5190788874, 1310613.1082682046, 2540582.615742065, 649450.6877576476, 258740.26376011648, 743893.0043198107, 275342.0543289295, 351850.1832416428, 3680781.5990663944, 121686.14737249952) 

3 : 

x <- c(3151356.782270319, 45803.67970503892, 353358.0442671215, 1617569.8991977393, 204828.84103194866, 1723283.690275959, 3860576.196386983, 2032376.093408521, 1397049.7679054022, 5876823.416889586, 1446850.9582012272, 2407.7585120093377, 9476531.464667283, 5695473.454073219, 58662.52764369054, 1477430.921129645, 228858.5190788874, 1310613.1082682046, 2540582.615742065, 649450.6877576476, 258740.26376011648, 743893.0043198107, 275342.0543289295, 351850.1832416428, 3680781.5990663944, 121686.14737249952) 

4 : 

x <- c(3247932.328857742, 145841.84493063414, 547334.6731424184, 2131814.873967408, 368029.3999177889, 2214741.2757059424, 4482112.965254534, 2177300.438029208, 1883425.8223761301, 6713233.196483208, 1457503.1994960292, 47267.86543179175, 1.0208316347183205E7, 5693265.587268769, 2773.3922231645256, 1661275.327628359, 79249.82104061008, 1403252.0815446111, 3210316.214091963, 809365.7855393076, 491786.7896711205, 1109180.478063998, 107252.25125962315, 312705.93812281016, 3681150.086168729, 22234.108493063864) 

5 : 

x <- c(3041937.133225001, 1025470.1490250004, 104486.6835360001, 611943.2238240001, 812529.171216, 833189.2352639999, 353790.6088089999, 812529.1712160008, 44201.278081, 1408921.5204000012, 4234228.060175999, 98349.97766400011, 8346592.568209, 3626826.9629290025, 1504056.959999998, 1243555.0619039992, 1782289.0805759998, 1202864.949504, 955731.0882249996, 1147784.3944089995, 645.3632159999767, 122167.0265759996, 1884283.326864, 401129.68910399993, 3680412.0336, 1218286.1375999996) 

6 : 

x <- c(3041937.133225001, 1025470.1490250004, 104486.6835360001, 611943.2238240001, 812529.171216, 833189.2352639999, 353790.6088089999, 812529.1712160008, 44201.278081, 1408921.5204000012, 4234228.060175999, 98349.97766400011, 8346592.568209, 3626826.9629290025, 1504056.959999998, 1243555.0619039992, 1782289.0805759998, 1202864.949504, 955731.0882249996, 1147784.3944089995, 645.3632159999767, 122167.0265759996, 1884283.326864, 401129.68910399993, 3680412.0336, 1218286.1375999996) 

7 : 

x <- c(3151356.782270319, 45803.67970503892, 353358.0442671215, 1617569.8991977393, 204828.84103194866, 1723283.690275959, 3860576.196386983, 2032376.093408521, 1397049.7679054022, 5876823.416889586, 1446850.9582012272, 2407.7585120093377, 9476531.464667283, 5695473.454073219, 58662.52764369054, 1477430.921129645, 228858.5190788874, 1310613.1082682046, 2540582.615742065, 649450.6877576476, 258740.26376011648, 743893.0043198107, 275342.0543289295, 351850.1832416428, 3680781.5990663944, 121686.14737249952) 

8 : 

x <- c(2857387.1739357733, 50555.814340676414, 391918.9525762168, 1552455.2611582044, 535426.1716843888, 2618674.1090051876, 4772632.254236212, 7389021.461535951, 8873930.084425388, 9362208.38646792, 5592504.276094576, 4099260.849168064, 8541720.218826145, 6613690.775868401, 4539657.670114988, 722390.9481685081, 215394.80191911059, 434898.9114397116, 2530370.177971408, 1680519.663155813, 2105019.3075633342, 772916.5456808353, 139936.0584255804, 1210615.1724333528, 3528887.5584004624, 121684.30449495968) 

9 : 

x <- c(3041937.133225001, 1025470.1490250004, 104486.6835360001, 611943.2238240001, 812529.171216, 833189.2352639999, 353790.6088089999, 812529.1712160008, 44201.278081, 1408921.5204000012, 4234228.060175999, 98349.97766400011, 8346592.568209, 3626826.9629290025, 1504056.959999998, 1243555.0619039992, 1782289.0805759998, 1202864.949504, 955731.0882249996, 1147784.3944089995, 645.3632159999767, 122167.0265759996, 1884283.326864, 401129.68910399993, 3680412.0336, 1218286.1375999996) 

10 : 

x <- c(3225613.1710482873, 35243.335382211175, 381400.040971968, 1653205.801544835, 175712.72022614506, 1771136.2553567914, 3726998.8251919467, 1800075.8532650413, 1368936.829300924, 5747229.068325985, 1168017.1284503776, 4729.38474582001, 9632735.013863623, 5014366.397320043, 64951.74844368365, 1539955.1346243958, 234171.38589032128, 1363472.630190126, 2564604.602127306, 553908.9265518577, 270817.9192119059, 766113.7581250953, 280656.12282601144, 326200.3430136026, 3694110.27752794, 121625.21903653337) 

11 : 

x <- c(3151356.782270319, 45803.67970503892, 353358.0442671215, 1617569.8991977393, 204828.84103194866, 1723283.690275959, 3860576.196386983, 2032376.093408521, 1397049.7679054022, 5876823.416889586, 1446850.9582012272, 2407.7585120093377, 9476531.464667283, 5695473.454073219, 58662.52764369054, 1477430.921129645, 228858.5190788874, 1310613.1082682046, 2540582.615742065, 649450.6877576476, 258740.26376011648, 743893.0043198107, 275342.0543289295, 351850.1832416428, 3680781.5990663944, 121686.14737249952) 

12 : 

x <- c(3151356.782270319, 45803.67970503892, 353358.0442671215, 1617569.8991977393, 204828.84103194866, 1723283.690275959, 3860576.196386983, 2032376.093408521, 1397049.7679054022, 5876823.416889586, 1446850.9582012272, 2407.7585120093377, 9476531.464667283, 5695473.454073219, 58662.52764369054, 1477430.921129645, 228858.5190788874, 1310613.1082682046, 2540582.615742065, 649450.6877576476, 258740.26376011648, 743893.0043198107, 275342.0543289295, 351850.1832416428, 3680781.5990663944, 121686.14737249952) 

13 : 

x <- c(3457961.535729663, 34305.525946799346, 409784.15001995437, 1676282.060602942, 174004.84124083954, 1807102.0085447873, 3719465.708159326, 1830746.8126901512, 1364528.898557613, 5735283.146512886, 1236271.3169000475, 7136.6339095699095, 9825831.223549152, 5249384.1525526885, 65962.18074360969, 1652407.3295642613, 234860.40240951822, 1500792.2640210157, 2578424.4310869216, 559237.9619009793, 278273.2916745291, 780096.5251151293, 281287.35214518104, 261208.9326853193, 4057155.3432703004, 120979.71332860926) 

14 : 

