med: 33.83120188069412/desvio: 4.532319926155525


Funcoes: 

1 : Expressao: (X1)
2 : Expressao: ((X1*0.6931850046814529))
3 : Expressao: (X1)
4 : Expressao: (((Sin[X1])/0.9073872921623197))
5 : Expressao: (X1)
6 : Expressao: ((X1*0.8136396846887668))
7 : Expressao: (X1)
8 : Expressao: ((0.9408444977557272*X1))
9 : Expressao: (X1)
10 : Expressao: ((X1*0.8332762591951708))
11 : Expressao: ((1.1966729748515668*((Sin[X1])*0.8875866539173161)))
12 : Expressao: (((X1*0.46976573215842043)/(Sqrt[Abs[X0]])))
13 : Expressao: ((X1*0.6713083764390428))
14 : Expressao: (X1)
15 : Expressao: (((Sin[X1])+(X1-X0)))
16 : Expressao: ((Tan[(Sin[(X1*0.7857688691457514)])]))
17 : Expressao: (X1)
18 : Expressao: (X1)
19 : Expressao: ((X1*0.9257973732974992))
20 : Expressao: ((0.9526645270832153*X1))
21 : Expressao: (X1)
22 : Expressao: (X1)
23 : Expressao: (X1)
24 : Expressao: (X1)
25 : Expressao: (X1)
26 : Expressao: (X1)
27 : Expressao: (X1)
28 : Expressao: (X1)
29 : Expressao: ((X1+0.0036272241270605132))
30 : Expressao: ((Sin[(Tan[(Sin[X1])])]))
Erros: 

1 : 

x <- c(852.6400000000002, 210.2500000000001, 102.00999999999996, 29.159999999999986, 8.999999999999957, 750.7600000000003, 1900.96, 1204.0900000000001, 23.04000000000011, 432.6399999999999, 441.0, 412.08999999999986, 285.60999999999996, 204.48999999999992, 44.890000000000036, 556.96, 3528.3599999999988, 3481.0, 234.0899999999995, 2.560000000000073, 2580.639999999998, 210.25, 1436.4100000000005, 309.76000000000005, 90.24999999999987, 1128.9599999999996, 10753.689999999997, 2352.25, 29.159999999999755, 665.6400000000006, 2180.8900000000003, 3410.56, 268.96, 92.1600000000001, 313.28999999999996, 24.010000000000055, 1017.6099999999999, 2190.24, 146.4100000000002, 0.16000000000000456, 1.0, 1436.4100000000005, 5.290000000000052, 954.8100000000004, 12.25, 361.0, 8.409999999999991, 222.00999999999996, 4225.0, 3956.4100000000008, 0.49000000000002386, 201.63999999999967, 605.1599999999997, 2430.490000000001, 428.48999999999984, 783.9999999999998, 20.250000000000032, 249.64000000000001) 

2 : 

x <- c(583.1307018652969, 338.8212275514874, 340.62078512988774, 284.0824657868844, 102.24338405915718, 231.3105759528314, 1585.2842961117199, 1961.8488176775043, 238.37022211445523, 4.134996385315675, 74.22203209648892, 206.16180856185815, 295.38197840246664, 390.926198027724, 274.21068525377865, 136.53995919702712, 2994.9203334569625, 5263.600592064053, 267.412784192855, 643.0530821805017, 592.0663063175524, 13.0943704049866, 990.1992681012965, 519.644858814252, 403.8357157789429, 403.5917646053783, 10099.96403595195, 5946.7683061684, 1451.2914687637797, 257.2501175223763, 163.24682990648546, 1505.8333463039996, 216.7686221231637, 167.8276258848701, 576.012200200328, 46.660915927073496, 469.697858330808, 2149.2414630015624, 676.9807646180398, 296.91823266649163, 272.53352619737103, 428.4165400118251, 61.99178414374638, 606.1857308615312, 44.909066428934295, 541.738435653977, 169.12378555621197, 15.252745927609459, 3431.2672524428394, 5840.0155636723675, 1031.608174609456, 338.70306542843775, 13.30144274187602, 817.9905783454127, 228.81142127440583, 828.1493554822808, 192.33263290996106, 25.511877685630047) 

3 : 

x <- c(852.6400000000002, 210.2500000000001, 102.00999999999996, 29.159999999999986, 8.999999999999957, 750.7600000000003, 1900.96, 1204.0900000000001, 23.04000000000011, 432.6399999999999, 441.0, 412.08999999999986, 285.60999999999996, 204.48999999999992, 44.890000000000036, 556.96, 3528.3599999999988, 3481.0, 234.0899999999995, 2.560000000000073, 2580.639999999998, 210.25, 1436.4100000000005, 309.76000000000005, 90.24999999999987, 1128.9599999999996, 10753.689999999997, 2352.25, 29.159999999999755, 665.6400000000006, 2180.8900000000003, 3410.56, 268.96, 92.1600000000001, 313.28999999999996, 24.010000000000055, 1017.6099999999999, 2190.24, 146.4100000000002, 0.16000000000000456, 1.0, 1436.4100000000005, 5.290000000000052, 954.8100000000004, 12.25, 361.0, 8.409999999999991, 222.00999999999996, 4225.0, 3956.4100000000008, 0.49000000000002386, 201.63999999999967, 605.1599999999997, 2430.490000000001, 428.48999999999984, 783.9999999999998, 20.250000000000032, 249.64000000000001) 

4 : 

x <- c(921.5850453226467, 180.71490826549677, 93.1432590008061, 55.78655074249948, 1.7791698012033286, 595.8342825190526, 1992.57276875901, 1225.6091466439336, 321.9980284296855, 9.456518353441941, 314.8854729055325, 459.18550639054547, 282.398922890403, 172.744542987615, 52.030500604883144, 439.7766261238784, 3665.114697944194, 4102.73773385827, 4368.504558176862, 2692.052220686225, 0.001255689466776124, 170.49878090122363, 1518.3597200423505, 270.2800842837041, 113.61352471892326, 818.8427508017209, 10947.689495972647, 12395.350009231877, 24158.512458804875, 15405.915331311315, 2449.5875733674625, 1438.7495290250386, 286.9153042089553, 74.61288924981567, 276.01028607760935, 6.255547174231912, 965.9023104218682, 2203.9317159378334, 316.65963958869116, 193.06587236056532, 167.62045053324923, 615.2245172609154, 1.3151860552648218, 1023.3242535717619, 6.5986970424007145, 320.249552462439, 13.069092883419081, 177.95630311021196, 4364.940334156397, 4610.5096063337105, 7781.76190823114, 5375.156976722177, 1303.5505086603266, 617.7949562799878, 477.5616677560999, 769.6880116093722, 21.605935470384534, 209.99341625554544) 

5 : 

x <- c(852.6400000000002, 210.2500000000001, 102.00999999999996, 29.159999999999986, 8.999999999999957, 750.7600000000003, 1900.96, 1204.0900000000001, 23.04000000000011, 432.6399999999999, 441.0, 412.08999999999986, 285.60999999999996, 204.48999999999992, 44.890000000000036, 556.96, 3528.3599999999988, 3481.0, 234.0899999999995, 2.560000000000073, 2580.639999999998, 210.25, 1436.4100000000005, 309.76000000000005, 90.24999999999987, 1128.9599999999996, 10753.689999999997, 2352.25, 29.159999999999755, 665.6400000000006, 2180.8900000000003, 3410.56, 268.96, 92.1600000000001, 313.28999999999996, 24.010000000000055, 1017.6099999999999, 2190.24, 146.4100000000002, 0.16000000000000456, 1.0, 1436.4100000000005, 5.290000000000052, 954.8100000000004, 12.25, 361.0, 8.409999999999991, 222.00999999999996, 4225.0, 3956.4100000000008, 0.49000000000002386, 201.63999999999967, 605.1599999999997, 2430.490000000001, 428.48999999999984, 783.9999999999998, 20.250000000000032, 249.64000000000001) 

6 : 

x <- c(682.8532505035396, 284.7042755394516, 230.29296888385227, 152.71141211435128, 24.641212601182243, 399.80359796672855, 1705.8025018848123, 1642.411121786988, 56.15066401547356, 88.38171230292987, 181.64164225583883, 278.5900157398681, 291.52592958615656, 310.59197303544624, 160.9998659294696, 267.74166989290626, 3199.1373399612294, 4519.969684949505, 15.413306430876634, 218.29074300138527, 1205.722210922438, 62.261804167490894, 1155.5131382451546, 430.80719653734747, 253.95090133920624, 644.8420307034385, 10354.170909697392, 4340.3076476311435, 441.8188158889681, 0.14965998444234377, 680.9466901475151, 2162.062328905321, 236.58821662296765, 135.4368427098765, 463.4027996313212, 4.9522724412730375, 659.862830678004, 2165.2911849118245, 422.48139351033177, 106.28191380111844, 92.82875187858107, 753.5899278695249, 32.323222847752, 733.6524616697258, 29.64316188961188, 466.4223973536178, 81.6793074863928, 67.59955041917112, 3733.046653888748, 5056.928458024253, 369.9524339933374, 31.40140193139325, 55.39260877377524, 1348.8787617502912, 299.7970491177731, 810.6722615811153, 103.84416559932502, 85.95112260204046) 

7 : 

