med: 0.5702399182102522/desvio: 0.11801505456018314


Funcoes: 

1 : Expressao: ((X1*0.6671079477694977))
2 : Expressao: ((0.5302122110435635*X1))
3 : Expressao: (X1)
4 : Expressao: (X1)
5 : Expressao: (X1)
6 : Expressao: ((X1*0.7472087745391222))
7 : Expressao: ((Tan[(Cos[(Power[Abs[0.3531535791998317],X1])])]))
8 : Expressao: ((Sin[(0.5108548694962903*(X1-X0))]))
9 : Expressao: ((((0.35546528859476534*X1)*0.7238634868878998)/(Tan[(Sqrt[Abs[X0]])])))
10 : Expressao: (X1)
11 : Expressao: (X1)
12 : Expressao: (X1)
13 : Expressao: (((X1*0.8291710417053633)*0.5748121990676118))
14 : Expressao: (X1)
15 : Expressao: ((Cos[(Power[Abs[0.19971237622432647],X1])]))
16 : Expressao: ((0.8999877575148751*X1))
17 : Expressao: ((Cos[(Sqrt[Abs[(Power[Abs[0.07888624332226307],X1])]])]))
18 : Expressao: ((Cos[(0.7128193176502471*(Power[Abs[0.09493635702533838],X1]))]))
19 : Expressao: (((Power[Abs[0.8165240698792773],X1])+(X1-0.863474088637815)))
20 : Expressao: (((X1*0.4251309719514017)/0.5731906762502228))
21 : Expressao: (((Sin[X0])*(X1/X0)))
22 : Expressao: (((0.38291615249763544+X1)*0.6859371371454527))
23 : Expressao: ((((X1-X0)/0.9920271416549751)*(Cos[(X0*X0)])))
24 : Expressao: ((Cos[(Power[Abs[0.3638916279137898],X1])]))
25 : Expressao: (X1)
26 : Expressao: ((0.5774990066866461*X1))
27 : Expressao: (X1)
28 : Expressao: (X1)
29 : Expressao: (((X1/0.9848219143432705)*0.5553253488536088))
30 : Expressao: (X1)
Erros: 

1 : 

x <- c(0.4839465151315862, 0.1147537802089474, 0.023128993694633008, 0.07407194983749114, 0.12401780975367344, 0.09535310984222727, 0.04933814253638421, 0.06026560768363334, 6.67962069345674, 1.4084027025935575, 0.36087704682994, 1.6116502168623634, 0.08536615051602404, 0.03528325531944288, 0.01188782011659013, 0.1265241688582086, 0.1410726951028837, 0.0873303102117309, 0.07353170244498883, 0.10180630032849011, 4.1794234785612945, 4.410232127256049, 0.022314416540522644, 0.4358765852036274, 1.5531269382167434, 0.16719830724754847, 1.475832834510804E-4, 0.10385636214322667, 0.12641117948972722, 0.22609125838291774, 0.020183588101104082, 0.20747163658297993, 0.24543217227098527, 0.14339387918821317, 0.08722862308970898, 0.17254439709905722, 0.16431523841981585, 0.15629760753661096, 0.14339387918821317, 0.15629760753661096, 0.14339387918821317, 0.14088381064723052, 0.036870144913541604, 0.014105484322386511, 0.04744202319686817, 0.42998030740317716, 0.3625826788142553, 0.15106735604334948, 0.06183868007144128, 0.13109392849670382, 0.04356687557262505, 0.04085326616930881, 0.043611098240669825, 0.002387219550401875, 0.05869997169297226, 0.02023628402138453, 0.4066858158349017, 1.9619344719579994, 0.32123877590269606, 2.0161302573975104, 0.003320820485951772, 0.038330509501689085, 0.049455834480081805, 0.049432284874951216, 0.0571043134189066, 0.08542031022677753, 0.0344313027069012, 0.0017843067338195236, 0.008902034551268636, 0.013823553030578228, 0.08362328135246366, 0.049455834480081805, 0.012618865571577641, 0.040944293248892365, 0.060343630764183816, 0.02120218208288947, 0.05396050652762129, 0.008513297450450022, 0.06706977370953528, 5.141701102633731E-6, 8.132508182079923E-5, 4.3802321892317863E-4, 0.07423056637342086, 0.038294232271374615, 0.00791949866799862, 0.057129624409651546, 0.156527977241701, 0.033197328215948646, 0.012595082828132511, 0.009141212993268581, 0.12648650012718585, 0.06644649851337514, 0.004564403382272636, 0.0024170659346943787, 0.007947798518007462, 0.016672994329753367, 0.06541078046539815, 0.03828905121195004, 0.027439725772909672, 0.022194541831626193, 0.021213749525091127, 0.0587192177768755, 0.09751927954531875, 0.005541799381689268, 0.005522106664226742, 0.0357628610333138, 0.0014147620040185261, 0.0019552500490588568, 0.00390532321788557, 0.03834087757924596, 0.08356204058352831, 0.004309844533816968, 1.8583673487299507E-5, 0.045119348291625366, 0.19863879301873377, 0.03320215251169398, 0.11863204171028281, 0.0062647899910500075, 0.03090389220683555, 0.014177902028744869, 0.009812439284530645, 0.03574283560146069, 0.13617431533407762, 0.07231373610949796, 0.0016903891438984488, 0.12888444899634224, 0.09134965537263696, 7.727655102830841E-4, 0.08861309324986415, 6.345674213465615E-6, 0.020311683081654517, 1.1828847487654816E-4, 0.01191381557192237, 0.030899237880636598, 0.11271385185503432, 0.00196932440131287, 0.01158062710661684, 0.03704829897157021, 0.2764047296640536, 0.09747794284589857, 0.053432198350991444, 0.04591213138166377, 0.041019332787348504, 5.9518022018430106E-6, 0.006011504340888642, 0.008559776864711318, 0.16198962465704483, 0.01116179702945406, 0.06299858862393728) 

2 : 

x <- c(0.5708765492278305, 0.22462577146764268, 0.08331587324129293, 0.14751981943391773, 0.2153731137110213, 0.18633563254999205, 0.1199680137335733, 0.12872378236861154, 6.127172797169165, 0.8204593916954761, 0.39150637125737553, 1.3703275244902084, 0.15999156456174868, 0.005763377340572051, 0.024957903566818335, 0.16263703970034857, 0.20796509178545625, 0.16047531230669404, 0.025797110335547033, 0.1265223514946248, 3.9055601227840206, 5.449796948968732, 0.3519518912378603, 0.11809347353157501, 1.2666238550144522, 0.24891821579473383, 0.01642927229353475, 0.16106899551492862, 0.20467158011914108, 0.34666302724448383, 0.07994107346983724, 0.32351178855962537, 0.4011230632138423, 0.28999174422759283, 0.20594436697383167, 0.3153159818591298, 0.31328346018253656, 0.3067065544692487, 0.28999174422759283, 0.3067065544692487, 0.28999174422759283, 0.28495411697016526, 0.12187992837456033, 0.06242671134041588, 0.013019763461129106, 0.48315783904005144, 0.5157778053162314, 0.30086192053492583, 0.1668794522322639, 0.25274602443144684, 0.1239985516383861, 0.10651345412405422, 0.10200691322418672, 0.02286081827132306, 0.1006414626449919, 0.05081762698553032, 0.316698382908951, 2.067802587908598, 0.6137274744179554, 1.4347269581380595, 1.3030335433844204E-4, 0.047838887393937365, 0.06995565669651356, 0.0788856265606643, 0.09514070827618393, 0.13788895432198744, 0.07745801396364152, 0.016775763843058095, 9.206756142185178E-4, 0.00770701108381906, 0.08582013369734512, 0.06995565669651356, 0.029195139222109086, 0.06593197186997843, 0.09588768252027688, 0.049256593073152374, 0.09189795357855914, 0.02935534636904641, 0.10520632235554613, 0.00661522279022294, 0.003853223684030819, 2.4648388664182314E-4, 0.08644961186599584, 0.06119511399669234, 0.022578550633793628, 0.08530742007512053, 0.21506498700130805, 0.07941247328885945, 0.04145903600840239, 0.029562766662829965, 0.17611230240164877, 0.02768399455096277, 0.0017542039341749696, 0.003254060105914285, 0.010228895710236188, 0.022298036449046786, 0.08231636902115905, 0.06323720906142208, 0.05274250442473375, 0.04594816933847014, 0.04395620990084796, 0.09300028761807247, 0.1499551167149042, 3.3535859908338675E-4, 5.118244675169994E-4, 0.04554762871251787, 2.0171927173881525E-5, 4.527947170348209E-4, 0.005146950078441846, 0.044324463709335404, 0.10608036317627334, 0.016811031805304823, 0.002244529160266166, 0.06066568481326522, 0.24738334504222506, 0.07712204127420771, 0.06542383549738184, 0.008306135644362216, 0.03787982200536216, 0.02424242937228189, 0.019542205580331387, 0.05280502459575047, 0.1781467484700843, 0.1258996518086886, 0.002810131840752671, 0.17319578229138344, 0.15172683319732233, 0.005155554234015808, 0.05524404359388562, 1.2637884060170613E-5, 0.02060803233367164, 8.696067234297877E-5, 0.014674415841984137, 0.03949004633752886, 0.14069667994566046, 7.753234440355979E-4, 0.004291387566197796, 0.04236840998249046, 0.31472316256479566, 0.16622626545906022, 0.015552190599129746, 0.030591562752175883, 0.03978482875098019, 7.905534406829241E-4, 0.003608463185921325, 0.00875253431595329, 0.17291948007946098, 0.02878362085307641, 0.03757085443920962) 

3 : 

