med: 1205.4879842541125/desvio: 7.737485356239751


Funcoes: 

1 : Expressao: (X1)
2 : Expressao: (X1)
3 : Expressao: (X1)
4 : Expressao: (X1)
5 : Expressao: (X1)
6 : Expressao: (X1)
7 : Expressao: (X1)
8 : Expressao: (X1)
9 : Expressao: (X1)
10 : Expressao: (X1)
11 : Expressao: (X1)
12 : Expressao: (X1)
13 : Expressao: (X1)
14 : Expressao: (X1)
15 : Expressao: (X1)
16 : Expressao: (X1)
17 : Expressao: (X1)
18 : Expressao: (((X1*0.7864039207133249)+1.438723719750646))
19 : Expressao: (X1)
20 : Expressao: (X1)
21 : Expressao: (X1)
22 : Expressao: ((((X0/X1)/(X0+0.37305284247682735))-(0.28860188851904184-(0.12832946277043678+X1))))
23 : Expressao: (X1)
24 : Expressao: (X1)
25 : Expressao: (X1)
26 : Expressao: (X1)
27 : Expressao: (X1)
28 : Expressao: (X1)
29 : Expressao: (X1)
30 : Expressao: (X1)
Erros: 

1 : 

x <- c(1129583.3569200425, 285523.31360958645, 107247.68496779559, 3062.2821424413432, 143372.82341937622, 7499819.756741048, 1.1289975549434913E7, 388.09700291305876, 226498.93410562503, 1420639.099317556, 775320.8319553706, 2734677.6049883617, 1470736.4155272252, 372715.9096979394, 97578.95565682971, 1052353.376620497, 2861037.0238310085, 18965.13408391406, 243426.26148605024, 427904.78738506924, 540827.5260250058, 663040.8529580912, 151450.9933420784) 

2 : 

x <- c(1129583.3569200425, 285523.31360958645, 107247.68496779559, 3062.2821424413432, 143372.82341937622, 7499819.756741048, 1.1289975549434913E7, 388.09700291305876, 226498.93410562503, 1420639.099317556, 775320.8319553706, 2734677.6049883617, 1470736.4155272252, 372715.9096979394, 97578.95565682971, 1052353.376620497, 2861037.0238310085, 18965.13408391406, 243426.26148605024, 427904.78738506924, 540827.5260250058, 663040.8529580912, 151450.9933420784) 

3 : 

x <- c(1129583.3569200425, 285523.31360958645, 107247.68496779559, 3062.2821424413432, 143372.82341937622, 7499819.756741048, 1.1289975549434913E7, 388.09700291305876, 226498.93410562503, 1420639.099317556, 775320.8319553706, 2734677.6049883617, 1470736.4155272252, 372715.9096979394, 97578.95565682971, 1052353.376620497, 2861037.0238310085, 18965.13408391406, 243426.26148605024, 427904.78738506924, 540827.5260250058, 663040.8529580912, 151450.9933420784) 

4 : 

x <- c(1129583.3569200425, 285523.31360958645, 107247.68496779559, 3062.2821424413432, 143372.82341937622, 7499819.756741048, 1.1289975549434913E7, 388.09700291305876, 226498.93410562503, 1420639.099317556, 775320.8319553706, 2734677.6049883617, 1470736.4155272252, 372715.9096979394, 97578.95565682971, 1052353.376620497, 2861037.0238310085, 18965.13408391406, 243426.26148605024, 427904.78738506924, 540827.5260250058, 663040.8529580912, 151450.9933420784) 

5 : 

x <- c(1129583.3569200425, 285523.31360958645, 107247.68496779559, 3062.2821424413432, 143372.82341937622, 7499819.756741048, 1.1289975549434913E7, 388.09700291305876, 226498.93410562503, 1420639.099317556, 775320.8319553706, 2734677.6049883617, 1470736.4155272252, 372715.9096979394, 97578.95565682971, 1052353.376620497, 2861037.0238310085, 18965.13408391406, 243426.26148605024, 427904.78738506924, 540827.5260250058, 663040.8529580912, 151450.9933420784) 

6 : 

x <- c(1129583.3569200425, 285523.31360958645, 107247.68496779559, 3062.2821424413432, 143372.82341937622, 7499819.756741048, 1.1289975549434913E7, 388.09700291305876, 226498.93410562503, 1420639.099317556, 775320.8319553706, 2734677.6049883617, 1470736.4155272252, 372715.9096979394, 97578.95565682971, 1052353.376620497, 2861037.0238310085, 18965.13408391406, 243426.26148605024, 427904.78738506924, 540827.5260250058, 663040.8529580912, 151450.9933420784) 

7 : 

x <- c(1129583.3569200425, 285523.31360958645, 107247.68496779559, 3062.2821424413432, 143372.82341937622, 7499819.756741048, 1.1289975549434913E7, 388.09700291305876, 226498.93410562503, 1420639.099317556, 775320.8319553706, 2734677.6049883617, 1470736.4155272252, 372715.9096979394, 97578.95565682971, 1052353.376620497, 2861037.0238310085, 18965.13408391406, 243426.26148605024, 427904.78738506924, 540827.5260250058, 663040.8529580912, 151450.9933420784) 

8 : 

x <- c(1129583.3569200425, 285523.31360958645, 107247.68496779559, 3062.2821424413432, 143372.82341937622, 7499819.756741048, 1.1289975549434913E7, 388.09700291305876, 226498.93410562503, 1420639.099317556, 775320.8319553706, 2734677.6049883617, 1470736.4155272252, 372715.9096979394, 97578.95565682971, 1052353.376620497, 2861037.0238310085, 18965.13408391406, 243426.26148605024, 427904.78738506924, 540827.5260250058, 663040.8529580912, 151450.9933420784) 

9 : 

x <- c(1129583.3569200425, 285523.31360958645, 107247.68496779559, 3062.2821424413432, 143372.82341937622, 7499819.756741048, 1.1289975549434913E7, 388.09700291305876, 226498.93410562503, 1420639.099317556, 775320.8319553706, 2734677.6049883617, 1470736.4155272252, 372715.9096979394, 97578.95565682971, 1052353.376620497, 2861037.0238310085, 18965.13408391406, 243426.26148605024, 427904.78738506924, 540827.5260250058, 663040.8529580912, 151450.9933420784) 

10 : 

x <- c(1129583.3569200425, 285523.31360958645, 107247.68496779559, 3062.2821424413432, 143372.82341937622, 7499819.756741048, 1.1289975549434913E7, 388.09700291305876, 226498.93410562503, 1420639.099317556, 775320.8319553706, 2734677.6049883617, 1470736.4155272252, 372715.9096979394, 97578.95565682971, 1052353.376620497, 2861037.0238310085, 18965.13408391406, 243426.26148605024, 427904.78738506924, 540827.5260250058, 663040.8529580912, 151450.9933420784) 

11 : 

x <- c(1129583.3569200425, 285523.31360958645, 107247.68496779559, 3062.2821424413432, 143372.82341937622, 7499819.756741048, 1.1289975549434913E7, 388.09700291305876, 226498.93410562503, 1420639.099317556, 775320.8319553706, 2734677.6049883617, 1470736.4155272252, 372715.9096979394, 97578.95565682971, 1052353.376620497, 2861037.0238310085, 18965.13408391406, 243426.26148605024, 427904.78738506924, 540827.5260250058, 663040.8529580912, 151450.9933420784) 

12 : 

x <- c(1129583.3569200425, 285523.31360958645, 107247.68496779559, 3062.2821424413432, 143372.82341937622, 7499819.756741048, 1.1289975549434913E7, 388.09700291305876, 226498.93410562503, 1420639.099317556, 775320.8319553706, 2734677.6049883617, 1470736.4155272252, 372715.9096979394, 97578.95565682971, 1052353.376620497, 2861037.0238310085, 18965.13408391406, 243426.26148605024, 427904.78738506924, 540827.5260250058, 663040.8529580912, 151450.9933420784) 

13 : 

x <- c(1129583.3569200425, 285523.31360958645, 107247.68496779559, 3062.2821424413432, 143372.82341937622, 7499819.756741048, 1.1289975549434913E7, 388.09700291305876, 226498.93410562503, 1420639.099317556, 775320.8319553706, 2734677.6049883617, 1470736.4155272252, 372715.9096979394, 97578.95565682971, 1052353.376620497, 2861037.0238310085, 18965.13408391406, 243426.26148605024, 427904.78738506924, 540827.5260250058, 663040.8529580912, 151450.9933420784) 

14 : 

x <- c(1129583.3569200425, 285523.31360958645, 107247.68496779559, 3062.2821424413432, 143372.82341937622, 7499819.756741048, 1.1289975549434913E7, 388.09700291305876, 226498.93410562503, 1420639.099317556, 775320.8319553706, 2734677.6049883617, 1470736.4155272252, 372715.9096979394, 97578.95565682971, 1052353.376620497, 2861037.0238310085, 18965.13408391406, 243426.26148605024, 427904.78738506924, 540827.5260250058, 663040.8529580912, 151450.9933420784) 

15 : 

x <- c(1129583.3569200425, 285523.31360958645, 107247.68496779559, 3062.2821424413432, 143372.82341937622, 7499819.756741048, 1.1289975549434913E7, 388.09700291305876, 226498.93410562503, 1420639.099317556, 775320.8319553706, 2734677.6049883617, 1470736.4155272252, 372715.9096979394, 97578.95565682971, 1052353.376620497, 2861037.0238310085, 18965.13408391406, 243426.26148605024, 427904.78738506924, 540827.5260250058, 663040.8529580912, 151450.9933420784) 

16 : 

