med: 7.655993930688948/desvio: 0.6844540980309011


Funcoes: 

1 : Expressao: ((0.7848462310725328*X1))
2 : Expressao: ((Sin[X1]))
3 : Expressao: ((Sin[X1]))
4 : Expressao: ((Sin[X1]))
5 : Expressao: ((Sin[X1]))
6 : Expressao: ((0.6444277538012695*X1))
7 : Expressao: ((X1*0.6274681994130282))
8 : Expressao: ((0.53635290789545*X1))
9 : Expressao: ((Sin[(0.8430185602095541*X1)]))
10 : Expressao: (((X1/0.6907856174032274)*0.41505409060875315))
11 : Expressao: ((X1*0.6785760897595065))
12 : Expressao: ((0.7180494439941031*((X1-X0)+(0.727178465777989*X0))))
13 : Expressao: ((Sin[(0.5687044099952357+X1)]))
14 : Expressao: ((Sin[X1]))
15 : Expressao: ((Sin[(0.8113332624383378*X1)]))
16 : Expressao: ((Sin[(0.1419888296496543+X1)]))
17 : Expressao: ((0.7956936286464096*(0.7200869549197734*X1)))
18 : Expressao: ((Sin[X1]))
19 : Expressao: ((Sin[X1]))
20 : Expressao: ((Sin[(Sin[X1])]))
21 : Expressao: ((X1*0.6290677313048159))
22 : Expressao: ((Sin[((X1*0.11734365824175041)+(Sin[X1]))]))
23 : Expressao: ((0.3410687332470997*(X1-0.2293729660996564)))
24 : Expressao: ((Sin[X1]))
25 : Expressao: ((Sin[X1]))
26 : Expressao: ((Sin[(X1--0.07433144724188849)]))
27 : Expressao: ((Sin[X1]))
28 : Expressao: (((0.6315929611952787*X1)/(Sqrt[Abs[X1]])))
29 : Expressao: ((Sin[X1]))
30 : Expressao: ((Sin[X1]))
Erros: 

1 : 

x <- c(36.17167428216285, 0.2263156284442015, 1.273334213299477, 1.2807458234686768, 11.278750850823485, 20.559328455504705, 24.318092288890618, 95.33354518794292, 19.537175891111488, 17.606648874888315, 19.024642133166502, 14.776318621265792, 11.208677013049709, 33.48171116396468, 0.04911070696565057, 14.934005492976386, 23.989560763273545, 27.304859884250874, 3.9223880143552043, 25.989750436262515, 1.5556412857996507, 32.35014199142971, 533.5320409548789, 131.32320997322927, 47.234423161737645, 2.5041327328367977, 26.81411880292412, 4.903798328610412, 2.2583514423849143, 25.154426581913093, 1.9528044812148002, 76.34739057395775, 29.38579407863592, 15.674821774656042, 191.1492515323326, 1202.47234707707, 385.014417056737, 116.67999993083566, 102.11482954821265, 27.195666174105032, 3.833368668938904, 1.1628530272360877, 0.3685513607629306, 21.03216248659637, 4.8556079767716485, 6.779829130313364, 1253.540035559852, 77.89300970087118, 63.17759566924488, 23.284176808925075, 51.383078982638324, 638.5804342989043, 335.82902275346055, 0.5121905121861633, 4.980013930991041, 55.24081730014617, 89.49689748894387, 22.568322676101115, 5.819331859210553, 51.76374613064353, 0.822165414715911, 0.043373437811619904, 7.837397487792914, 0.6615187657238737, 32.00105963961502, 15.805024336968362, 8.087540323153972, 11.170505667997856, 5.972272945094397, 24.990132538821005, 4.802583141835931, 3.6324975204209484, 52.44906795706467, 65.9544759376215, 150.88514578450523, 89.37557474001834, 0.7156379673633313, 28.434892227955288, 13.016318084692248, 164.44334128839458, 19.774154399574435, 21.722347555522806, 0.7269333936781489, 207.04098780427393, 0.3110037193233624, 0.01936659906686982, 17.13469017965096, 0.5969789223714044, 2.866620993443882, 6.987806326932156, 69.59293618357401, 0.10943282227900214, 3.5823974825278513, 14.443253673536677, 18.457308108281563, 34.60761122474152, 0.19053678559452025, 9.411258893651015, 58.42325125941861, 10.378290895935004, 2.678191560177907, 8.733401338316392, 62.569469107008416, 78.22564052324557, 30.1081077054782, 14.733486079605962, 5.778036581805359, 194.30182701277568, 1.0942140861743612, 16.583991622265902, 3.726222256811366, 5.55052208775124, 2.4829802056104415, 6.679364552827966, 1.198436326258804, 8.023434126671843, 0.11502663580375011, 7.5179411545687005, 7.94035236364092, 25.709605690795808, 51.361658453052584, 0.16159999989208815, 89.93751052588074, 56.235719244646475, 7.835360337448406, 49.26585943652346, 55.85218991553326, 58.971996266186366, 33.65826811739682, 12.985555225514421, 1.2220961872252325, 114.9393576267484, 1.4347197613267995, 0.06389459307852248, 14.586505657768742, 0.8679352800159573, 0.7683744002771041, 6.16480613227159, 0.09613937891643773, 0.6173095018262489, 0.7077282452019404, 0.8394317760794464, 89.10400600174275, 87.34431782100555, 1.0030201050442775, 4.875102937352999, 23.25749644478732, 34.4234120923426, 3.053551644145548) 

2 : 

x <- c(33.30318883388742, 0.6579481545615236, 2.5484915549243E-4, 5.083031505912839, 7.041528944386107, 11.368569787222397, 11.665632522095338, 67.49160840940047, 19.118529906860324, 18.085268928079937, 19.450043811431048, 15.635681774715392, 10.866171954481462, 37.67832229629634, 1.58301525509869, 6.526597836514429, 11.369661185027079, 13.553470201098122, 0.49802607300907437, 13.38990166389869, 5.512467334777244, 52.72397203064664, 563.6972906416578, 119.35112233641804, 61.37104102731939, 0.8622342918122089, 18.92176027328586, 13.398490729243969, 0.3837461794297041, 16.25375584747056, 0.008385499803040085, 53.156532509825745, 17.79676142098475, 10.622150370514625, 209.19351420823804, 1202.702399845174, 45.27061608594399, 88.98189643830665, 120.74049031209854, 34.25569264391922, 1.8597342266611734, 0.050268224534631825, 0.07831112781379446, 14.13473921058578, 12.888207599536019, 3.2593288808384777, 1333.0550482362473, 0.09469539256590088, 83.0874726693461, 32.317671774476715, 46.81517323311329, 713.8460130002028, 346.35597869711023, 2.16254428081713, 3.1542143940137906, 43.910043034287554, 62.28701165054546, 28.80721097403202, 15.374902817150774, 66.4933534703346, 2.6404258794996887, 0.03112473564175723, 6.0152999195899435, 2.7189169966210764, 37.96714069152295, 22.62944417002989, 9.359821245030714, 8.440686774090812, 11.807472529076259, 28.176573429201078, 1.9462090601670925, 8.664502437126854, 45.920048966560806, 92.49656157348856, 145.22127112715947, 119.73182632742783, 1.0601147187968938, 28.83686518443873, 6.630688360270898, 130.9554058951764, 17.779517314536427, 20.957137483986312, 0.9593654096366401, 236.15982019726772, 0.7881108518201669, 0.07830435117190108, 17.808129767026735, 2.4506407469318887, 1.4808226133456894, 3.7059306317220377, 53.04328560232816, 3.4642883823128754, 11.722086319802816, 23.961170856521186, 19.53537403883844, 44.56196200309665, 0.027452790392835873, 6.258914117680409, 43.745491883431825, 22.91643382647531, 7.792542361018878, 5.369312915210687, 46.95762659814681, 53.174966307543, 25.772613063439483, 16.12692494824416, 5.7590022399996625, 212.22671418784364, 1.0609005206615798, 18.569024977092937, 6.759863116167796, 4.9734451024481965, 0.96742115486816, 3.2506592248798447, 4.7791924634576315, 4.627534865227149, 1.9735304797744777, 12.560570891835306, 7.562605141348587, 32.63244992099956, 59.72955261502986, 0.3729856200515654, 73.80871612140248, 81.07326676714594, 5.023264022320425, 36.485138767882894, 34.81718344383089, 43.75585485582757, 37.53537284014724, 21.45986840850564, 2.585502343250145, 131.35656240636598, 3.2255661555155934, 9.410243291108418E-4, 12.893389330274108, 7.702582603950774E-5, 0.0026512116775734692, 2.47876491987635, 2.1596444037274205, 0.011761370751420376, 5.695520400283416E-4, 0.0040818782450255005, 105.99683720257417, 110.85893050723492, 0.007374975750952914, 1.656358706254361, 13.665182835883613, 54.598629983877615, 2.050497544156384) 

3 : 

