med: 104.42055994590775/desvio: 483.0509356370486


Funcoes: 

1 : Expressao: (X1)
2 : Expressao: (X1)
3 : Expressao: (X1)
4 : Expressao: ((Sin[(Sin[(Tan[X1])])]))
5 : Expressao: (X1)
6 : Expressao: (X1)
7 : Expressao: ((Tan[(Sin[(Sin[X1])])]))
8 : Expressao: (X1)
9 : Expressao: (X1)
10 : Expressao: (X1)
11 : Expressao: (X1)
12 : Expressao: (X1)
13 : Expressao: (X1)
14 : Expressao: ((X1*0.9837467715873002))
15 : Expressao: ((Tan[(Sin[(Sin[X1])])]))
16 : Expressao: (((Tan[X1])*0.8707998661284243))
17 : Expressao: (X1)
18 : Expressao: ((Tan[(Sin[(Sin[X1])])]))
19 : Expressao: (X1)
20 : Expressao: ((Sin[(Sin[(Tan[X1])])]))
21 : Expressao: (X1)
22 : Expressao: (X1)
23 : Expressao: (X1)
24 : Expressao: (X1)
25 : Expressao: ((Sin[(Tan[(Sin[X1])])]))
26 : Expressao: (((Tan[(Sin[X1])])*(Sin[(0.6606572160286012-X1)])))
27 : Expressao: (X1)
28 : Expressao: (X1)
29 : Expressao: (X1)
30 : Expressao: (X1)
Erros: 

1 : 

x <- c(15.52360000000001, 4.6656, 0.0529000000000002, 24.60160000000001, 116.64000000000001, 37.57690000000003, 5.017600000000009, 3.4595999999999716, 124.09960000000017, 2.3409000000000035, 108.5763999999999, 15.13209999999995, 56.10010000000003, 132.25, 46.23999999999977, 8.46809999999998, 44.488900000000214, 45.83289999999975, 0.7395999999999746, 196.5604000000003) 

2 : 

x <- c(15.52360000000001, 4.6656, 0.0529000000000002, 24.60160000000001, 116.64000000000001, 37.57690000000003, 5.017600000000009, 3.4595999999999716, 124.09960000000017, 2.3409000000000035, 108.5763999999999, 15.13209999999995, 56.10010000000003, 132.25, 46.23999999999977, 8.46809999999998, 44.488900000000214, 45.83289999999975, 0.7395999999999746, 196.5604000000003) 

3 : 

x <- c(15.52360000000001, 4.6656, 0.0529000000000002, 24.60160000000001, 116.64000000000001, 37.57690000000003, 5.017600000000009, 3.4595999999999716, 124.09960000000017, 2.3409000000000035, 108.5763999999999, 15.13209999999995, 56.10010000000003, 132.25, 46.23999999999977, 8.46809999999998, 44.488900000000214, 45.83289999999975, 0.7395999999999746, 196.5604000000003) 

4 : 

x <- c(15.523597240058704, 4.665865652478608, 0.053363356222619285, 24.614075961918807, 117.43046860913579, 61.74261138642624, 43.82193022896366, 43.277992280167986, 361.93915078208136, 275.46471795700944, 3351.069256845433, 3053.049389326449, 907.8802294709869, 6729.010400050564, 6794.301795974031, 5312.884228017088, 6796.8863822753365, 6818.605788499225, 5616.77036499293, 3817.3866111893235) 

5 : 

x <- c(15.52360000000001, 4.6656, 0.0529000000000002, 24.60160000000001, 116.64000000000001, 37.57690000000003, 5.017600000000009, 3.4595999999999716, 124.09960000000017, 2.3409000000000035, 108.5763999999999, 15.13209999999995, 56.10010000000003, 132.25, 46.23999999999977, 8.46809999999998, 44.488900000000214, 45.83289999999975, 0.7395999999999746, 196.5604000000003) 

6 : 

x <- c(15.52360000000001, 4.6656, 0.0529000000000002, 24.60160000000001, 116.64000000000001, 37.57690000000003, 5.017600000000009, 3.4595999999999716, 124.09960000000017, 2.3409000000000035, 108.5763999999999, 15.13209999999995, 56.10010000000003, 132.25, 46.23999999999977, 8.46809999999998, 44.488900000000214, 45.83289999999975, 0.7395999999999746, 196.5604000000003) 

7 : 

x <- c(15.523597243441246, 4.665863091610771, 0.053349823831984666, 24.61367885836945, 117.33854993294587, 50.94845323613907, 0.6834153882031919, 15.940227248945595, 196.9022964534357, 88.65876387884359, 395.675805707456, 322.3009479577275, 579.6969523027278, 1509.936104356656, 3025.7298081486256, 3452.815710795936, 3911.723993403969, 5769.261368492884, 6701.942306640789, 4487.057504682426) 

8 : 

x <- c(15.52360000000001, 4.6656, 0.0529000000000002, 24.60160000000001, 116.64000000000001, 37.57690000000003, 5.017600000000009, 3.4595999999999716, 124.09960000000017, 2.3409000000000035, 108.5763999999999, 15.13209999999995, 56.10010000000003, 132.25, 46.23999999999977, 8.46809999999998, 44.488900000000214, 45.83289999999975, 0.7395999999999746, 196.5604000000003) 

9 : 

x <- c(15.52360000000001, 4.6656, 0.0529000000000002, 24.60160000000001, 116.64000000000001, 37.57690000000003, 5.017600000000009, 3.4595999999999716, 124.09960000000017, 2.3409000000000035, 108.5763999999999, 15.13209999999995, 56.10010000000003, 132.25, 46.23999999999977, 8.46809999999998, 44.488900000000214, 45.83289999999975, 0.7395999999999746, 196.5604000000003) 

10 : 

x <- c(15.52360000000001, 4.6656, 0.0529000000000002, 24.60160000000001, 116.64000000000001, 37.57690000000003, 5.017600000000009, 3.4595999999999716, 124.09960000000017, 2.3409000000000035, 108.5763999999999, 15.13209999999995, 56.10010000000003, 132.25, 46.23999999999977, 8.46809999999998, 44.488900000000214, 45.83289999999975, 0.7395999999999746, 196.5604000000003) 

11 : 

x <- c(15.52360000000001, 4.6656, 0.0529000000000002, 24.60160000000001, 116.64000000000001, 37.57690000000003, 5.017600000000009, 3.4595999999999716, 124.09960000000017, 2.3409000000000035, 108.5763999999999, 15.13209999999995, 56.10010000000003, 132.25, 46.23999999999977, 8.46809999999998, 44.488900000000214, 45.83289999999975, 0.7395999999999746, 196.5604000000003) 

12 : 

x <- c(15.52360000000001, 4.6656, 0.0529000000000002, 24.60160000000001, 116.64000000000001, 37.57690000000003, 5.017600000000009, 3.4595999999999716, 124.09960000000017, 2.3409000000000035, 108.5763999999999, 15.13209999999995, 56.10010000000003, 132.25, 46.23999999999977, 8.46809999999998, 44.488900000000214, 45.83289999999975, 0.7395999999999746, 196.5604000000003) 

13 : 

x <- c(15.52360000000001, 4.6656, 0.0529000000000002, 24.60160000000001, 116.64000000000001, 37.57690000000003, 5.017600000000009, 3.4595999999999716, 124.09960000000017, 2.3409000000000035, 108.5763999999999, 15.13209999999995, 56.10010000000003, 132.25, 46.23999999999977, 8.46809999999998, 44.488900000000214, 45.83289999999975, 0.7395999999999746, 196.5604000000003) 

14 : 

x <- c(15.391357106683156, 4.871818949256806, 0.09754797144380309, 25.46277146746612, 120.26809131621435, 41.88957773172156, 3.233350188043425, 5.132222412968896, 133.9961797501514, 0.8340568754505236, 121.26117996209999, 9.789238901123749, 67.04332759999389, 151.7758872089294, 60.94374996834775, 3.2142402719772822, 59.90563196042817, 63.175185132128924, 0.18345481385457174, 162.45188763215984) 

15 : 

x <- c(15.523597243441246, 4.665863091610771, 0.053349823831984666, 24.61367885836945, 117.33854993294587, 50.94845323613907, 0.6834153882031919, 15.940227248945595, 196.9022964534357, 88.65876387884359, 395.675805707456, 322.3009479577275, 579.6969523027278, 1509.936104356656, 3025.7298081486256, 3452.815710795936, 3911.723993403969, 5769.261368492884, 6701.942306640789, 4487.057504682426) 

16 : 

x <- c(14.492207666894336, 6.365844810817779, 0.6699079111293801, 31.01009592402263, 133.29542719644888, 4.61280627161811, 369.0180235381193, 72.05663916615558, 20.025059500078324, 1.4139726920042065E8, 86224.17643848964, 9425.781833770741, 22352.827374435008, 9738.682315039056, 6780.8797184937785, 5207.640922005188, 6677.754396370153, 6751.179917059703, 5680.819326880171, 3857.91530518706) 

17 : 

x <- c(15.52360000000001, 4.6656, 0.0529000000000002, 24.60160000000001, 116.64000000000001, 37.57690000000003, 5.017600000000009, 3.4595999999999716, 124.09960000000017, 2.3409000000000035, 108.5763999999999, 15.13209999999995, 56.10010000000003, 132.25, 46.23999999999977, 8.46809999999998, 44.488900000000214, 45.83289999999975, 0.7395999999999746, 196.5604000000003) 

18 : 

x <- c(15.523597243441246, 4.665863091610771, 0.053349823831984666, 24.61367885836945, 117.33854993294587, 50.94845323613907, 0.6834153882031919, 15.940227248945595, 196.9022964534357, 88.65876387884359, 395.675805707456, 322.3009479577275, 579.6969523027278, 1509.936104356656, 3025.7298081486256, 3452.815710795936, 3911.723993403969, 5769.261368492884, 6701.942306640789, 4487.057504682426) 

19 : 

