med: 254.46884865605304/desvio: 348.4566207950389


Funcoes: 

3632 : Expressao: ((Sin[(X1*0.8567528295587122)]))
7263 : Expressao: ((0.19693638729286164*(X1/0.2730625685747665)))
Erros: 

3632 : 

x <- c(208039.48874242805, 331837.4396701983, 193595.76981980746, 919328.4227195486, 1381136.6896154392, 2093.5265346297065, 7501.759816256177, 738872.314936881, 136798.38227037183, 1375622.7457057142, 6779.937087244163, 198419.7193221488, 99.34359598596951, 155242.41435397236, 341537.4754520631) 

7263 : 

x <- c(163158.41639551774, 322217.05755068193, 148431.57372394827, 917181.8939445909, 1462482.0994973863, 137265.95331247812, 3614.8162954298796, 643770.6711086931, 168294.21757962764, 1513317.4989086757, 33894.42321718776, 182557.23316702753, 2484.309636649616, 128385.06289540978, 317939.95790315187) 



