med: 646.2419241639258/desvio: 18.18251268933145


Funcoes: 

1 : Expressao: (X1)
2 : Expressao: ((X1*0.6299289221240739))
3 : Expressao: ((Sin[X1]))
4 : Expressao: ((X1*0.735244798106311))
5 : Expressao: ((Sin[X1]))
6 : Expressao: ((0.5946606616670429*X1))
7 : Expressao: ((Sin[X1]))
8 : Expressao: ((X1*0.5907111685995553))
9 : Expressao: (((X1*0.4942326200290622)/0.7860039846479316))
10 : Expressao: ((X1*0.5122129908659633))
11 : Expressao: ((0.6077038683702685*X1))
12 : Expressao: (((Sin[(X1*0.9854541833165464)])/1.0277881232334545))
13 : Expressao: ((Sin[X1]))
14 : Expressao: (X1)
15 : Expressao: ((Sin[X1]))
16 : Expressao: ((Sin[X1]))
17 : Expressao: ((X1*0.5673915859154713))
18 : Expressao: ((0.6027124189929837*X1))
19 : Expressao: ((X1*0.5157293159976086))
20 : Expressao: ((Sin[(X1-0.06448683354707208)]))
21 : Expressao: ((X1*0.7493506644183417))
22 : Expressao: (((0.5430876950525637*X1)/0.7561323878816627))
23 : Expressao: ((Sin[X1]))
24 : Expressao: ((Sin[X1]))
25 : Expressao: (((X1/0.35578135113191334)*0.3092721135977738))
26 : Expressao: ((0.9594566032179408*X1))
27 : Expressao: ((Sin[X1]))
28 : Expressao: ((Sin[X1]))
29 : Expressao: ((Sin[(X1+0.020351049316805425)]))
30 : Expressao: ((X1*0.8838046456264588))
Erros: 

1 : 

x <- c(287296.0, 342225.0, 281961.0, 921600.0, 891136.0, 808201.0, 114244.0, 972196.0, 101761.0, 1102500.0, 431649.0, 514089.0, 1600.0, 190969.0, 368449.0) 

2 : 

x <- c(130092.92385779164, 315796.7213008027, 113940.32919222316, 915737.5583122775, 1680160.3861156898, 38983.69638825, 952.5375461241133, 550891.7416710583, 193697.6043964953, 1661942.720408302, 856.2526043024062, 110488.75777728997, 6282.233949564629, 110584.38022079077, 302210.3739904466) 

3 : 

x <- c(267227.4135281672, 342173.76131330244, 255491.30213689915, 921599.8033634154, 1194449.228058013, 13646.0828403953, 28147.219466117196, 874857.6385303244, 105835.52573082355, 1205342.083800556, 9975.7397936509, 275571.2007968665, 1153.3255400401254, 187434.06929381698, 367634.2982676569) 

4 : 

x <- c(168572.56987303446, 323209.659440115, 154137.0334494955, 917404.0044028284, 1430361.1908272342, 157683.64735009818, 5492.13345654361, 658688.3722269816, 164547.71753891747, 1491089.426166698, 43224.61860490233, 195230.962336827, 2053.9967542257386, 131238.94943851786, 320393.14161446085) 

5 : 

x <- c(267227.4135281672, 342173.76131330244, 255491.30213689915, 921599.8033634154, 1194449.228058013, 13646.0828403953, 28147.219466117196, 874857.6385303244, 105835.52573082355, 1205342.083800556, 9975.7397936509, 275571.2007968665, 1153.3255400401254, 187434.06929381698, 367634.2982676569) 

6 : 

x <- c(118319.56987666369, 313333.4926985079, 101834.05811056485, 915179.8361828906, 1768304.4376883402, 17052.07112229443, 4358.159229196336, 516944.2338988925, 203990.36753582043, 1721229.010658937, 934.0653280242747, 87465.37884039256, 8213.113834228998, 104062.59324603876, 296240.0294573167) 

7 : 

x <- c(267227.4135281672, 342173.76131330244, 255491.30213689915, 921599.8033634154, 1194449.228058013, 13646.0828403953, 28147.219466117196, 874857.6385303244, 105835.52573082355, 1205342.083800556, 9975.7397936509, 275571.2007968665, 1153.3255400401254, 187434.06929381698, 367634.2982676569) 

8 : 

x <- c(117035.89991889645, 313058.25013267767, 100520.66949669602, 915117.3906129516, 1778315.4914578798, 15152.719369743218, 4893.416351318134, 513209.8564863865, 205159.58488166227, 1727932.8380728127, 1388.446570617149, 85054.41303626915, 8445.428128286956, 103344.59575508756, 295575.1529098644) 

9 : 

x <- c(129704.51185086768, 315717.1298301974, 113539.28482345086, 915719.5687044866, 1682967.9333809004, 38136.86824129914, 1023.8030422511265, 549780.0632274303, 194025.3958890554, 1663838.5336830427, 747.0609931074092, 109704.30679075436, 6340.474518827893, 110370.95469331044, 302016.89639524923) 

10 : 

x <- c(92974.79111452261, 307612.7551108786, 76184.89617842261, 913876.6952249929, 1983152.6031101653, 661.2842527916107, 21961.736250648653, 441795.6240705343, 229091.53364052673, 1863877.8806426714, 29041.43891264339, 44125.44556335443, 13734.934882361651, 89589.67386818737, 282515.3549433286) 

11 : 

x <- c(122608.63341190405, 314243.3409291201, 106232.08956425342, 915386.0779062356, 1735443.679025608, 24121.213811655212, 2810.666635461075, 529373.1974959966, 200152.76345488252, 1699182.179904925, 71.19582477262448, 95666.98280610847, 7468.913664647109, 106451.43966910291, 298441.0920079168) 

12 : 

x <- c(248735.70167903212, 339183.48286555667, 235884.25681208225, 920946.3949130528, 1258999.024669857, 16986.74407757952, 19097.400290201767, 831128.8253900546, 114493.53332576284, 1257159.4527202894, 14599.720789712794, 245090.2140209946, 445.289058752178, 177737.88313272246, 360001.54115788895) 

13 : 

x <- c(267227.4135281672, 342173.76131330244, 255491.30213689915, 921599.8033634154, 1194449.228058013, 13646.0828403953, 28147.219466117196, 874857.6385303244, 105835.52573082355, 1205342.083800556, 9975.7397936509, 275571.2007968665, 1153.3255400401254, 187434.06929381698, 367634.2982676569) 

14 : 

x <- c(287296.0, 342225.0, 281961.0, 921600.0, 891136.0, 808201.0, 114244.0, 972196.0, 101761.0, 1102500.0, 431649.0, 514089.0, 1600.0, 190969.0, 368449.0) 

15 : 

x <- c(267227.4135281672, 342173.76131330244, 255491.30213689915, 921599.8033634154, 1194449.228058013, 13646.0828403953, 28147.219466117196, 874857.6385303244, 105835.52573082355, 1205342.083800556, 9975.7397936509, 275571.2007968665, 1153.3255400401254, 187434.06929381698, 367634.2982676569) 

16 : 

x <- c(267227.4135281672, 342173.76131330244, 255491.30213689915, 921599.8033634154, 1194449.228058013, 13646.0828403953, 28147.219466117196, 874857.6385303244, 105835.52573082355, 1205342.083800556, 9975.7397936509, 275571.2007968665, 1153.3255400401254, 187434.06929381698, 367634.2982676569) 

17 : 

x <- c(109599.2485854408, 311435.5595458049, 92939.59520358546, 914748.7273207715, 1838001.2560777823, 6223.412385313469, 8685.574245744392, 491436.35300799174, 212131.2760608224, 1767780.838575139, 5901.009862300721, 71505.80690168083, 9883.157291882062, 99155.88004630437, 291664.6484630496) 

18 : 

x <- c(120958.25024036977, 313894.9991659478, 104538.04356306922, 915307.1493924137, 1747982.61908275, 21271.51839716313, 3362.941987540246, 524599.3704527805, 201617.05545296942, 1707602.4023208388, 285.76472916870034, 92484.93789297207, 7749.534580341917, 105534.06012804325, 297597.8144502627) 

19 : 

x <- c(93993.4359945016, 307855.66385188745, 77202.97086130944, 913932.2541573317, 1973738.1024492441, 362.8805248550695, 20935.218757783234, 444880.21284551517, 227991.2637382976, 1857678.1040546542, 27044.08986752726, 45674.08655081316, 13470.609268340211, 90184.81886122853, 283094.05557541613) 

20 : 

x <- c(325309.98808455997, 273738.0475516575, 310498.2038109628, 806812.9244069515, 1125407.9958150731, 20481.183643092787, 38932.27270959453, 963946.0392053879, 147595.87155484437, 1316443.2831036493, 8029.9063565092365, 244354.36336228083, 624.7511026712091, 139323.31831623148, 444838.84128044086) 

21 : 

x <- c(174104.53774559303, 324209.0690098148, 159981.2334026896, 917627.3209842895, 1398429.2892277895, 179636.1100323501, 7773.729534544079, 673857.4884942869, 160823.8388114158, 1468909.129416603, 53746.346669740095, 208400.6467227985, 1662.6193515391778, 134139.6073276838, 322868.8505303716) 

22 : 

x <- c(162024.03990531605, 322007.20579398464, 147238.0177736261, 917134.895934138, 1469325.0245529462, 133126.71482726716, 3267.7012228487997, 640635.7961432696, 169092.43198889113, 1518042.3305388489, 32065.27532304391, 179929.82785750352, 2580.6118363535893, 127785.16521296055, 317422.0409902754) 

23 : 

x <- c(267227.4135281672, 342173.76131330244, 255491.30213689915, 921599.8033634154, 1194449.228058013, 13646.0828403953, 28147.219466117196, 874857.6385303244, 105835.52573082355, 1205342.083800556, 9975.7397936509, 275571.2007968665, 1153.3255400401254, 187434.06929381698, 367634.2982676569) 

24 : 

