med: 52.48451792907393/desvio: 0.1861201889292213


Funcoes: 

1 : Expressao: (X1)
2 : Expressao: (X1)
3 : Expressao: (X1)
4 : Expressao: (X1)
5 : Expressao: (X1)
6 : Expressao: ((0.9638797297376818*X1))
7 : Expressao: (X1)
8 : Expressao: (X1)
9 : Expressao: (X1)
10 : Expressao: (((X0+0.051455735859966434)-(X0-X1)))
11 : Expressao: (X1)
12 : Expressao: (X1)
13 : Expressao: (X1)
14 : Expressao: (X1)
15 : Expressao: (X1)
16 : Expressao: (X1)
17 : Expressao: (X1)
18 : Expressao: (X1)
19 : Expressao: (X1)
20 : Expressao: (X1)
21 : Expressao: (X1)
22 : Expressao: (X1)
23 : Expressao: (X1)
24 : Expressao: (X1)
25 : Expressao: (X1)
26 : Expressao: (X1)
27 : Expressao: (X1)
28 : Expressao: (X1)
29 : Expressao: (X1)
30 : Expressao: (X1)
Erros: 

1 : 

x <- c(196.0, 10201.0, 2025.0, 2401.0, 729.0, 529.0, 324.0, 4096.0, 100.0, 576.0, 2704.0, 5776.0, 121.0, 9216.0, 3136.0, 2025.0, 1849.0, 144.0, 676.0, 784.0, 1764.0, 121.0, 3969.0, 7569.0, 256.0, 9604.0, 2209.0, 5041.0, 1764.0) 

2 : 

x <- c(196.0, 10201.0, 2025.0, 2401.0, 729.0, 529.0, 324.0, 4096.0, 100.0, 576.0, 2704.0, 5776.0, 121.0, 9216.0, 3136.0, 2025.0, 1849.0, 144.0, 676.0, 784.0, 1764.0, 121.0, 3969.0, 7569.0, 256.0, 9604.0, 2209.0, 5041.0, 1764.0) 

3 : 

x <- c(196.0, 10201.0, 2025.0, 2401.0, 729.0, 529.0, 324.0, 4096.0, 100.0, 576.0, 2704.0, 5776.0, 121.0, 9216.0, 3136.0, 2025.0, 1849.0, 144.0, 676.0, 784.0, 1764.0, 121.0, 3969.0, 7569.0, 256.0, 9604.0, 2209.0, 5041.0, 1764.0) 

4 : 

x <- c(196.0, 10201.0, 2025.0, 2401.0, 729.0, 529.0, 324.0, 4096.0, 100.0, 576.0, 2704.0, 5776.0, 121.0, 9216.0, 3136.0, 2025.0, 1849.0, 144.0, 676.0, 784.0, 1764.0, 121.0, 3969.0, 7569.0, 256.0, 9604.0, 2209.0, 5041.0, 1764.0) 

5 : 

x <- c(196.0, 10201.0, 2025.0, 2401.0, 729.0, 529.0, 324.0, 4096.0, 100.0, 576.0, 2704.0, 5776.0, 121.0, 9216.0, 3136.0, 2025.0, 1849.0, 144.0, 676.0, 784.0, 1764.0, 121.0, 3969.0, 7569.0, 256.0, 9604.0, 2209.0, 5041.0, 1764.0) 

6 : 

x <- c(467.0176481803383, 8627.386389384004, 1642.8326803722223, 2130.4949182586997, 788.0833459265574, 627.4057852217323, 228.64960957744685, 4386.236841528059, 29.80758005747802, 794.0653646915654, 3254.2520399659998, 6876.440521655745, 427.22601928872047, 7384.520106030856, 2440.436714458887, 1634.0602893252544, 2111.5014083011188, 272.3901977132435, 443.6208556976958, 1023.9081035070138, 2209.933673965723, 307.19513320297904, 4889.408566271205, 9254.417489762884, 13.37842901138657, 7436.5748799694675, 1503.5288761500992, 4156.76992063833, 2112.5462414303342) 

7 : 

x <- c(196.0, 10201.0, 2025.0, 2401.0, 729.0, 529.0, 324.0, 4096.0, 100.0, 576.0, 2704.0, 5776.0, 121.0, 9216.0, 3136.0, 2025.0, 1849.0, 144.0, 676.0, 784.0, 1764.0, 121.0, 3969.0, 7569.0, 256.0, 9604.0, 2209.0, 5041.0, 1764.0) 

8 : 

x <- c(196.0, 10201.0, 2025.0, 2401.0, 729.0, 529.0, 324.0, 4096.0, 100.0, 576.0, 2704.0, 5776.0, 121.0, 9216.0, 3136.0, 2025.0, 1849.0, 144.0, 676.0, 784.0, 1764.0, 121.0, 3969.0, 7569.0, 256.0, 9604.0, 2209.0, 5041.0, 1764.0) 

9 : 

x <- c(196.0, 10201.0, 2025.0, 2401.0, 729.0, 529.0, 324.0, 4096.0, 100.0, 576.0, 2704.0, 5776.0, 121.0, 9216.0, 3136.0, 2025.0, 1849.0, 144.0, 676.0, 784.0, 1764.0, 121.0, 3969.0, 7569.0, 256.0, 9604.0, 2209.0, 5041.0, 1764.0) 

10 : 

x <- c(61.26263160505041, 11486.04230844814, 2618.671335376723, 3044.054976310396, 433.76579857061404, 283.14943950428676, 584.3317590744322, 3343.9671199341415, 261.5644772070867, 317.8035292708686, 2100.1180427351596, 4875.816197133123, 23.30036230530495, 10439.31275728105, 3865.476347944323, 2618.671335376723, 1356.2312348359233, 33.95445207188677, 1035.0990409417777, 476.41988833719586, 1283.5771450693414, 23.30036230530495, 3229.3130301675596, 6533.011184565523, 491.6399386075958, 10852.004577747886, 2827.3631558435595, 5955.665001445595, 1283.5771450693414) 

11 : 

x <- c(196.0, 10201.0, 2025.0, 2401.0, 729.0, 529.0, 324.0, 4096.0, 100.0, 576.0, 2704.0, 5776.0, 121.0, 9216.0, 3136.0, 2025.0, 1849.0, 144.0, 676.0, 784.0, 1764.0, 121.0, 3969.0, 7569.0, 256.0, 9604.0, 2209.0, 5041.0, 1764.0) 

12 : 

x <- c(196.0, 10201.0, 2025.0, 2401.0, 729.0, 529.0, 324.0, 4096.0, 100.0, 576.0, 2704.0, 5776.0, 121.0, 9216.0, 3136.0, 2025.0, 1849.0, 144.0, 676.0, 784.0, 1764.0, 121.0, 3969.0, 7569.0, 256.0, 9604.0, 2209.0, 5041.0, 1764.0) 

13 : 

x <- c(196.0, 10201.0, 2025.0, 2401.0, 729.0, 529.0, 324.0, 4096.0, 100.0, 576.0, 2704.0, 5776.0, 121.0, 9216.0, 3136.0, 2025.0, 1849.0, 144.0, 676.0, 784.0, 1764.0, 121.0, 3969.0, 7569.0, 256.0, 9604.0, 2209.0, 5041.0, 1764.0) 

14 : 

x <- c(196.0, 10201.0, 2025.0, 2401.0, 729.0, 529.0, 324.0, 4096.0, 100.0, 576.0, 2704.0, 5776.0, 121.0, 9216.0, 3136.0, 2025.0, 1849.0, 144.0, 676.0, 784.0, 1764.0, 121.0, 3969.0, 7569.0, 256.0, 9604.0, 2209.0, 5041.0, 1764.0) 

15 : 

x <- c(196.0, 10201.0, 2025.0, 2401.0, 729.0, 529.0, 324.0, 4096.0, 100.0, 576.0, 2704.0, 5776.0, 121.0, 9216.0, 3136.0, 2025.0, 1849.0, 144.0, 676.0, 784.0, 1764.0, 121.0, 3969.0, 7569.0, 256.0, 9604.0, 2209.0, 5041.0, 1764.0) 

16 : 

x <- c(196.0, 10201.0, 2025.0, 2401.0, 729.0, 529.0, 324.0, 4096.0, 100.0, 576.0, 2704.0, 5776.0, 121.0, 9216.0, 3136.0, 2025.0, 1849.0, 144.0, 676.0, 784.0, 1764.0, 121.0, 3969.0, 7569.0, 256.0, 9604.0, 2209.0, 5041.0, 1764.0) 

17 : 

x <- c(196.0, 10201.0, 2025.0, 2401.0, 729.0, 529.0, 324.0, 4096.0, 100.0, 576.0, 2704.0, 5776.0, 121.0, 9216.0, 3136.0, 2025.0, 1849.0, 144.0, 676.0, 784.0, 1764.0, 121.0, 3969.0, 7569.0, 256.0, 9604.0, 2209.0, 5041.0, 1764.0) 

18 : 

x <- c(196.0, 10201.0, 2025.0, 2401.0, 729.0, 529.0, 324.0, 4096.0, 100.0, 576.0, 2704.0, 5776.0, 121.0, 9216.0, 3136.0, 2025.0, 1849.0, 144.0, 676.0, 784.0, 1764.0, 121.0, 3969.0, 7569.0, 256.0, 9604.0, 2209.0, 5041.0, 1764.0) 

19 : 

x <- c(196.0, 10201.0, 2025.0, 2401.0, 729.0, 529.0, 324.0, 4096.0, 100.0, 576.0, 2704.0, 5776.0, 121.0, 9216.0, 3136.0, 2025.0, 1849.0, 144.0, 676.0, 784.0, 1764.0, 121.0, 3969.0, 7569.0, 256.0, 9604.0, 2209.0, 5041.0, 1764.0) 

20 : 

x <- c(196.0, 10201.0, 2025.0, 2401.0, 729.0, 529.0, 324.0, 4096.0, 100.0, 576.0, 2704.0, 5776.0, 121.0, 9216.0, 3136.0, 2025.0, 1849.0, 144.0, 676.0, 784.0, 1764.0, 121.0, 3969.0, 7569.0, 256.0, 9604.0, 2209.0, 5041.0, 1764.0) 

21 : 

x <- c(196.0, 10201.0, 2025.0, 2401.0, 729.0, 529.0, 324.0, 4096.0, 100.0, 576.0, 2704.0, 5776.0, 121.0, 9216.0, 3136.0, 2025.0, 1849.0, 144.0, 676.0, 784.0, 1764.0, 121.0, 3969.0, 7569.0, 256.0, 9604.0, 2209.0, 5041.0, 1764.0) 

22 : 

x <- c(196.0, 10201.0, 2025.0, 2401.0, 729.0, 529.0, 324.0, 4096.0, 100.0, 576.0, 2704.0, 5776.0, 121.0, 9216.0, 3136.0, 2025.0, 1849.0, 144.0, 676.0, 784.0, 1764.0, 121.0, 3969.0, 7569.0, 256.0, 9604.0, 2209.0, 5041.0, 1764.0) 

23 : 

x <- c(196.0, 10201.0, 2025.0, 2401.0, 729.0, 529.0, 324.0, 4096.0, 100.0, 576.0, 2704.0, 5776.0, 121.0, 9216.0, 3136.0, 2025.0, 1849.0, 144.0, 676.0, 784.0, 1764.0, 121.0, 3969.0, 7569.0, 256.0, 9604.0, 2209.0, 5041.0, 1764.0) 

24 : 

x <- c(196.0, 10201.0, 2025.0, 2401.0, 729.0, 529.0, 324.0, 4096.0, 100.0, 576.0, 2704.0, 5776.0, 121.0, 9216.0, 3136.0, 2025.0, 1849.0, 144.0, 676.0, 784.0, 1764.0, 121.0, 3969.0, 7569.0, 256.0, 9604.0, 2209.0, 5041.0, 1764.0) 

25 : 

x <- c(196.0, 10201.0, 2025.0, 2401.0, 729.0, 529.0, 324.0, 4096.0, 100.0, 576.0, 2704.0, 5776.0, 121.0, 9216.0, 3136.0, 2025.0, 1849.0, 144.0, 676.0, 784.0, 1764.0, 121.0, 3969.0, 7569.0, 256.0, 9604.0, 2209.0, 5041.0, 1764.0) 

26 : 

x <- c(196.0, 10201.0, 2025.0, 2401.0, 729.0, 529.0, 324.0, 4096.0, 100.0, 576.0, 2704.0, 5776.0, 121.0, 9216.0, 3136.0, 2025.0, 1849.0, 144.0, 676.0, 784.0, 1764.0, 121.0, 3969.0, 7569.0, 256.0, 9604.0, 2209.0, 5041.0, 1764.0) 

27 : 

x <- c(196.0, 10201.0, 2025.0, 2401.0, 729.0, 529.0, 324.0, 4096.0, 100.0, 576.0, 2704.0, 5776.0, 121.0, 9216.0, 3136.0, 2025.0, 1849.0, 144.0, 676.0, 784.0, 1764.0, 121.0, 3969.0, 7569.0, 256.0, 9604.0, 2209.0, 5041.0, 1764.0) 

28 : 

