med: 688.57226879502/desvio: 17.654891687795907


Funcoes: 

1 : Expressao: ((Sin[X1]))
2 : Expressao: ((0.3897807382151909*((X1/0.6054771791021183)-0.24871224645985737)))
3 : Expressao: (X1)
4 : Expressao: ((Sin[X1]))
5 : Expressao: ((Sin[X1]))
6 : Expressao: ((0.6784940330304386*X1))
7 : Expressao: (X1)
8 : Expressao: ((Sin[X1]))
9 : Expressao: ((0.9141209166353086*X1))
10 : Expressao: (((Power[Abs[0.8688623799549611],X0])*(Sin[X1])))
11 : Expressao: ((0.7829574364701926*X1))
12 : Expressao: ((X1*0.8458668205592338))
13 : Expressao: ((Sin[X1]))
14 : Expressao: ((0.7363180715977838*X1))
15 : Expressao: (((X1+X1)*0.33346243257392966))
16 : Expressao: ((Sin[X1]))
17 : Expressao: ((Sin[X1]))
18 : Expressao: (((Sin[(0.8904835345318554*X1)])/0.9990741002966165))
19 : Expressao: ((Sin[X1]))
20 : Expressao: ((Sin[X1]))
21 : Expressao: ((0.7852068291174742*X1))
22 : Expressao: (((Tan[(Sin[X1])])*0.7719535597729605))
23 : Expressao: ((((Tan[X1])*(Cos[X1]))*(Power[Abs[1.0],(0.5866646712293958/X0)])))
24 : Expressao: ((Sin[(0.8729502061829955*X1)]))
25 : Expressao: ((Sin[X1]))
26 : Expressao: ((Sin[X1]))
27 : Expressao: ((Tan[(Sin[(0.5098565935378352*X1)])]))
28 : Expressao: (((Sin[X1])-(X1*0.07726387311248417)))
29 : Expressao: ((Sin[X1]))
30 : Expressao: (((Power[Abs[X1],0.32812242204472997])*(Sin[X1])))
Erros: 

1 : 

x <- c(43076.580966978014, 529529.9433724893, 5103.067629673148, 621.5183357142388, 18698.756863359187, 168739.10682092074, 227174.8593082981, 2018613.4830139417, 34490.89570012659, 550385.210240361, 66121.76326155158, 5946.918969287566, 6137.224205784485, 774999.2865505047, 1257788.6091520276, 14586.766619244518, 41986.416473791374, 95598.67376531912, 86647.2408439692, 1575357.908228184, 354738.81850264035, 223826.8019143367, 98090.49196898226, 4793.967183394109, 266430.0752579535, 1842482.8302156024, 937132.6409566385, 106419.01178300368, 7313.699509886434, 182869.10846773224, 143083.11624025705, 1272482.336448642, 272131.52757273015, 504444.0724465777, 117919.28466330789, 75766.22992988727, 1008846.8618324471, 3570611.1569670863) 

2 : 

x <- c(132642.75310205657, 845916.990010028, 17147.69616659871, 48570.37944330977, 3297.598360717243, 332627.5587969817, 430554.90436857124, 1939034.1968553306, 20596.90326002282, 468319.02907982125, 183736.34593728307, 74061.74386093975, 74764.17809585227, 1156550.5234220843, 692451.1985235291, 604676.3630276029, 119397.53800600558, 244815.0674136362, 227360.35990691005, 1256241.5786622497, 278733.86586243927, 312135.4338540889, 258260.4487831709, 8775.718122353559, 505893.6959670343, 2038351.3507432884, 51750.374972635356, 154834.09419250904, 7.687626838435949, 388252.8248385868, 239460.0103035288, 1150774.8923435195, 208165.32155671236, 645085.1085302988, 255129.81969364572, 136712.29650671405, 1245434.286002445, 1593314.8714381023) 

3 : 

x <- c(39204.0, 466489.0, 373321.0, 1764.0, 36100.0, 157609.0, 112225.0, 3359889.0, 126736.0, 592900.0, 57600.0, 4.0, 0.0, 643204.0, 74529.0, 2056356.0, 40000.0, 77284.0, 25921.0, 2232036.0, 471969.0, 223729.0, 64516.0, 63001.0, 207936.0, 1020100.0, 1010025.0, 676.0, 170569.0, 129600.0, 9604.0, 2247001.0, 318096.0, 504100.0, 25281.0, 1089.0, 525625.0, 375769.0) 

4 : 

x <- c(43076.580966978014, 529529.9433724893, 5103.067629673148, 621.5183357142388, 18698.756863359187, 168739.10682092074, 227174.8593082981, 2018613.4830139417, 34490.89570012659, 550385.210240361, 66121.76326155158, 5946.918969287566, 6137.224205784485, 774999.2865505047, 1257788.6091520276, 14586.766619244518, 41986.416473791374, 95598.67376531912, 86647.2408439692, 1575357.908228184, 354738.81850264035, 223826.8019143367, 98090.49196898226, 4793.967183394109, 266430.0752579535, 1842482.8302156024, 937132.6409566385, 106419.01178300368, 7313.699509886434, 182869.10846773224, 143083.11624025705, 1272482.336448642, 272131.52757273015, 504444.0724465777, 117919.28466330789, 75766.22992988727, 1008846.8618324471, 3570611.1569670863) 

5 : 

x <- c(43076.580966978014, 529529.9433724893, 5103.067629673148, 621.5183357142388, 18698.756863359187, 168739.10682092074, 227174.8593082981, 2018613.4830139417, 34490.89570012659, 550385.210240361, 66121.76326155158, 5946.918969287566, 6137.224205784485, 774999.2865505047, 1257788.6091520276, 14586.766619244518, 41986.416473791374, 95598.67376531912, 86647.2408439692, 1575357.908228184, 354738.81850264035, 223826.8019143367, 98090.49196898226, 4793.967183394109, 266430.0752579535, 1842482.8302156024, 937132.6409566385, 106419.01178300368, 7313.699509886434, 182869.10846773224, 143083.11624025705, 1272482.336448642, 272131.52757273015, 504444.0724465777, 117919.28466330789, 75766.22992988727, 1008846.8618324471, 3570611.1569670863) 

6 : 

x <- c(84806.81632972135, 705388.807015487, 55007.67195207361, 19050.268504454205, 551.3357825814899, 252439.24684135534, 322704.88219560316, 2226733.38064443, 11546.632070733174, 404383.2836901116, 124941.73012595717, 35582.18497589549, 36095.9702428877, 984042.9599513063, 519606.240920435, 807107.6294294689, 75388.00008992235, 173780.55215476203, 151514.47661078375, 1473769.1322834773, 236858.54291293008, 243597.27883888688, 182011.5125553988, 10.827972505046967, 396386.8303456984, 1769430.2088544264, 129657.36273974636, 87501.68750043983, 9910.663143834943, 292319.42298681143, 155557.5680338819, 1371439.011748645, 168081.96903009864, 543622.1663994433, 171873.76750084592, 74909.53385618776, 1042617.3631143653, 1304571.0182438134) 

7 : 

x <- c(39204.0, 466489.0, 373321.0, 1764.0, 36100.0, 157609.0, 112225.0, 3359889.0, 126736.0, 592900.0, 57600.0, 4.0, 0.0, 643204.0, 74529.0, 2056356.0, 40000.0, 77284.0, 25921.0, 2232036.0, 471969.0, 223729.0, 64516.0, 63001.0, 207936.0, 1020100.0, 1010025.0, 676.0, 170569.0, 129600.0, 9604.0, 2247001.0, 318096.0, 504100.0, 25281.0, 1089.0, 525625.0, 375769.0) 

8 : 

x <- c(43076.580966978014, 529529.9433724893, 5103.067629673148, 621.5183357142388, 18698.756863359187, 168739.10682092074, 227174.8593082981, 2018613.4830139417, 34490.89570012659, 550385.210240361, 66121.76326155158, 5946.918969287566, 6137.224205784485, 774999.2865505047, 1257788.6091520276, 14586.766619244518, 41986.416473791374, 95598.67376531912, 86647.2408439692, 1575357.908228184, 354738.81850264035, 223826.8019143367, 98090.49196898226, 4793.967183394109, 266430.0752579535, 1842482.8302156024, 937132.6409566385, 106419.01178300368, 7313.699509886434, 182869.10846773224, 143083.11624025705, 1272482.336448642, 272131.52757273015, 504444.0724465777, 117919.28466330789, 75766.22992988727, 1008846.8618324471, 3570611.1569670863) 

9 : 

x <- c(49684.15287115753, 525485.0578166627, 260550.12099694702, 37.04883875087149, 21176.112826176726, 180763.43064152144, 157812.9845976656, 3034472.310838425, 83873.92754215829, 539024.5472151395, 73067.3909335076, 2393.243251788475, 2575.46377304426, 727180.9035803882, 154153.64634222887, 1666502.7385077763, 48364.118661313914, 99284.3883091238, 49270.07635843954, 2014142.347640641, 401311.88614194264, 228953.39819741555, 90066.9465306928, 33516.51275019122, 252374.80714020488, 1200186.103761527, 693442.6999528958, 3595.1358230817846, 108420.97502735112, 166675.03049706246, 31390.9820087454, 1992074.930356007, 273380.9149324649, 514510.98531885527, 51650.90760149971, 2393.473096417964, 646559.3206564622, 569046.1255979955) 

10 : 

