med: 26540.505968133908/desvio: 33.331108372511814


Funcoes: 

1 : Expressao: (X1)
2 : Expressao: (X1)
3 : Expressao: (X1)
4 : Expressao: (X1)
5 : Expressao: (X1)
6 : Expressao: (X1)
7 : Expressao: (X1)
8 : Expressao: (X1)
9 : Expressao: (X1)
10 : Expressao: (X1)
11 : Expressao: (X1)
12 : Expressao: (X1)
13 : Expressao: (X1)
14 : Expressao: (X1)
15 : Expressao: (X1)
16 : Expressao: (X1)
17 : Expressao: (X1)
18 : Expressao: (X1)
19 : Expressao: (X1)
20 : Expressao: (X1)
21 : Expressao: (X1)
22 : Expressao: (X1)
23 : Expressao: (X1)
24 : Expressao: (X1)
25 : Expressao: (X1)
26 : Expressao: (X1)
27 : Expressao: (((0.5587221863954187*X1)/0.5689802490771401))
28 : Expressao: (X1)
29 : Expressao: (X1)
30 : Expressao: (X1)
Erros: 

1 : 

x <- c(8.70489E7, 2.1049744E9, 1.3053769E9, 4.94209E7, 9.998244E8, 1.1082241E9, 5.308416E8, 1.0725625E9, 6100900.0, 5.673924E8, 7.95664E7, 4.734976E8, 3.606201E8, 1.1999296E9, 1.6443025E9, 3.89376E7, 2.6368225E9, 6.806881E8, 1.962801E8, 5.262436E8, 2.244004E8, 1.896129E8, 9.35089E7, 2.663424E8, 3.048516E8, 9.126441E8, 8.779369E8, 4.293184E8, 1.2845056E9, 8.844676E8, 4.613904E8, 4.5796E8, 3.444736E8, 4.511376E8, 1.075369E8, 2.742336E8, 1.014049E8, 1.6008001E9, 1.0297681E9, 6.98896E7, 8.667136E8, 9.431041E8, 1.879641E8, 9.096256E8, 1.737124E8, 1.1909401E9, 9610000.0, 3.24E8, 8.87364E7, 8.862529E8, 1.0923025E9, 4.95616E7, 1.1553201E9, 5.621641E8, 3.790809E8, 1.7397241E9, 4.950625E8, 1.11556E9, 3.51649E7, 6.492304E8, 2.782224E8, 2.2259524E9, 1.4531344E9, 7398400.0, 1.9377604E9, 1.59201E9, 1.674436E8, 1.9421649E9, 2.292196E8, 1.38384E9, 2.34256E7, 2.839225E8, 1.648656E8, 1.6573041E9, 1.7598025E9, 4243600.0, 2.1613201E9, 1.4531344E9, 1.669264E8, 7.080921E8, 8.06404E7, 6.066369E8, 1.27449E7, 1.503076E8, 6.285049E8, 8.433216E8, 2.0930625E9, 3.88129E7, 2.1261321E9, 7.745089E8, 1.179396E8, 2.719201E8, 4.756761E8, 8.2944E8, 3.38724E7, 3.790809E8, 1.183744E8, 9.928801E8) 

2 : 

x <- c(8.70489E7, 2.1049744E9, 1.3053769E9, 4.94209E7, 9.998244E8, 1.1082241E9, 5.308416E8, 1.0725625E9, 6100900.0, 5.673924E8, 7.95664E7, 4.734976E8, 3.606201E8, 1.1999296E9, 1.6443025E9, 3.89376E7, 2.6368225E9, 6.806881E8, 1.962801E8, 5.262436E8, 2.244004E8, 1.896129E8, 9.35089E7, 2.663424E8, 3.048516E8, 9.126441E8, 8.779369E8, 4.293184E8, 1.2845056E9, 8.844676E8, 4.613904E8, 4.5796E8, 3.444736E8, 4.511376E8, 1.075369E8, 2.742336E8, 1.014049E8, 1.6008001E9, 1.0297681E9, 6.98896E7, 8.667136E8, 9.431041E8, 1.879641E8, 9.096256E8, 1.737124E8, 1.1909401E9, 9610000.0, 3.24E8, 8.87364E7, 8.862529E8, 1.0923025E9, 4.95616E7, 1.1553201E9, 5.621641E8, 3.790809E8, 1.7397241E9, 4.950625E8, 1.11556E9, 3.51649E7, 6.492304E8, 2.782224E8, 2.2259524E9, 1.4531344E9, 7398400.0, 1.9377604E9, 1.59201E9, 1.674436E8, 1.9421649E9, 2.292196E8, 1.38384E9, 2.34256E7, 2.839225E8, 1.648656E8, 1.6573041E9, 1.7598025E9, 4243600.0, 2.1613201E9, 1.4531344E9, 1.669264E8, 7.080921E8, 8.06404E7, 6.066369E8, 1.27449E7, 1.503076E8, 6.285049E8, 8.433216E8, 2.0930625E9, 3.88129E7, 2.1261321E9, 7.745089E8, 1.179396E8, 2.719201E8, 4.756761E8, 8.2944E8, 3.38724E7, 3.790809E8, 1.183744E8, 9.928801E8) 

3 : 

x <- c(8.70489E7, 2.1049744E9, 1.3053769E9, 4.94209E7, 9.998244E8, 1.1082241E9, 5.308416E8, 1.0725625E9, 6100900.0, 5.673924E8, 7.95664E7, 4.734976E8, 3.606201E8, 1.1999296E9, 1.6443025E9, 3.89376E7, 2.6368225E9, 6.806881E8, 1.962801E8, 5.262436E8, 2.244004E8, 1.896129E8, 9.35089E7, 2.663424E8, 3.048516E8, 9.126441E8, 8.779369E8, 4.293184E8, 1.2845056E9, 8.844676E8, 4.613904E8, 4.5796E8, 3.444736E8, 4.511376E8, 1.075369E8, 2.742336E8, 1.014049E8, 1.6008001E9, 1.0297681E9, 6.98896E7, 8.667136E8, 9.431041E8, 1.879641E8, 9.096256E8, 1.737124E8, 1.1909401E9, 9610000.0, 3.24E8, 8.87364E7, 8.862529E8, 1.0923025E9, 4.95616E7, 1.1553201E9, 5.621641E8, 3.790809E8, 1.7397241E9, 4.950625E8, 1.11556E9, 3.51649E7, 6.492304E8, 2.782224E8, 2.2259524E9, 1.4531344E9, 7398400.0, 1.9377604E9, 1.59201E9, 1.674436E8, 1.9421649E9, 2.292196E8, 1.38384E9, 2.34256E7, 2.839225E8, 1.648656E8, 1.6573041E9, 1.7598025E9, 4243600.0, 2.1613201E9, 1.4531344E9, 1.669264E8, 7.080921E8, 8.06404E7, 6.066369E8, 1.27449E7, 1.503076E8, 6.285049E8, 8.433216E8, 2.0930625E9, 3.88129E7, 2.1261321E9, 7.745089E8, 1.179396E8, 2.719201E8, 4.756761E8, 8.2944E8, 3.38724E7, 3.790809E8, 1.183744E8, 9.928801E8) 

4 : 

x <- c(8.70489E7, 2.1049744E9, 1.3053769E9, 4.94209E7, 9.998244E8, 1.1082241E9, 5.308416E8, 1.0725625E9, 6100900.0, 5.673924E8, 7.95664E7, 4.734976E8, 3.606201E8, 1.1999296E9, 1.6443025E9, 3.89376E7, 2.6368225E9, 6.806881E8, 1.962801E8, 5.262436E8, 2.244004E8, 1.896129E8, 9.35089E7, 2.663424E8, 3.048516E8, 9.126441E8, 8.779369E8, 4.293184E8, 1.2845056E9, 8.844676E8, 4.613904E8, 4.5796E8, 3.444736E8, 4.511376E8, 1.075369E8, 2.742336E8, 1.014049E8, 1.6008001E9, 1.0297681E9, 6.98896E7, 8.667136E8, 9.431041E8, 1.879641E8, 9.096256E8, 1.737124E8, 1.1909401E9, 9610000.0, 3.24E8, 8.87364E7, 8.862529E8, 1.0923025E9, 4.95616E7, 1.1553201E9, 5.621641E8, 3.790809E8, 1.7397241E9, 4.950625E8, 1.11556E9, 3.51649E7, 6.492304E8, 2.782224E8, 2.2259524E9, 1.4531344E9, 7398400.0, 1.9377604E9, 1.59201E9, 1.674436E8, 1.9421649E9, 2.292196E8, 1.38384E9, 2.34256E7, 2.839225E8, 1.648656E8, 1.6573041E9, 1.7598025E9, 4243600.0, 2.1613201E9, 1.4531344E9, 1.669264E8, 7.080921E8, 8.06404E7, 6.066369E8, 1.27449E7, 1.503076E8, 6.285049E8, 8.433216E8, 2.0930625E9, 3.88129E7, 2.1261321E9, 7.745089E8, 1.179396E8, 2.719201E8, 4.756761E8, 8.2944E8, 3.38724E7, 3.790809E8, 1.183744E8, 9.928801E8) 

5 : 

x <- c(8.70489E7, 2.1049744E9, 1.3053769E9, 4.94209E7, 9.998244E8, 1.1082241E9, 5.308416E8, 1.0725625E9, 6100900.0, 5.673924E8, 7.95664E7, 4.734976E8, 3.606201E8, 1.1999296E9, 1.6443025E9, 3.89376E7, 2.6368225E9, 6.806881E8, 1.962801E8, 5.262436E8, 2.244004E8, 1.896129E8, 9.35089E7, 2.663424E8, 3.048516E8, 9.126441E8, 8.779369E8, 4.293184E8, 1.2845056E9, 8.844676E8, 4.613904E8, 4.5796E8, 3.444736E8, 4.511376E8, 1.075369E8, 2.742336E8, 1.014049E8, 1.6008001E9, 1.0297681E9, 6.98896E7, 8.667136E8, 9.431041E8, 1.879641E8, 9.096256E8, 1.737124E8, 1.1909401E9, 9610000.0, 3.24E8, 8.87364E7, 8.862529E8, 1.0923025E9, 4.95616E7, 1.1553201E9, 5.621641E8, 3.790809E8, 1.7397241E9, 4.950625E8, 1.11556E9, 3.51649E7, 6.492304E8, 2.782224E8, 2.2259524E9, 1.4531344E9, 7398400.0, 1.9377604E9, 1.59201E9, 1.674436E8, 1.9421649E9, 2.292196E8, 1.38384E9, 2.34256E7, 2.839225E8, 1.648656E8, 1.6573041E9, 1.7598025E9, 4243600.0, 2.1613201E9, 1.4531344E9, 1.669264E8, 7.080921E8, 8.06404E7, 6.066369E8, 1.27449E7, 1.503076E8, 6.285049E8, 8.433216E8, 2.0930625E9, 3.88129E7, 2.1261321E9, 7.745089E8, 1.179396E8, 2.719201E8, 4.756761E8, 8.2944E8, 3.38724E7, 3.790809E8, 1.183744E8, 9.928801E8) 

6 : 

x <- c(8.70489E7, 2.1049744E9, 1.3053769E9, 4.94209E7, 9.998244E8, 1.1082241E9, 5.308416E8, 1.0725625E9, 6100900.0, 5.673924E8, 7.95664E7, 4.734976E8, 3.606201E8, 1.1999296E9, 1.6443025E9, 3.89376E7, 2.6368225E9, 6.806881E8, 1.962801E8, 5.262436E8, 2.244004E8, 1.896129E8, 9.35089E7, 2.663424E8, 3.048516E8, 9.126441E8, 8.779369E8, 4.293184E8, 1.2845056E9, 8.844676E8, 4.613904E8, 4.5796E8, 3.444736E8, 4.511376E8, 1.075369E8, 2.742336E8, 1.014049E8, 1.6008001E9, 1.0297681E9, 6.98896E7, 8.667136E8, 9.431041E8, 1.879641E8, 9.096256E8, 1.737124E8, 1.1909401E9, 9610000.0, 3.24E8, 8.87364E7, 8.862529E8, 1.0923025E9, 4.95616E7, 1.1553201E9, 5.621641E8, 3.790809E8, 1.7397241E9, 4.950625E8, 1.11556E9, 3.51649E7, 6.492304E8, 2.782224E8, 2.2259524E9, 1.4531344E9, 7398400.0, 1.9377604E9, 1.59201E9, 1.674436E8, 1.9421649E9, 2.292196E8, 1.38384E9, 2.34256E7, 2.839225E8, 1.648656E8, 1.6573041E9, 1.7598025E9, 4243600.0, 2.1613201E9, 1.4531344E9, 1.669264E8, 7.080921E8, 8.06404E7, 6.066369E8, 1.27449E7, 1.503076E8, 6.285049E8, 8.433216E8, 2.0930625E9, 3.88129E7, 2.1261321E9, 7.745089E8, 1.179396E8, 2.719201E8, 4.756761E8, 8.2944E8, 3.38724E7, 3.790809E8, 1.183744E8, 9.928801E8) 

7 : 

